JD_11548841,2021-02-28,102,0,102,0,0,0,0
JD_11548840,2021-02-28,146,0,145,0,1,0,0
JD_11548837,2021-02-28,111,63,79,2,1,0,0
JD_11548836,2021-02-28,104,0,103,1,0,0,0
JD_11548835,2021-02-28,119,0,117,2,0,0,0
JD_11548834,2021-02-28,98,1,94,1,3,0,0
JD_11548832,2021-02-28,1308,519,1198,26,11,1,10
JD_11548831,2021-02-28,24,23,5,0,0,0,0
JD_11548830,2021-02-28,33,26,11,0,0,0,0
JD_11548828,2021-02-28,1,1,1,0,0,0,0
JD_11548827,2021-02-28,33,30,5,0,0,0,0
JD_11548826,2021-02-28,1,0,1,0,0,0,0
JD_11548825,2021-02-28,51,42,17,0,0,0,0
JD_11548824,2021-02-28,42,36,10,1,0,0,0
JD_11548823,2021-02-28,2,1,2,0,0,0,0
JD_11548822,2021-02-28,2,0,2,0,0,0,0
JD_11548821,2021-02-28,1,0,1,0,0,0,0
JD_11548820,2021-02-28,419,295,385,0,1,0,0
JD_11548819,2021-02-28,14,6,11,1,0,0,0
JD_11548818,2021-02-28,28,14,22,0,1,0,0
JD_11548817,2021-02-28,9,6,7,0,0,0,0
JD_11548815,2021-02-28,12,9,4,0,0,0,0
JD_11548813,2021-02-28,52,28,42,0,0,0,0
JD_11548810,2021-02-28,5,0,4,0,1,0,0
JD_11548809,2021-02-28,114,86,52,0,0,0,0
JD_11548808,2021-02-28,1032,794,556,6,0,1,4
JD_11548807,2021-02-28,4,2,3,0,0,0,0
JD_11548805,2021-02-28,122,18,120,2,0,0,0
JD_11548803,2021-02-28,2,1,2,0,0,0,0
JD_11548800,2021-02-28,199,59,154,6,1,0,2
JD_11548799,2021-02-28,10,5,9,0,0,0,0
JD_11548797,2021-02-28,2,2,1,0,0,0,0
JD_11548796,2021-02-28,0,0,0,0,0,0,0
JD_11548793,2021-02-28,10,4,7,1,0,0,0
JD_11548791,2021-02-28,9,7,4,0,0,0,0
JD_11548790,2021-02-28,0,0,0,0,0,0,0
JD_11548789,2021-02-28,0,0,0,0,0,0,0
JD_11548788,2021-02-28,0,0,0,0,0,0,0
JD_11548787,2021-02-28,32,21,22,0,0,0,0
JD_11548784,2021-02-28,0,0,0,0,0,0,0
JD_11548783,2021-02-28,0,0,0,0,0,0,0
JD_11548782,2021-02-28,0,0,0,0,0,0,0
JD_11548781,2021-02-28,103,68,75,0,0,0,1
JD_11548780,2021-02-28,13,6,9,0,0,0,0
JD_11548779,2021-02-28,22,18,12,0,0,0,0
JD_11548778,2021-02-28,250,0,244,5,1,0,0
JD_11548777,2021-02-28,111,65,107,0,0,1,1
JD_11548776,2021-02-28,68,26,66,1,1,0,0
JD_11548775,2021-02-28,82,44,71,2,1,0,0
JD_11548774,2021-02-28,121,62,116,4,1,0,1
JD_11548773,2021-02-28,20,13,14,0,0,0,0
JD_11548772,2021-02-28,14,1,14,0,0,0,0
JD_11548771,2021-02-28,18,6,18,0,0,0,1
JD_11548770,2021-02-28,90,40,77,2,1,0,1
JD_11548768,2021-02-28,32,9,31,1,0,0,1
JD_11548767,2021-02-28,43,8,41,0,2,0,1
JD_11548766,2021-02-28,40,12,26,1,1,0,0
JD_11548765,2021-02-28,252,77,232,5,0,0,0
JD_11548764,2021-02-28,5,4,4,0,0,0,0
JD_11548763,2021-02-28,1,0,1,0,0,0,0
JD_11548761,2021-02-28,4,1,2,1,0,0,0
JD_11548760,2021-02-28,103,0,101,2,0,0,0
JD_11548758,2021-02-28,0,0,0,0,0,0,0
JD_11548757,2021-02-28,4,4,0,0,0,0,0
JD_11548756,2021-02-28,9,6,6,0,0,0,0
JD_11548754,2021-02-28,48,23,43,1,0,0,1
JD_11548753,2021-02-28,42,19,39,1,0,0,0
JD_11548752,2021-02-28,4,4,2,0,0,0,0
JD_11548751,2021-02-28,80,47,58,0,1,0,0
JD_11548750,2021-02-28,23,4,19,1,1,0,1
