JD_12458925,2021-02-28,370,307,154,2,0,0,0
JD_12458924,2021-02-28,13,8,5,0,0,0,0
JD_12458923,2021-02-28,622,544,112,0,0,1,2
JD_12458922,2021-02-28,9,7,2,0,0,0,0
JD_12458921,2021-02-28,208,172,100,0,0,0,0
JD_12458919,2021-02-28,6291,5514,2423,5,2,4,5
JD_12458917,2021-02-28,3416,2886,2988,6,2,5,6
JD_12458915,2021-02-28,1402,1144,694,3,1,0,4
JD_12458914,2021-02-28,344,264,159,2,0,0,1
JD_12458913,2021-02-28,2852,2403,1384,3,5,2,3
JD_12458912,2021-02-28,16,16,7,0,0,0,0
JD_12458911,2021-02-28,52,46,8,0,0,0,0
JD_12458910,2021-02-28,328,277,64,0,0,0,1
JD_12458909,2021-02-28,2,2,0,0,0,0,0
JD_12458908,2021-02-28,434,365,250,1,0,1,0
JD_12458907,2021-02-28,4,4,0,0,0,0,0
JD_12458906,2021-02-28,166,134,100,0,0,0,0
JD_12458905,2021-02-28,23,22,1,0,0,0,0
JD_12458904,2021-02-28,148,112,101,0,0,0,0
JD_12458903,2021-02-28,0,0,0,0,0,0,0
JD_12458902,2021-02-28,1,1,0,0,0,0,0
JD_12458901,2021-02-28,1,1,0,0,0,0,0
JD_12458900,2021-02-28,104,75,39,0,0,0,0
JD_12458899,2021-02-28,174,142,39,0,0,0,0
JD_12458898,2021-02-28,31,29,14,0,0,0,0
JD_12458897,2021-02-28,311,274,53,0,0,0,0
JD_12458896,2021-02-28,82,62,26,0,0,0,1
JD_12458895,2021-02-28,57,48,9,0,0,0,0
JD_12458894,2021-02-28,37,31,7,0,0,0,0
JD_12458680,2021-02-28,0,0,0,0,0,0,0
JD_12458679,2021-02-28,66,51,22,0,0,0,0
JD_12458678,2021-02-28,35,25,34,0,0,0,0
JD_12458677,2021-02-28,5,5,0,0,0,0,0
JD_12458676,2021-02-28,44,29,18,1,0,0,0
JD_12458675,2021-02-28,8,8,2,0,0,0,0
JD_12458674,2021-02-28,105,89,16,0,0,0,0
JD_12458673,2021-02-28,17,17,0,0,0,0,0
JD_12458672,2021-02-28,15,10,7,0,0,0,0
JD_12458671,2021-02-28,18,13,5,0,0,0,0
JD_12458670,2021-02-28,1,1,0,0,0,0,0
JD_12458669,2021-02-28,56,47,12,0,1,0,0
JD_12458668,2021-02-28,1,1,0,0,0,0,0
JD_12458667,2021-02-28,118,90,34,0,0,0,0
JD_12458666,2021-02-28,18,16,3,0,0,0,0
JD_12458665,2021-02-28,190,150,49,0,0,0,0
JD_12458664,2021-02-28,6,6,0,0,0,0,0
JD_12458663,2021-02-28,0,0,0,0,0,0,0
JD_12458662,2021-02-28,4,4,0,0,0,0,0
JD_12458661,2021-02-28,8,7,1,0,0,0,0
JD_12458660,2021-02-28,2,2,0,0,0,0,0
JD_12458659,2021-02-28,127,94,33,0,4,0,3
JD_12458658,2021-02-28,0,0,0,0,0,0,0
JD_12458657,2021-02-28,64,50,16,1,1,0,0
JD_12458656,2021-02-28,375,332,49,0,0,0,0
JD_12458647,2021-02-28,1211,1004,1170,4,1,1,5
JD_12458646,2021-02-28,11,9,2,0,0,0,0
JD_12458645,2021-02-28,113,92,50,0,0,0,0
JD_12458644,2021-02-28,84,62,31,0,0,0,0
JD_12458643,2021-02-28,25,24,1,0,0,0,0
JD_12458642,2021-02-28,3,3,1,0,0,0,0
JD_12458641,2021-02-28,35,34,11,0,0,0,0
JD_12458640,2021-02-28,0,0,0,0,0,0,0
JD_12458639,2021-02-28,11,9,2,0,0,0,0
JD_12458637,2021-02-28,4,3,1,0,0,0,0
JD_12458636,2021-02-28,0,0,0,0,0,0,0
JD_12458635,2021-02-28,39,29,25,0,0,0,0
JD_12458634,2021-02-28,0,0,0,0,0,0,0
JD_12458633,2021-02-28,164,136,33,0,0,0,1
JD_12458632,2021-02-28,72,65,12,0,0,0,0
JD_12458631,2021-02-28,26,24,3,0,0,0,0
