JD_11398084,2021-02-28,4,3,2,0,0,0,0
JD_11398082,2021-02-28,83,70,24,0,0,0,0
JD_11398081,2021-02-28,7,4,5,0,0,0,0
JD_11398079,2021-02-28,4,3,1,0,0,0,0
JD_11398078,2021-02-28,339,0,329,7,3,0,0
JD_11398077,2021-02-28,77,49,44,2,0,0,2
JD_11398076,2021-02-28,147,88,123,0,0,0,0
JD_11398074,2021-02-28,57,28,48,0,0,0,0
JD_11398073,2021-02-28,45,28,41,1,0,0,1
JD_11398068,2021-02-28,393,285,356,2,1,1,0
JD_11398066,2021-02-28,74,25,73,0,0,0,0
JD_11398060,2021-02-28,43,24,36,0,0,1,0
JD_11398059,2021-02-28,217,156,175,2,0,0,0
JD_11398057,2021-02-28,1,0,1,0,0,0,0
JD_11398056,2021-02-28,7,3,4,0,0,0,0
JD_11398055,2021-02-28,2,0,3,0,0,0,0
JD_11398054,2021-02-28,69,21,65,4,0,0,1
JD_11398053,2021-02-28,3,3,1,0,0,0,0
JD_11398052,2021-02-28,4,3,3,0,0,0,0
JD_11398051,2021-02-28,0,0,0,0,0,0,0
JD_11398050,2021-02-28,2,1,1,0,0,0,0
JD_11398048,2021-02-28,0,0,0,0,0,0,0
JD_11398044,2021-02-28,2,2,0,0,0,0,0
JD_11398043,2021-02-28,21,6,18,0,1,0,0
JD_11398042,2021-02-28,30,14,30,0,0,0,0
JD_11398041,2021-02-28,11,4,11,0,0,0,0
JD_11398040,2021-02-28,3,2,2,0,0,0,0
JD_11398039,2021-02-28,8,3,4,0,2,0,0
JD_11398038,2021-02-28,9,4,8,0,0,0,0
JD_11398036,2021-02-28,1,0,1,0,0,0,0
JD_11398034,2021-02-28,25,10,24,0,0,0,0
JD_11398033,2021-02-28,5,2,5,0,0,0,0
JD_11398032,2021-02-28,12,0,12,0,0,0,0
JD_11398029,2021-02-28,4,4,1,0,0,0,0
JD_11398026,2021-02-28,271,176,231,4,0,1,0
JD_11398025,2021-02-28,7,3,4,0,0,0,0
JD_11398024,2021-02-28,8,3,8,0,0,0,0
JD_11398023,2021-02-28,0,0,0,0,0,0,0
JD_11398022,2021-02-28,20,9,15,0,0,0,0
JD_11398021,2021-02-28,0,0,0,0,0,0,0
JD_11398020,2021-02-28,2,0,2,0,0,0,0
JD_11398019,2021-02-28,78,24,62,2,0,0,1
JD_11398018,2021-02-28,0,0,0,0,0,0,0
JD_11398017,2021-02-28,2,1,2,0,0,0,0
JD_11398016,2021-02-28,2,2,2,0,0,0,0
JD_11398015,2021-02-28,4,2,3,0,0,0,0
JD_11398014,2021-02-28,5,3,2,1,0,0,0
JD_11398013,2021-02-28,49,37,24,0,0,0,0
JD_11398012,2021-02-28,5,0,5,0,0,0,0
JD_11398010,2021-02-28,0,0,0,0,0,0,0
JD_11398007,2021-02-28,0,0,0,0,0,0,0
JD_11398004,2021-02-28,0,0,0,0,0,0,0
JD_11398000,2021-02-28,21,17,17,0,0,0,0
JD_11397998,2021-02-28,0,0,0,0,0,0,0
JD_11397995,2021-02-28,4,2,2,0,0,0,0
JD_11397994,2021-02-28,59170,46215,26180,103,77,28,89
JD_11397993,2021-02-28,3,1,2,0,0,0,0
JD_11397992,2021-02-28,4,4,2,0,0,0,0
JD_11397991,2021-02-28,0,0,0,0,0,0,0
JD_11397989,2021-02-28,3,1,2,0,0,0,0
JD_11397988,2021-02-28,10,5,8,0,0,0,0
JD_11397987,2021-02-28,0,0,0,0,0,0,0
JD_11397985,2021-02-28,117,60,90,1,0,0,1
JD_11397984,2021-02-28,42,22,35,0,0,0,0
JD_11397982,2021-02-28,1551,1084,1326,2,1,3,0
JD_11397981,2021-02-28,25342,15981,16127,22,14,56,44
JD_11397980,2021-02-28,0,0,0,0,0,0,0
JD_11397979,2021-02-28,90,63,80,0,0,0,0
JD_11397978,2021-02-28,8082,6081,4776,15,10,4,11
JD_11397976,2021-02-28,8,6,8,0,0,0,0
