JD_11289758,2021-02-28,54,18,53,1,0,0,0
JD_11289757,2021-02-28,313,89,273,2,1,0,3
JD_11289756,2021-02-28,25,0,25,0,0,0,0
JD_11289755,2021-02-28,1,1,1,0,0,0,0
JD_11289753,2021-02-28,23,8,18,0,0,0,0
JD_11289752,2021-02-28,16,3,14,0,0,0,0
JD_11289751,2021-02-28,22,8,21,0,0,0,0
JD_11289750,2021-02-28,4,0,4,0,0,0,0
JD_11289749,2021-02-28,1,1,1,0,0,0,0
JD_11289748,2021-02-28,0,0,0,0,0,0,0
JD_11289747,2021-02-28,1,0,1,0,0,0,0
JD_11289744,2021-02-28,18,9,16,0,0,0,0
JD_11289743,2021-02-28,2,2,1,0,0,0,0
JD_11289742,2021-02-28,3,0,3,0,0,0,0
JD_11289727,2021-02-28,0,0,0,0,0,0,0
JD_11289726,2021-02-28,1,1,1,0,0,0,0
JD_11289725,2021-02-28,47,2,46,1,0,0,0
JD_11289723,2021-02-28,3,2,3,0,0,0,0
JD_11289716,2021-02-28,227,0,213,13,1,0,0
JD_11289715,2021-02-28,265,0,251,10,4,0,0
JD_11289714,2021-02-28,1279,0,1158,76,45,0,0
JD_11289713,2021-02-28,953,0,861,56,36,0,0
JD_11289712,2021-02-28,178,0,166,8,4,0,0
JD_11289711,2021-02-28,325,0,305,14,6,0,0
JD_11289708,2021-02-28,47,0,45,1,1,0,0
JD_11289707,2021-02-28,65,0,65,0,0,0,0
JD_11289706,2021-02-28,167,0,155,11,1,0,0
JD_11289705,2021-02-28,243,0,234,9,0,0,0
JD_11289704,2021-02-28,560,458,193,2,0,1,0
JD_11289701,2021-02-28,147,86,120,0,0,0,0
JD_11289700,2021-02-28,23,14,15,1,1,0,0
JD_11289699,2021-02-28,71,52,32,1,1,0,0
JD_11289698,2021-02-28,21,0,19,2,0,0,0
JD_11289697,2021-02-28,0,0,0,0,0,0,0
JD_11289695,2021-02-28,0,0,0,0,0,0,0
JD_11289691,2021-02-28,1,0,1,0,0,0,0
JD_11289685,2021-02-28,0,0,0,0,0,0,0
JD_11289684,2021-02-28,0,0,0,0,0,0,0
JD_11289683,2021-02-28,22,16,13,0,0,0,0
JD_11289682,2021-02-28,0,0,0,0,0,0,0
JD_11289681,2021-02-28,2,2,1,0,0,0,0
JD_11289678,2021-02-28,1,1,0,0,0,0,0
JD_11289676,2021-02-28,214,110,158,2,0,0,1
JD_11289675,2021-02-28,972,597,900,6,1,1,5
JD_11289674,2021-02-28,70,0,63,6,1,0,0
JD_11289673,2021-02-28,80,55,39,0,0,0,0
JD_11289672,2021-02-28,13,10,3,0,0,0,0
JD_11289671,2021-02-28,12,7,5,0,0,0,0
JD_11289670,2021-02-28,4,4,3,0,0,0,0
JD_11289668,2021-02-28,232,0,226,4,2,0,0
JD_11289667,2021-02-28,451,98,444,6,1,0,0
JD_11289666,2021-02-28,508,121,494,10,3,0,0
JD_11289665,2021-02-28,346,17,338,7,1,0,0
JD_11289663,2021-02-28,1,1,0,0,0,0,0
JD_11289660,2021-02-28,0,0,0,0,0,0,0
JD_11289659,2021-02-28,9,6,9,0,0,0,0
JD_11289658,2021-02-28,9,5,8,1,0,0,0
JD_11289654,2021-02-28,64,39,44,0,1,0,0
JD_11289653,2021-02-28,4,1,3,1,0,0,0
JD_11289652,2021-02-28,0,0,0,0,0,0,0
JD_11289648,2021-02-28,11,8,5,0,0,0,0
JD_11289647,2021-02-28,10,1,9,1,0,0,0
JD_11289646,2021-02-28,44,26,26,2,0,0,0
JD_11289645,2021-02-28,27,14,17,0,0,0,0
JD_11289644,2021-02-28,0,0,0,0,0,0,0
JD_11289643,2021-02-28,7,1,7,0,0,0,0
JD_11289640,2021-02-28,0,0,0,0,0,0,0
JD_11289639,2021-02-28,0,0,0,0,0,0,0
JD_11289637,2021-02-28,0,0,0,0,0,0,0
JD_11289630,2021-02-28,0,0,0,0,0,0,0
