JD_11336441,2021-02-28,520,102,508,10,2,0,0
JD_11336440,2021-02-28,7,5,4,0,0,0,0
JD_11336439,2021-02-28,21,17,7,0,0,0,0
JD_11336438,2021-02-28,13,11,7,0,0,0,0
JD_11336437,2021-02-28,12,8,8,0,0,0,0
JD_11336436,2021-02-28,0,0,0,0,0,0,0
JD_11336435,2021-02-28,9,7,3,0,0,0,0
JD_11336434,2021-02-28,3,2,1,0,1,0,0
JD_11336433,2021-02-28,29,15,25,0,0,0,0
JD_11336432,2021-02-28,22,17,10,0,0,0,0
JD_11336431,2021-02-28,2,2,0,0,0,0,0
JD_11336430,2021-02-28,18,9,14,0,0,0,0
JD_11336429,2021-02-28,16,8,10,0,2,0,0
JD_11336428,2021-02-28,1,0,1,0,0,0,0
JD_11336427,2021-02-28,2,1,1,0,0,0,0
JD_11336426,2021-02-28,1,1,1,0,0,0,0
JD_11336425,2021-02-28,2,0,2,0,0,0,0
JD_11336424,2021-02-28,44,16,37,0,0,0,1
JD_11336423,2021-02-28,9,7,7,0,0,0,0
JD_11336422,2021-02-28,0,0,0,0,0,0,0
JD_11336421,2021-02-28,0,0,0,0,0,0,0
JD_11336420,2021-02-28,8,5,5,0,0,0,0
JD_11336419,2021-02-28,3,2,2,0,0,0,0
JD_11336418,2021-02-28,2,2,0,0,0,0,0
JD_11336417,2021-02-28,2,0,2,0,0,0,0
JD_11336416,2021-02-28,0,0,0,0,0,0,0
JD_11336415,2021-02-28,11,8,7,0,0,0,0
JD_11336414,2021-02-28,2,1,2,0,0,0,0
JD_11336413,2021-02-28,9,7,6,0,0,0,0
JD_11336412,2021-02-28,0,0,0,0,0,0,0
JD_11336411,2021-02-28,17,10,10,1,0,0,0
JD_11336410,2021-02-28,4,4,1,0,0,0,0
JD_11336409,2021-02-28,11,9,5,0,0,0,0
JD_11336408,2021-02-28,99,57,58,0,0,0,0
JD_11336407,2021-02-28,3,3,1,0,0,0,0
JD_11336406,2021-02-28,1,0,1,0,0,0,0
JD_11336405,2021-02-28,552,368,326,7,4,1,0
JD_11336404,2021-02-28,1,0,1,0,0,0,0
JD_11336403,2021-02-28,18,11,9,0,0,0,1
JD_11336402,2021-02-28,0,0,0,0,0,0,0
JD_11336401,2021-02-28,4,0,4,0,0,0,0
JD_11336400,2021-02-28,7,0,7,0,0,0,0
JD_11336399,2021-02-28,25,13,15,0,0,0,0
JD_11336398,2021-02-28,18,7,14,0,0,0,0
JD_11336397,2021-02-28,3,2,1,0,0,0,0
JD_11336396,2021-02-28,8,5,6,0,0,0,0
JD_11336395,2021-02-28,0,0,0,0,0,0,0
JD_11336394,2021-02-28,3,2,2,0,0,0,0
JD_11336393,2021-02-28,1,1,0,0,0,0,0
JD_11336391,2021-02-28,5,2,3,0,0,0,0
JD_11336390,2021-02-28,4,3,1,0,0,0,0
JD_11336387,2021-02-28,2,1,2,0,0,0,0
JD_11336386,2021-02-28,11,3,10,0,0,0,0
JD_11336385,2021-02-28,13,7,12,0,0,0,0
JD_11336384,2021-02-28,2,0,2,0,0,0,0
JD_11336383,2021-02-28,9,5,9,0,0,0,0
JD_11336382,2021-02-28,9,3,8,0,0,0,0
JD_11336381,2021-02-28,6,3,4,0,0,0,0
JD_11336376,2021-02-28,18,0,18,0,0,0,0
JD_11336372,2021-02-28,30,11,27,0,0,0,0
JD_11336368,2021-02-28,26,21,6,0,0,0,0
JD_11336361,2021-02-28,14,7,12,0,0,0,0
JD_11336360,2021-02-28,14,12,11,0,0,0,0
JD_11336357,2021-02-28,15,14,12,0,0,0,0
JD_11336356,2021-02-28,17,9,13,1,0,0,0
JD_11336354,2021-02-28,30,20,28,0,0,0,0
JD_11336353,2021-02-28,37,22,30,1,0,0,1
JD_11336352,2021-02-28,0,0,0,0,0,0,0
JD_11336351,2021-02-28,2,2,1,0,0,0,0
JD_11336350,2021-02-28,3,0,3,0,0,0,0
