JD_12751295,2021-02-28,1,1,0,0,0,0,0
JD_12751294,2021-02-28,4,4,0,0,0,0,0
JD_12751293,2021-02-28,5,5,0,0,0,0,0
JD_12751292,2021-02-28,25,21,4,0,0,0,0
JD_12751291,2021-02-28,19,15,4,0,0,0,0
JD_12751290,2021-02-28,17,13,4,0,0,0,0
JD_12751289,2021-02-28,14,12,2,0,0,0,0
JD_12751288,2021-02-28,4,4,0,0,0,0,0
JD_12751287,2021-02-28,12,12,0,0,0,0,0
JD_12751286,2021-02-28,5,4,1,0,0,0,0
JD_12751285,2021-02-28,12,12,0,0,0,0,0
JD_12751284,2021-02-28,132,108,24,0,0,0,0
JD_12751283,2021-02-28,7,7,0,0,0,0,0
JD_12751282,2021-02-28,4,4,0,0,0,0,0
JD_12751281,2021-02-28,105,96,8,0,1,0,0
JD_12751280,2021-02-28,13,11,2,0,0,0,0
JD_12751279,2021-02-28,33,26,7,0,0,0,0
JD_12751278,2021-02-28,121,102,19,0,0,0,0
JD_12751277,2021-02-28,13,11,2,0,0,0,0
JD_12751276,2021-02-28,2,2,0,0,0,0,0
JD_12751275,2021-02-28,27,24,3,0,0,0,0
JD_12751274,2021-02-28,4,2,2,0,0,0,0
JD_12751273,2021-02-28,5,5,0,0,0,0,0
JD_12751269,2021-02-28,47,41,6,0,0,0,0
JD_12751268,2021-02-28,2,2,0,0,0,0,0
JD_12751266,2021-02-28,6,6,0,0,0,0,0
JD_12751265,2021-02-28,7,6,1,0,0,0,0
JD_12751264,2021-02-28,184,151,32,0,1,0,0
JD_12751263,2021-02-28,12,9,3,0,0,0,0
JD_12751262,2021-02-28,8,7,1,0,0,1,0
JD_12751261,2021-02-28,47,36,11,0,0,0,0
JD_12751260,2021-02-28,6,4,2,0,0,0,0
JD_12751259,2021-02-28,2,2,0,0,0,0,0
JD_12751247,2021-02-28,40,37,3,0,0,0,0
JD_12751246,2021-02-28,9,7,2,0,0,0,0
JD_12751245,2021-02-28,5,4,1,0,0,0,0
JD_12751244,2021-02-28,3,2,1,0,0,0,0
JD_12751242,2021-02-28,1,1,0,0,0,0,0
JD_12751240,2021-02-28,19,18,1,0,0,0,0
JD_12751239,2021-02-28,43,36,6,1,0,0,0
JD_12751238,2021-02-28,5273,4132,1130,8,3,8,19
JD_12751237,2021-02-28,23,18,5,0,0,0,0
JD_12751236,2021-02-28,171,146,25,0,0,1,0
JD_12751235,2021-02-28,0,0,0,0,0,0,0
JD_12751234,2021-02-28,114,103,11,0,0,0,0
JD_12751233,2021-02-28,7,7,0,0,0,0,0
JD_12751232,2021-02-28,5,5,0,0,0,0,0
JD_12751231,2021-02-28,4,4,0,0,0,0,0
JD_12751230,2021-02-28,3,2,1,0,0,0,0
JD_12751229,2021-02-28,22,21,1,0,0,0,0
JD_12751228,2021-02-28,25,21,3,0,1,0,0
JD_12751227,2021-02-28,43,39,4,0,0,0,0
JD_12750624,2021-02-28,2,2,0,0,0,0,0
JD_12750623,2021-02-28,5,5,0,0,0,0,0
JD_12750622,2021-02-28,485,371,114,0,0,1,0
JD_12750621,2021-02-28,3,3,0,0,0,0,0
JD_12750620,2021-02-28,0,0,0,0,0,0,0
JD_12750619,2021-02-28,4,4,0,0,0,0,0
JD_12750618,2021-02-28,1,1,0,0,0,0,0
JD_12750617,2021-02-28,2,2,0,0,0,0,0
JD_12750615,2021-02-28,4,4,0,0,0,0,0
JD_12750613,2021-02-28,9,9,0,0,0,0,0
JD_12750611,2021-02-28,9,9,0,0,0,0,0
JD_12750609,2021-02-28,2,1,1,0,0,0,0
JD_12750607,2021-02-28,4,3,1,0,0,0,0
JD_12750602,2021-02-28,13,12,1,0,0,0,0
JD_12750601,2021-02-28,13,12,1,0,0,0,0
JD_12750600,2021-02-28,351,292,58,1,0,0,2
JD_12750599,2021-02-28,4,4,0,0,0,0,0
JD_12750598,2021-02-28,2,2,0,0,0,0,0
