JD_11462870,2021-02-28,3,1,2,0,0,0,0
JD_11462868,2021-02-28,19,4,16,2,0,0,0
JD_11462866,2021-02-28,6,1,6,0,0,0,0
JD_11462865,2021-02-28,20,0,18,2,0,0,0
JD_11462864,2021-02-28,60,42,56,1,0,0,0
JD_11462863,2021-02-28,254,11,249,4,1,0,1
JD_11462862,2021-02-28,51,0,47,4,0,0,0
JD_11462861,2021-02-28,2,0,2,0,0,0,0
JD_11462860,2021-02-28,14,1,13,0,0,0,0
JD_11462859,2021-02-28,8,4,6,0,0,0,0
JD_11462858,2021-02-28,11,5,9,0,0,0,0
JD_11462857,2021-02-28,26,11,25,0,0,0,0
JD_11462856,2021-02-28,13,4,13,0,0,0,0
JD_11462855,2021-02-28,0,0,0,0,0,0,0
JD_11462854,2021-02-28,24,17,13,0,0,0,0
JD_11462853,2021-02-28,20,14,9,0,0,0,0
JD_11462851,2021-02-28,63,50,47,0,0,0,2
JD_11462850,2021-02-28,10,10,5,0,0,0,0
JD_11462849,2021-02-28,2,2,1,0,0,0,0
JD_11462848,2021-02-28,4,4,3,0,0,0,0
JD_11462847,2021-02-28,22,15,18,0,0,0,0
JD_11462846,2021-02-28,25,4,21,1,1,0,0
JD_11462845,2021-02-28,22,7,20,0,0,0,0
JD_11462844,2021-02-28,18,4,17,0,0,0,0
JD_11462843,2021-02-28,18,8,12,0,1,0,0
JD_11462842,2021-02-28,375,251,222,2,0,0,1
JD_11462837,2021-02-28,44,28,20,0,0,0,0
JD_11462836,2021-02-28,17,11,13,0,0,0,0
JD_11462834,2021-02-28,19,12,8,0,1,0,0
JD_11462830,2021-02-28,22,14,11,0,0,0,0
JD_11462829,2021-02-28,14,12,5,0,0,0,0
JD_11462828,2021-02-28,36,20,29,0,0,0,1
JD_11462827,2021-02-28,87,13,80,3,1,0,0
JD_11462826,2021-02-28,145,36,127,2,2,0,0
JD_11462825,2021-02-28,35,19,22,2,0,0,0
JD_11462824,2021-02-28,140,86,82,0,0,0,1
JD_11462823,2021-02-28,175,115,113,1,0,0,0
JD_11462822,2021-02-28,107,22,93,3,1,0,0
JD_11462821,2021-02-28,96,60,44,0,2,0,0
JD_11462820,2021-02-28,1,1,0,0,0,0,0
JD_11462818,2021-02-28,11,4,10,0,0,0,0
JD_11462817,2021-02-28,2,2,0,0,0,0,0
JD_11462816,2021-02-28,5,1,5,0,0,0,0
JD_11462815,2021-02-28,21,5,17,1,1,0,0
JD_11462814,2021-02-28,20,5,18,1,0,0,0
JD_11462813,2021-02-28,27,16,23,0,0,0,0
JD_11462812,2021-02-28,6,1,5,0,0,0,0
JD_11462811,2021-02-28,14,1,13,0,1,0,0
JD_11462810,2021-02-28,2283,830,1908,36,10,1,1
JD_11462809,2021-02-28,3,3,1,0,0,0,0
JD_11462808,2021-02-28,25,9,21,0,1,0,0
JD_11462807,2021-02-28,4,1,4,0,0,0,0
JD_11462804,2021-02-28,50,5,47,3,0,0,1
JD_11462803,2021-02-28,5,4,3,0,0,0,0
JD_11462802,2021-02-28,573,361,552,10,6,0,1
JD_11462800,2021-02-28,53,9,52,1,0,0,0
JD_11462799,2021-02-28,397,0,384,11,2,0,1
JD_11462798,2021-02-28,3,3,2,0,0,0,0
JD_11462797,2021-02-28,1,1,1,0,0,0,0
JD_11462794,2021-02-28,4,3,2,0,0,0,0
JD_11462793,2021-02-28,82,10,79,2,0,0,0
JD_11462792,2021-02-28,1000,676,992,6,2,0,4
JD_11462787,2021-02-28,171,89,168,1,1,0,0
JD_11462786,2021-02-28,16,7,11,1,0,0,0
JD_11462785,2021-02-28,223,0,214,7,2,0,0
JD_11462782,2021-02-28,9,2,8,0,0,0,0
JD_11462779,2021-02-28,2,0,1,1,0,0,0
JD_11462778,2021-02-28,19,12,13,0,0,0,0
JD_11462777,2021-02-28,6,3,3,1,0,0,0
JD_11462776,2021-02-28,0,0,0,0,0,0,0
