JD_12383047,2021-02-28,13,9,5,0,0,1,0
JD_12383045,2021-02-28,195,166,73,0,0,0,0
JD_12383043,2021-02-28,859,660,520,6,1,1,1
JD_12383042,2021-02-28,0,0,0,0,0,0,0
JD_12383041,2021-02-28,64,50,55,0,0,0,0
JD_12383040,2021-02-28,719,625,115,0,1,0,1
JD_12383039,2021-02-28,0,0,0,0,0,0,0
JD_12383038,2021-02-28,7,7,6,0,0,0,0
JD_12383037,2021-02-28,14,12,12,0,0,0,0
JD_12383035,2021-02-28,15,14,10,0,0,0,0
JD_12383033,2021-02-28,21,18,7,0,0,0,0
JD_12383031,2021-02-28,76,61,27,0,0,0,0
JD_12383029,2021-02-28,15,14,8,0,0,0,0
JD_12383027,2021-02-28,26,21,19,0,0,0,0
JD_12383025,2021-02-28,521,452,253,0,1,0,0
JD_12383023,2021-02-28,226,192,110,1,2,2,0
JD_12383022,2021-02-28,9,7,6,0,0,0,0
JD_12383020,2021-02-28,3,2,1,0,0,0,0
JD_12383019,2021-02-28,130,90,99,0,1,0,0
JD_12383018,2021-02-28,64,53,13,0,0,0,0
JD_12383017,2021-02-28,94,78,42,0,0,0,0
JD_12383014,2021-02-28,15,12,5,0,0,0,0
JD_12383010,2021-02-28,25,20,18,0,0,0,0
JD_12383008,2021-02-28,14,11,5,0,0,0,0
JD_12383004,2021-02-28,8,8,1,0,0,0,0
JD_12383003,2021-02-28,2,2,2,0,0,0,0
JD_12383001,2021-02-28,127,109,37,0,0,0,1
JD_12383000,2021-02-28,0,0,0,0,0,0,0
JD_12382998,2021-02-28,436,389,60,0,0,0,0
JD_12382996,2021-02-28,0,0,0,0,0,0,0
JD_12382994,2021-02-28,30,23,11,0,0,0,0
JD_12382992,2021-02-28,2,2,0,0,0,0,0
JD_12382986,2021-02-28,5,4,2,0,0,0,0
JD_12382985,2021-02-28,786,651,374,1,1,1,2
JD_12382984,2021-02-28,4,3,3,0,0,0,0
JD_12382983,2021-02-28,18,12,9,0,0,0,0
JD_12382982,2021-02-28,7,6,2,0,0,0,0
JD_12382981,2021-02-28,18,13,13,0,1,0,0
JD_12382980,2021-02-28,5,5,4,0,0,0,0
JD_12382978,2021-02-28,81,67,28,1,0,0,0
JD_12382976,2021-02-28,4,4,1,0,0,0,0
JD_12382974,2021-02-28,5,3,2,0,0,0,0
JD_12382973,2021-02-28,61,52,18,0,0,0,0
JD_12382972,2021-02-28,49,39,15,0,1,0,0
JD_12382971,2021-02-28,52,46,17,0,0,0,0
JD_12382970,2021-02-28,30,27,14,0,0,0,0
JD_12382969,2021-02-28,6,5,4,0,0,0,0
JD_12382968,2021-02-28,16,15,4,0,0,0,0
JD_12382967,2021-02-28,57,49,34,0,0,0,0
JD_12382966,2021-02-28,4,3,4,0,0,0,0
JD_12382965,2021-02-28,97,84,55,0,0,0,0
JD_12382964,2021-02-28,113,97,31,0,0,0,0
JD_12382963,2021-02-28,74,62,43,0,0,0,0
JD_12382962,2021-02-28,3,2,1,0,0,0,0
JD_12382961,2021-02-28,4764,3691,2987,6,2,27,12
JD_12382960,2021-02-28,1731,1463,388,3,2,0,2
JD_12382959,2021-02-28,17,11,12,0,1,0,0
JD_12382958,2021-02-28,1,1,0,0,0,0,0
JD_12382957,2021-02-28,290,237,136,0,0,0,0
JD_12382956,2021-02-28,361,269,90,1,1,0,2
JD_12382955,2021-02-28,492,410,266,0,0,0,1
JD_12382954,2021-02-28,89,85,13,0,0,0,0
JD_12382953,2021-02-28,15,12,7,0,0,0,0
JD_12382952,2021-02-28,19,19,4,0,0,0,0
JD_12382950,2021-02-28,42,37,32,0,0,0,0
JD_12382949,2021-02-28,15,5,13,0,0,0,0
JD_12382948,2021-02-28,4,3,3,0,0,0,0
JD_12382947,2021-02-28,38,29,31,0,0,0,0
JD_12382946,2021-02-28,16,13,8,0,1,0,0
JD_12382944,2021-02-28,23,20,9,0,0,0,0
