JD_11519707,2021-02-28,32,27,5,0,0,0,0
JD_11519706,2021-02-28,4,1,3,0,0,0,0
JD_11519705,2021-02-28,0,0,0,0,0,0,0
JD_11519701,2021-02-28,88,51,80,2,3,0,1
JD_11519699,2021-02-28,36,21,28,1,0,0,0
JD_11519698,2021-02-28,0,0,0,0,0,0,0
JD_11519697,2021-02-28,0,0,0,0,0,0,0
JD_11519696,2021-02-28,5,0,5,0,0,0,0
JD_11519695,2021-02-28,227,163,119,0,0,0,0
JD_11519692,2021-02-28,10,6,10,0,0,0,0
JD_11519690,2021-02-28,11,6,9,0,0,0,0
JD_11519689,2021-02-28,0,0,0,0,0,0,0
JD_11519686,2021-02-28,329,244,183,1,0,0,0
JD_11519684,2021-02-28,9,2,9,0,0,0,0
JD_11519683,2021-02-28,27,17,16,0,0,0,0
JD_11519682,2021-02-28,80,1,76,3,1,0,0
JD_11519681,2021-02-28,5177,3111,3477,15,7,9,15
JD_11519680,2021-02-28,748,268,738,5,1,3,3
JD_11519679,2021-02-28,9,5,8,0,0,0,0
JD_11519678,2021-02-28,4022,2498,2442,9,4,3,5
JD_11519677,2021-02-28,89,0,84,5,0,0,0
JD_11519676,2021-02-28,33372,23066,20010,67,27,31,93
JD_11519671,2021-02-28,1614,673,1475,15,11,0,1
JD_11519670,2021-02-28,0,0,0,0,0,0,0
JD_11519667,2021-02-28,0,0,0,0,0,0,0
JD_11519666,2021-02-28,0,0,0,0,0,0,0
JD_11519665,2021-02-28,4,3,1,0,0,0,0
JD_11519664,2021-02-28,0,0,0,0,0,0,0
JD_11519663,2021-02-28,0,0,0,0,0,0,0
JD_11519662,2021-02-28,3,2,3,0,0,0,0
JD_11519660,2021-02-28,0,0,0,0,0,0,0
JD_11519657,2021-02-28,1,1,1,0,0,0,0
JD_11519653,2021-02-28,2,2,1,0,0,0,0
JD_11519651,2021-02-28,2,2,1,0,0,0,0
JD_11519648,2021-02-28,36,26,14,0,0,0,0
JD_11519646,2021-02-28,3,3,2,0,0,0,0
JD_11519645,2021-02-28,0,0,0,0,0,0,0
JD_11519644,2021-02-28,3,1,2,0,0,0,0
JD_11519643,2021-02-28,2,1,1,0,0,0,0
JD_11519640,2021-02-28,0,0,0,0,0,0,0
JD_11519639,2021-02-28,13,8,7,0,0,0,0
JD_11519638,2021-02-28,0,0,0,0,0,0,0
JD_11519636,2021-02-28,127,90,63,1,0,0,0
JD_11519635,2021-02-28,5,2,5,0,0,0,0
JD_11519634,2021-02-28,143,97,130,0,1,0,0
JD_11519632,2021-02-28,5,3,3,0,0,0,0
JD_11519631,2021-02-28,2,1,2,0,0,0,0
JD_11519630,2021-02-28,1,1,0,0,0,0,0
JD_11519629,2021-02-28,2,1,1,0,0,0,0
JD_11519627,2021-02-28,1,0,1,0,0,0,0
JD_11519625,2021-02-28,1,0,1,0,0,0,0
JD_11519624,2021-02-28,4,0,4,0,0,0,0
JD_11519622,2021-02-28,5,1,4,0,0,0,0
JD_11519620,2021-02-28,1,0,1,0,0,0,0
JD_11519615,2021-02-28,2,1,1,0,0,0,0
JD_11519613,2021-02-28,2,1,2,0,0,0,0
JD_11519612,2021-02-28,4,2,4,0,0,0,0
JD_11519610,2021-02-28,3,3,2,0,0,0,0
JD_11519609,2021-02-28,4,3,3,0,0,0,0
JD_11519607,2021-02-28,5,3,4,0,0,0,0
JD_11519606,2021-02-28,2,2,0,0,0,0,0
JD_11519605,2021-02-28,0,0,0,0,0,0,0
JD_11519604,2021-02-28,0,0,0,0,0,0,0
JD_11519603,2021-02-28,0,0,0,0,0,0,0
JD_11519602,2021-02-28,3,0,3,0,0,0,0
JD_11519601,2021-02-28,0,0,0,0,0,0,0
JD_11519600,2021-02-28,6,2,4,0,0,0,0
JD_11519599,2021-02-28,5,2,3,0,1,0,0
JD_11519598,2021-02-28,368,166,266,3,2,1,0
JD_11519597,2021-02-28,8,3,5,0,0,0,0
