JD_11346144,2021-02-28,12,5,11,1,0,0,0
JD_11346143,2021-02-28,69,43,48,1,0,1,0
JD_11346142,2021-02-28,34,4,31,3,0,0,0
JD_11346139,2021-02-28,9,1,8,0,0,0,0
JD_11346138,2021-02-28,8,3,5,0,0,0,0
JD_11346137,2021-02-28,22,15,10,0,0,0,0
JD_11346136,2021-02-28,10,8,6,0,0,0,0
JD_11346134,2021-02-28,2,2,0,0,0,0,0
JD_11346132,2021-02-28,7,1,7,0,0,0,0
JD_11346131,2021-02-28,2,0,2,0,0,0,0
JD_11346130,2021-02-28,28,21,14,0,1,0,0
JD_11346129,2021-02-28,36,0,36,0,0,0,0
JD_11346128,2021-02-28,23,0,20,2,1,0,0
JD_11346127,2021-02-28,3,3,2,0,0,0,0
JD_11346126,2021-02-28,3,2,2,0,0,0,0
JD_11346125,2021-02-28,4,0,3,1,0,0,0
JD_11346124,2021-02-28,39,24,37,0,0,0,0
JD_11346123,2021-02-28,44,30,27,0,0,0,0
JD_11346122,2021-02-28,10,8,4,0,0,0,0
JD_11346121,2021-02-28,16,0,12,3,1,0,0
JD_11346119,2021-02-28,60,47,36,0,0,0,0
JD_11346118,2021-02-28,44,21,22,0,1,0,0
JD_11346117,2021-02-28,90,57,72,1,2,0,0
JD_11346115,2021-02-28,43,28,26,1,1,0,0
JD_11346114,2021-02-28,26,19,14,0,0,0,0
JD_11346113,2021-02-28,47,37,23,1,0,0,0
JD_11346110,2021-02-28,67,52,37,0,1,0,0
JD_11346109,2021-02-28,21,5,19,1,0,0,0
JD_11346107,2021-02-28,6,4,3,0,0,0,0
JD_11346106,2021-02-28,12,9,9,1,0,0,0
JD_11346105,2021-02-28,198,84,184,5,0,0,0
JD_11346104,2021-02-28,50,37,24,0,0,0,0
JD_11346103,2021-02-28,23,5,19,0,1,0,0
JD_11346102,2021-02-28,3,3,1,0,0,0,0
JD_11346101,2021-02-28,3,2,1,0,0,0,0
JD_11346099,2021-02-28,6,4,3,0,0,0,0
JD_11346098,2021-02-28,14,12,5,1,0,0,0
JD_11346097,2021-02-28,17,10,10,0,0,0,0
JD_11346096,2021-02-28,18,6,11,2,0,0,0
JD_11346095,2021-02-28,0,0,0,0,0,0,0
JD_11346092,2021-02-28,30,25,14,0,0,0,0
JD_11346089,2021-02-28,11,5,11,0,0,0,1
JD_11346088,2021-02-28,0,0,0,0,0,0,0
JD_11346087,2021-02-28,6313,4009,5562,15,15,4,5
JD_11346086,2021-02-28,7362,54,7164,141,48,0,1
JD_11346084,2021-02-28,0,0,0,0,0,0,0
JD_11346083,2021-02-28,71735,50749,62977,195,105,36,113
JD_11346082,2021-02-28,1750,513,1710,14,8,1,1
JD_11346081,2021-02-28,0,0,0,0,0,0,0
JD_11346079,2021-02-28,8,0,7,1,0,0,0
JD_11346073,2021-02-28,0,0,0,0,0,0,0
JD_11346068,2021-02-28,573,350,374,3,0,0,2
JD_11346067,2021-02-28,4,1,4,0,0,0,0
JD_11346066,2021-02-28,24,8,24,0,0,0,0
JD_11346063,2021-02-28,1,1,1,0,0,0,0
JD_11346061,2021-02-28,167,49,165,1,1,0,1
JD_11346060,2021-02-28,14,5,12,2,0,0,0
JD_11346059,2021-02-28,16,11,12,0,0,0,0
JD_11346058,2021-02-28,0,0,0,0,0,0,0
JD_11346056,2021-02-28,1,1,1,0,0,0,0
JD_11346055,2021-02-28,1,0,1,0,0,0,0
JD_11346054,2021-02-28,0,0,0,0,0,0,0
JD_11346049,2021-02-28,0,0,0,0,0,0,0
JD_11346044,2021-02-28,204,0,192,11,1,0,0
JD_11346037,2021-02-28,87,67,67,0,0,0,0
JD_11346036,2021-02-28,10,1,10,0,0,0,0
JD_11346035,2021-02-28,204,73,133,5,1,0,0
JD_11346034,2021-02-28,273,20,268,5,0,0,0
JD_11346033,2021-02-28,1438,281,1384,27,8,0,2
JD_11346032,2021-02-28,11,0,11,0,0,0,0
