JD_12178109,2021-02-28,19,18,7,0,0,0,0
JD_12178107,2021-02-28,6,6,4,0,0,0,0
JD_12178106,2021-02-28,49,33,29,0,0,0,0
JD_12178105,2021-02-28,9,6,7,0,0,0,0
JD_12178104,2021-02-28,151,129,76,0,1,0,1
JD_12178103,2021-02-28,23,19,18,0,0,0,0
JD_12178102,2021-02-28,3,3,2,0,0,0,0
JD_12178101,2021-02-28,10,9,6,0,0,0,0
JD_12178100,2021-02-28,46,25,33,0,0,0,1
JD_12178099,2021-02-28,10,8,2,0,0,0,0
JD_12178098,2021-02-28,10467,8620,7330,10,8,10,16
JD_12178097,2021-02-28,5,4,5,0,0,0,0
JD_12178096,2021-02-28,341,277,191,2,0,0,1
JD_12178095,2021-02-28,38,29,25,0,0,0,0
JD_12178094,2021-02-28,1,1,0,0,0,0,0
JD_12178093,2021-02-28,16,11,14,0,0,0,0
JD_12178092,2021-02-28,32,25,22,0,0,0,0
JD_12178091,2021-02-28,10,9,4,0,0,0,0
JD_12178090,2021-02-28,39,31,26,0,0,0,0
JD_12178089,2021-02-28,56,48,41,0,0,0,0
JD_12178088,2021-02-28,2386,1481,2371,4,11,0,5
JD_12178087,2021-02-28,10,8,6,0,0,0,0
JD_12178086,2021-02-28,4777,3899,3012,11,10,5,7
JD_12178085,2021-02-28,1330,1135,806,0,0,1,3
JD_12178084,2021-02-28,3305,2337,2849,5,1,1,9
JD_12178083,2021-02-28,71,60,44,0,0,0,0
JD_12178082,2021-02-28,15574,10313,14592,55,23,16,43
JD_12178081,2021-02-28,21,18,21,0,0,0,0
JD_12178080,2021-02-28,637,491,331,1,1,2,2
JD_12177999,2021-02-28,6,5,2,0,0,0,0
JD_12177997,2021-02-28,24,20,24,0,0,0,0
JD_12177996,2021-02-28,264,199,263,0,0,0,1
JD_12177995,2021-02-28,9,8,9,0,0,0,0
JD_12177993,2021-02-28,8,8,6,0,0,0,0
JD_12177992,2021-02-28,318,235,83,0,0,0,3
JD_12177991,2021-02-28,11,10,1,0,0,0,0
JD_12177990,2021-02-28,347,259,347,0,0,0,2
JD_12177989,2021-02-28,0,0,0,0,0,0,0
JD_12177988,2021-02-28,1854,1421,1476,3,4,1,5
JD_12177987,2021-02-28,0,0,0,0,0,0,0
JD_12177986,2021-02-28,18,17,4,0,0,0,0
JD_12177985,2021-02-28,0,0,0,0,0,0,0
JD_12177984,2021-02-28,470,29,462,4,1,0,0
JD_12177983,2021-02-28,161,127,66,0,0,0,2
JD_12177982,2021-02-28,0,0,0,0,0,0,0
JD_12177981,2021-02-28,0,0,0,0,0,0,0
JD_12177980,2021-02-28,10,7,6,0,0,0,0
JD_12177979,2021-02-28,3,2,2,0,0,0,0
JD_12177978,2021-02-28,300,247,139,0,0,0,0
JD_12177977,2021-02-28,15,13,14,0,0,0,0
JD_12177976,2021-02-28,2098,1551,1298,0,0,2,11
JD_12177974,2021-02-28,1596,1130,1077,3,0,1,6
JD_12177973,2021-02-28,0,0,0,0,0,0,0
JD_12177972,2021-02-28,29,19,18,0,1,0,0
JD_12177970,2021-02-28,28,13,28,0,0,0,0
JD_12177969,2021-02-28,7,7,7,0,0,0,0
JD_12177968,2021-02-28,375,289,251,2,1,1,1
JD_12177967,2021-02-28,4,4,4,0,0,0,0
JD_12177966,2021-02-28,3251,2075,2255,3,2,1,14
JD_12177965,2021-02-28,42,31,19,0,0,0,0
JD_12177964,2021-02-28,80,58,52,0,0,0,0
JD_12177963,2021-02-28,0,0,0,0,0,0,0
JD_12177962,2021-02-28,15,12,11,0,0,0,0
JD_12177961,2021-02-28,13,10,9,0,0,0,0
JD_12177960,2021-02-28,28,23,25,0,0,0,0
JD_12177959,2021-02-28,0,0,0,0,0,0,0
JD_12177958,2021-02-28,5,3,4,0,0,0,0
JD_12177957,2021-02-28,2,2,0,0,0,0,0
JD_12177956,2021-02-28,42,32,24,0,0,0,0
JD_12177955,2021-02-28,2,2,2,0,0,0,0
