JD_11951685,2021-02-28,7,5,6,1,0,0,0
JD_11951684,2021-02-28,863,690,200,3,1,1,1
JD_11951682,2021-02-28,5,1,5,0,0,0,0
JD_11951602,2021-02-28,17,13,17,0,0,0,0
JD_11951601,2021-02-28,0,0,0,0,0,0,0
JD_11951600,2021-02-28,13,13,6,0,0,0,0
JD_11951598,2021-02-28,0,0,0,0,0,0,0
JD_11951596,2021-02-28,4524,1749,4497,9,6,1,8
JD_11951595,2021-02-28,500,335,460,1,1,0,3
JD_11951594,2021-02-28,67,26,64,0,0,0,0
JD_11951593,2021-02-28,2,2,2,0,0,0,0
JD_11951592,2021-02-28,21,12,15,0,0,0,0
JD_11951591,2021-02-28,12,1,11,0,0,0,0
JD_11951590,2021-02-28,162,129,58,1,0,0,1
JD_11951589,2021-02-28,5,2,5,0,0,0,0
JD_11951588,2021-02-28,94,78,38,0,0,0,0
JD_11951587,2021-02-28,6,0,6,0,0,0,0
JD_11951586,2021-02-28,31,22,21,0,0,0,0
JD_11951585,2021-02-28,0,0,0,0,0,0,0
JD_11951584,2021-02-28,140,109,78,1,1,0,0
JD_11951583,2021-02-28,12,4,12,0,0,0,0
JD_11951582,2021-02-28,940,770,176,2,1,1,5
JD_11951581,2021-02-28,9,6,7,0,0,0,0
JD_11951580,2021-02-28,51,29,30,0,0,0,0
JD_11951579,2021-02-28,10237,7778,5241,23,4,13,17
JD_11951578,2021-02-28,37,27,20,1,0,0,0
JD_11951577,2021-02-28,97,62,46,0,0,0,0
JD_11951576,2021-02-28,299,241,57,2,0,0,0
JD_11951575,2021-02-28,16,12,9,0,0,0,0
JD_11951574,2021-02-28,32,25,17,0,0,0,0
JD_11951573,2021-02-28,101,77,49,0,0,0,1
JD_11951572,2021-02-28,58,47,21,1,0,0,0
JD_11951570,2021-02-28,46,22,46,0,0,0,0
JD_11951569,2021-02-28,371,277,187,0,1,1,2
JD_11951568,2021-02-28,59,43,51,0,0,0,0
JD_11951567,2021-02-28,388,234,315,1,0,0,2
JD_11951566,2021-02-28,190,141,150,1,0,0,1
JD_11951565,2021-02-28,0,0,0,0,0,0,0
JD_11951564,2021-02-28,17,15,8,0,0,0,0
JD_11951563,2021-02-28,21,8,17,1,0,0,0
JD_11951562,2021-02-28,0,0,0,0,0,0,0
JD_11951561,2021-02-28,32,14,30,0,0,0,0
JD_11951560,2021-02-28,36,27,21,0,0,0,0
JD_11951559,2021-02-28,1848,831,1605,9,1,2,8
JD_11951558,2021-02-28,80,62,32,0,0,0,0
JD_11951557,2021-02-28,549,376,546,1,1,0,3
JD_11951556,2021-02-28,6,5,6,0,0,0,0
JD_11951555,2021-02-28,389,275,389,0,0,0,4
JD_11951554,2021-02-28,480,145,402,8,2,0,3
JD_11951553,2021-02-28,16604,11806,16049,153,138,13,41
JD_11951551,2021-02-28,1493,7,1464,21,4,0,11
JD_11951550,2021-02-28,1,0,1,0,0,0,0
JD_11951549,2021-02-28,268,8,263,4,1,0,2
JD_11951548,2021-02-28,0,0,0,0,0,0,0
JD_11951547,2021-02-28,94,7,89,5,0,0,0
JD_11951546,2021-02-28,472,355,335,0,4,0,0
JD_11951545,2021-02-28,71,14,67,3,0,0,1
JD_11951544,2021-02-28,41,38,21,0,0,0,0
JD_11951543,2021-02-28,6,1,4,1,1,0,0
JD_11951542,2021-02-28,331,265,316,1,1,0,0
JD_11951541,2021-02-28,3,0,2,1,0,0,0
JD_11951540,2021-02-28,0,0,0,0,0,0,0
JD_11951539,2021-02-28,4,0,3,1,0,0,0
JD_11951537,2021-02-28,4,2,3,1,0,0,0
JD_11951536,2021-02-28,127,55,93,2,0,0,0
JD_11951535,2021-02-28,3,2,2,1,0,0,0
JD_11951534,2021-02-28,355,246,265,2,1,0,0
JD_11951533,2021-02-28,93,81,49,0,0,1,0
JD_11951532,2021-02-28,210,154,136,3,0,0,1
JD_11951531,2021-02-28,959,727,832,5,0,1,2
