JD_11551305,2021-02-28,18,7,18,0,0,0,0
JD_11551304,2021-02-28,26,0,24,1,1,0,0
JD_11551302,2021-02-28,15,6,11,0,0,0,0
JD_11551301,2021-02-28,13,6,11,1,0,0,0
JD_11551300,2021-02-28,19942,13892,12506,29,20,18,31
JD_11551299,2021-02-28,4,1,4,0,0,0,0
JD_11551298,2021-02-28,13,6,10,0,0,0,0
JD_11551297,2021-02-28,48,31,33,0,0,0,0
JD_11551296,2021-02-28,898,386,799,3,2,3,0
JD_11551295,2021-02-28,265,162,263,1,1,0,1
JD_11551294,2021-02-28,402,132,318,3,3,0,0
JD_11551293,2021-02-28,888,385,784,4,0,2,0
JD_11551292,2021-02-28,24,8,19,0,0,0,0
JD_11551291,2021-02-28,18,7,13,1,0,0,0
JD_11551290,2021-02-28,407,182,393,4,2,1,0
JD_11551289,2021-02-28,120,19,112,3,5,0,0
JD_11551288,2021-02-28,52,0,48,2,2,0,0
JD_11551287,2021-02-28,132,39,125,2,1,0,0
JD_11551285,2021-02-28,7,2,6,0,0,0,0
JD_11551283,2021-02-28,12,3,12,0,0,0,0
JD_11551282,2021-02-28,21,9,19,0,0,0,0
JD_11551281,2021-02-28,12,7,8,0,0,0,0
JD_11551279,2021-02-28,12,3,12,0,0,0,0
JD_11551278,2021-02-28,15,0,15,0,0,0,0
JD_11551277,2021-02-28,1,0,1,0,0,0,0
JD_11551276,2021-02-28,710,538,339,3,0,0,5
JD_11551275,2021-02-28,14,4,12,0,0,0,0
JD_11551274,2021-02-28,8,6,4,0,0,0,0
JD_11551273,2021-02-28,259,146,210,0,1,1,1
JD_11551272,2021-02-28,18,9,14,0,0,0,0
JD_11551271,2021-02-28,8,0,8,0,0,0,0
JD_11551270,2021-02-28,56,50,27,0,0,0,0
JD_11551269,2021-02-28,19,6,15,0,0,0,0
JD_11551268,2021-02-28,26,0,26,0,0,0,0
JD_11551267,2021-02-28,54,45,25,0,0,0,0
JD_11551266,2021-02-28,0,0,0,0,0,0,0
JD_11551265,2021-02-28,4,2,3,0,0,0,0
JD_11551264,2021-02-28,2,0,2,0,0,0,0
JD_11551263,2021-02-28,6,0,6,0,0,0,0
JD_11551262,2021-02-28,0,0,0,0,0,0,0
JD_11550965,2021-02-28,22,1,22,0,0,0,0
JD_11550964,2021-02-28,31,6,29,0,0,0,0
JD_11550963,2021-02-28,18,1,16,2,0,0,0
JD_11550962,2021-02-28,24,0,23,0,1,0,0
JD_11550961,2021-02-28,23,6,20,1,0,0,0
JD_11550960,2021-02-28,6,0,6,0,0,0,0
JD_11550957,2021-02-28,129,0,123,2,4,0,0
JD_11550956,2021-02-28,39,13,37,1,0,0,0
JD_11550955,2021-02-28,42,18,28,0,0,0,0
JD_11550954,2021-02-28,5,5,2,0,0,0,0
JD_11550953,2021-02-28,5,5,3,0,0,0,0
JD_11550952,2021-02-28,1141,751,767,11,6,2,4
JD_11550951,2021-02-28,54,22,42,1,0,0,0
JD_11550950,2021-02-28,19,12,8,0,0,0,0
JD_11550949,2021-02-28,2259,609,1947,34,13,2,1
JD_11550948,2021-02-28,12,7,9,0,0,0,0
JD_11550947,2021-02-28,4,3,2,0,0,0,0
JD_11550946,2021-02-28,22,11,21,0,0,0,0
JD_11550945,2021-02-28,19,12,12,0,0,0,0
JD_11550944,2021-02-28,42,22,28,0,0,0,0
JD_11550943,2021-02-28,89,65,47,0,0,0,0
JD_11550942,2021-02-28,59,39,38,0,0,0,0
JD_11550941,2021-02-28,33,20,23,0,0,0,0
JD_11550938,2021-02-28,0,0,0,0,0,0,0
JD_11550937,2021-02-28,97,15,87,1,1,0,0
JD_11550936,2021-02-28,47,20,44,2,0,0,0
JD_11550935,2021-02-28,16,6,12,0,0,0,0
JD_11550934,2021-02-28,21,2,19,1,1,0,0
JD_11550933,2021-02-28,16,7,9,0,1,0,0
JD_11550932,2021-02-28,24,17,23,0,0,0,0
