JD_11512656,2021-02-28,12,2,12,0,0,0,0
JD_11512655,2021-02-28,0,0,0,0,0,0,0
JD_11512651,2021-02-28,28,14,23,1,0,0,0
JD_11512650,2021-02-28,0,0,0,0,0,0,0
JD_11512649,2021-02-28,2,2,2,0,0,0,0
JD_11512647,2021-02-28,5,4,4,0,0,0,0
JD_11512645,2021-02-28,2,1,1,0,0,0,0
JD_11512643,2021-02-28,8,3,7,0,0,0,0
JD_11512640,2021-02-28,2,0,1,0,1,0,0
JD_11512639,2021-02-28,0,0,0,0,0,0,0
JD_11512638,2021-02-28,22,12,12,0,0,0,0
JD_11512637,2021-02-28,24,13,19,1,0,0,0
JD_11512636,2021-02-28,13,6,7,1,2,0,0
JD_11512635,2021-02-28,1,1,1,0,0,0,0
JD_11512634,2021-02-28,83,16,83,0,0,0,0
JD_11512633,2021-02-28,4,1,4,0,0,0,0
JD_11512632,2021-02-28,7,3,6,1,0,0,0
JD_11512631,2021-02-28,136,75,89,1,0,0,0
JD_11512630,2021-02-28,158,67,142,2,2,0,0
JD_11512628,2021-02-28,22,9,10,2,1,0,0
JD_11512625,2021-02-28,154,21,144,1,1,0,1
JD_11512624,2021-02-28,46,7,45,0,0,0,0
JD_11512623,2021-02-28,16,11,7,0,0,0,0
JD_11512617,2021-02-28,36,22,32,0,0,0,0
JD_11512616,2021-02-28,33,16,22,0,0,0,0
JD_11512615,2021-02-28,3,0,3,0,0,0,0
JD_11512614,2021-02-28,76,47,36,0,0,0,1
JD_11512611,2021-02-28,3,1,3,0,0,0,0
JD_11512610,2021-02-28,5,0,5,0,0,0,0
JD_11512606,2021-02-28,2075,347,1879,56,18,0,1
JD_11512605,2021-02-28,384,128,382,3,0,0,1
JD_11512601,2021-02-28,186,19,168,4,1,0,0
JD_11512600,2021-02-28,133,66,118,1,1,0,0
JD_11512599,2021-02-28,0,0,0,0,0,0,0
JD_11512598,2021-02-28,340,177,241,0,0,0,0
JD_11512597,2021-02-28,30,0,28,2,0,0,0
JD_11512596,2021-02-28,192,119,120,3,0,0,0
JD_11512595,2021-02-28,112,61,74,0,1,0,0
JD_11512594,2021-02-28,96,67,40,0,0,0,0
JD_11512593,2021-02-28,14,8,8,0,1,0,0
JD_11512592,2021-02-28,22,14,12,0,0,0,0
JD_11512591,2021-02-28,287,182,236,0,0,0,0
JD_11512589,2021-02-28,435,305,295,0,2,0,3
JD_11512588,2021-02-28,1316,877,1059,3,2,0,4
JD_11512584,2021-02-28,3371,2317,2025,3,2,3,11
JD_11512583,2021-02-28,4,2,2,0,0,0,0
JD_11512581,2021-02-28,195,122,119,4,0,0,1
JD_11512580,2021-02-28,212,101,154,1,0,0,1
JD_11512579,2021-02-28,166,68,121,1,0,0,0
JD_11512578,2021-02-28,83,15,76,1,0,0,0
JD_11512577,2021-02-28,322,211,192,1,0,0,1
JD_11512576,2021-02-28,229,106,160,1,3,1,1
JD_11512575,2021-02-28,73,7,72,1,1,0,0
JD_11512574,2021-02-28,310,169,242,2,1,1,0
JD_11512573,2021-02-28,58,10,56,2,0,0,0
JD_11512572,2021-02-28,192,91,144,2,0,0,2
JD_11512571,2021-02-28,45,28,31,1,0,0,0
JD_11512570,2021-02-28,0,0,0,0,0,0,0
JD_11512569,2021-02-28,100,24,92,2,1,0,0
JD_11512568,2021-02-28,30,20,12,1,0,0,0
JD_11512566,2021-02-28,0,0,0,0,0,0,0
JD_11512564,2021-02-28,6,4,3,0,0,0,0
JD_11512563,2021-02-28,3,1,2,0,0,0,0
JD_11512562,2021-02-28,4,0,4,0,0,0,0
JD_11512561,2021-02-28,3,0,3,0,0,0,0
JD_11512560,2021-02-28,4,1,4,0,0,0,0
JD_11512559,2021-02-28,342,7,336,4,1,0,0
JD_11512558,2021-02-28,5,0,5,0,0,0,0
JD_11512557,2021-02-28,3,0,3,0,0,0,0
JD_11512556,2021-02-28,3,0,3,0,0,0,0
