JD_11285389,2021-02-28,3,1,2,0,0,0,0
JD_11285388,2021-02-28,7,5,3,1,0,0,0
JD_11285387,2021-02-28,0,0,0,0,0,0,0
JD_11285386,2021-02-28,12,9,11,0,1,0,0
JD_11285385,2021-02-28,8,2,6,0,0,0,0
JD_11285384,2021-02-28,8,8,0,0,0,0,0
JD_11285383,2021-02-28,73,26,68,1,1,0,0
JD_11285382,2021-02-28,10,5,9,0,0,0,0
JD_11285381,2021-02-28,29,6,27,0,0,0,0
JD_11285379,2021-02-28,40,8,32,0,0,0,1
JD_11285378,2021-02-28,724,4,703,18,2,0,0
JD_11285377,2021-02-28,2003,508,1960,37,6,1,1
JD_11285376,2021-02-28,600,0,571,21,8,0,0
JD_11285375,2021-02-28,46,1,46,0,0,0,0
JD_11285370,2021-02-28,787,510,458,1,0,2,3
JD_11285369,2021-02-28,35,2,30,1,3,0,0
JD_11285355,2021-02-28,23,15,18,0,0,0,0
JD_11285354,2021-02-28,13,12,6,0,0,0,0
JD_11285352,2021-02-28,1,1,0,0,0,0,0
JD_11285351,2021-02-28,158,75,131,1,0,0,1
JD_11285347,2021-02-28,10,1,10,0,0,0,0
JD_11285346,2021-02-28,1358,646,1233,4,0,3,8
JD_11285345,2021-02-28,37,16,36,0,1,0,0
JD_11285331,2021-02-28,0,0,0,0,0,0,0
JD_11285319,2021-02-28,0,0,0,0,0,0,0
JD_11285318,2021-02-28,0,0,0,0,0,0,0
JD_11285311,2021-02-28,0,0,0,0,0,0,0
JD_11285284,2021-02-28,130,0,128,2,0,0,0
JD_11285283,2021-02-28,159,0,155,4,0,0,0
JD_11285282,2021-02-28,315,0,311,4,0,0,0
JD_11285281,2021-02-28,279,0,273,5,1,0,0
JD_11285280,2021-02-28,268,0,264,4,0,0,0
JD_11285274,2021-02-28,18,10,11,0,1,0,0
JD_11285273,2021-02-28,26,12,19,0,0,0,0
JD_11285272,2021-02-28,8,1,7,1,0,0,0
JD_11285271,2021-02-28,9,4,9,0,0,0,0
JD_11285270,2021-02-28,16,6,15,1,0,0,0
JD_11285269,2021-02-28,103,33,98,0,2,0,0
JD_11285267,2021-02-28,30,8,28,1,1,0,0
JD_11285266,2021-02-28,8,2,6,1,1,0,0
JD_11285265,2021-02-28,26,14,14,1,0,0,0
JD_11285264,2021-02-28,22,15,7,1,0,0,0
JD_11285263,2021-02-28,60,46,20,1,0,0,0
JD_11285262,2021-02-28,30,22,15,1,0,0,0
JD_11285261,2021-02-28,36,8,35,0,1,0,0
JD_11285260,2021-02-28,25,8,25,0,0,0,0
JD_11285259,2021-02-28,3,1,2,0,0,0,0
JD_11285258,2021-02-28,12,1,10,1,1,0,0
JD_11285257,2021-02-28,67,40,65,0,0,0,0
JD_11285256,2021-02-28,45,30,27,0,0,0,0
JD_11285255,2021-02-28,13,10,5,0,0,0,0
JD_11285254,2021-02-28,3,1,3,0,0,0,0
JD_11285253,2021-02-28,7,5,3,0,0,0,0
JD_11285252,2021-02-28,204,0,201,3,0,0,0
JD_11285250,2021-02-28,130,0,124,4,2,0,0
JD_11285246,2021-02-28,44,8,37,5,2,0,0
JD_11285242,2021-02-28,9,4,9,0,0,0,0
JD_11285241,2021-02-28,30,18,19,0,0,0,0
JD_11285240,2021-02-28,1,0,1,0,0,0,0
JD_11285239,2021-02-28,261,187,188,0,0,1,1
JD_11285235,2021-02-28,90,40,88,1,1,0,0
JD_11285233,2021-02-28,58,43,47,0,1,0,0
JD_11285232,2021-02-28,0,0,0,0,0,0,0
JD_11285231,2021-02-28,194,87,186,3,2,0,0
JD_11285225,2021-02-28,292,210,216,0,0,0,0
JD_11285224,2021-02-28,395,302,309,0,0,0,1
JD_11285223,2021-02-28,596,433,393,2,0,0,2
JD_11285222,2021-02-28,1243,965,955,5,1,0,1
JD_11285208,2021-02-28,6,2,5,0,0,0,0
JD_11285207,2021-02-28,11,1,11,0,0,0,0
