JD_11734005,2021-02-28,1,0,1,0,0,0,0
JD_11734002,2021-02-28,8,4,4,0,0,0,0
JD_11734001,2021-02-28,26,5,24,0,1,0,0
JD_11733996,2021-02-28,3,0,3,0,0,0,0
JD_11733995,2021-02-28,6,0,5,1,0,0,0
JD_11733991,2021-02-28,764,544,492,3,1,0,0
JD_11733990,2021-02-28,21,7,18,0,0,0,0
JD_11733987,2021-02-28,37,17,30,0,0,0,0
JD_11733985,2021-02-28,18,4,16,0,0,0,0
JD_11733983,2021-02-28,20,5,17,0,0,0,0
JD_11733981,2021-02-28,248,90,238,6,2,0,1
JD_11733980,2021-02-28,64,38,44,0,0,0,1
JD_11733979,2021-02-28,9,4,7,0,0,0,0
JD_11733978,2021-02-28,9,0,9,0,0,0,0
JD_11733977,2021-02-28,29,22,10,0,0,0,0
JD_11733976,2021-02-28,236,171,124,0,0,2,1
JD_11733975,2021-02-28,6,0,6,0,0,0,0
JD_11733974,2021-02-28,58,32,37,0,0,0,1
JD_11733972,2021-02-28,1,0,1,0,0,0,0
JD_11733971,2021-02-28,1,0,1,0,0,0,0
JD_11733970,2021-02-28,1,1,1,0,0,0,0
JD_11733969,2021-02-28,65,39,43,0,0,0,2
JD_11733967,2021-02-28,17,0,17,0,0,0,0
JD_11733965,2021-02-28,2,2,1,0,0,0,0
JD_11733964,2021-02-28,10,6,8,0,0,0,0
JD_11733963,2021-02-28,3,0,3,0,0,0,0
JD_11733143,2021-02-28,76,65,35,0,0,0,0
JD_11733142,2021-02-28,6,3,4,0,0,1,0
JD_11733141,2021-02-28,17,4,17,0,0,0,0
JD_11733140,2021-02-28,132,93,56,2,0,0,0
JD_11733139,2021-02-28,36,27,30,0,0,0,0
JD_11733138,2021-02-28,13,3,12,0,0,0,0
JD_11733137,2021-02-28,18,0,18,0,0,0,0
JD_11733136,2021-02-28,9,5,8,0,0,0,0
JD_11733135,2021-02-28,76,58,29,0,0,0,0
JD_11733134,2021-02-28,13,11,5,0,0,0,0
JD_11733133,2021-02-28,4,4,1,0,0,0,0
JD_11733132,2021-02-28,38,24,37,1,0,0,0
JD_11733131,2021-02-28,7,0,7,0,0,0,0
JD_11733130,2021-02-28,665,465,384,2,3,0,4
JD_11733129,2021-02-28,28,4,27,1,0,0,0
JD_11733128,2021-02-28,1328,802,982,4,1,0,1
JD_11733127,2021-02-28,191,121,115,1,0,0,0
JD_11733126,2021-02-28,323,235,85,3,2,0,1
JD_11733122,2021-02-28,37,8,34,1,2,0,1
JD_11733121,2021-02-28,4,3,2,0,0,0,0
JD_11733120,2021-02-28,6,1,5,1,0,0,0
JD_11733118,2021-02-28,1,1,0,0,0,0,0
JD_11733117,2021-02-28,2,1,1,0,0,0,0
JD_11733115,2021-02-28,1,1,0,0,0,0,0
JD_11733114,2021-02-28,0,0,0,0,0,0,0
JD_11733113,2021-02-28,0,0,0,0,0,0,0
JD_11733112,2021-02-28,38,0,34,3,1,0,0
JD_11733111,2021-02-28,3,0,2,1,0,0,0
JD_11733110,2021-02-28,0,0,0,0,0,0,0
JD_11733109,2021-02-28,32,23,16,0,1,0,0
JD_11733108,2021-02-28,15,0,15,0,0,0,0
JD_11733106,2021-02-28,16,11,14,0,0,0,0
JD_11733105,2021-02-28,457,294,455,0,2,0,3
JD_11733104,2021-02-28,1,0,1,0,0,0,0
JD_11733103,2021-02-28,0,0,0,0,0,0,0
JD_11733102,2021-02-28,4,3,3,0,0,0,0
JD_11733099,2021-02-28,19,18,19,0,0,0,0
JD_11733097,2021-02-28,0,0,0,0,0,0,0
JD_11733094,2021-02-28,2414,1765,1738,8,3,1,7
JD_11733093,2021-02-28,1,1,0,0,0,0,0
JD_11733084,2021-02-28,1,0,1,0,0,0,0
JD_11733080,2021-02-28,88,55,81,0,0,0,1
JD_11733079,2021-02-28,171,154,33,0,0,0,0
JD_11733078,2021-02-28,116,108,16,0,0,0,0
