JD_11439808,2021-02-28,88,54,60,0,1,0,1
JD_11439807,2021-02-28,28,19,21,0,0,0,0
JD_11439806,2021-02-28,77,2,77,0,0,0,0
JD_11439804,2021-02-28,86,40,79,1,2,0,0
JD_11439803,2021-02-28,6,0,6,0,0,0,0
JD_11439799,2021-02-28,8038,1847,7889,39,24,5,10
JD_11439798,2021-02-28,784,45,762,14,5,0,1
JD_11439797,2021-02-28,0,0,0,0,0,0,0
JD_11439796,2021-02-28,0,0,0,0,0,0,0
JD_11439795,2021-02-28,0,0,0,0,0,0,0
JD_11439794,2021-02-28,0,0,0,0,0,0,0
JD_11439793,2021-02-28,31313,21519,19285,147,62,26,48
JD_11439792,2021-02-28,0,0,0,0,0,0,0
JD_11439788,2021-02-28,0,0,0,0,0,0,0
JD_11439787,2021-02-28,0,0,0,0,0,0,0
JD_11439786,2021-02-28,0,0,0,0,0,0,0
JD_11439777,2021-02-28,0,0,0,0,0,0,0
JD_11439773,2021-02-28,0,0,0,0,0,0,0
JD_11439768,2021-02-28,0,0,0,0,0,0,0
JD_11439767,2021-02-28,0,0,0,0,0,0,0
JD_11439765,2021-02-28,0,0,0,0,0,0,0
JD_11439763,2021-02-28,0,0,0,0,0,0,0
JD_11439756,2021-02-28,10,6,7,0,0,0,0
JD_11439741,2021-02-28,4,2,4,0,0,0,0
JD_11439740,2021-02-28,5,2,3,0,0,0,0
JD_11439738,2021-02-28,18969,15315,6835,17,11,11,33
JD_11439736,2021-02-28,6,3,5,0,0,0,0
JD_11439735,2021-02-28,54,0,50,1,3,0,0
JD_11439734,2021-02-28,53,8,52,1,0,0,0
JD_11439733,2021-02-28,445,298,300,5,1,0,2
JD_11439731,2021-02-28,5,0,5,0,0,0,0
JD_11439730,2021-02-28,58,34,35,1,0,0,0
JD_11439729,2021-02-28,11,2,9,0,0,0,0
JD_11439728,2021-02-28,13,2,13,0,0,0,0
JD_11439726,2021-02-28,14447,11222,8292,53,25,8,19
JD_11439725,2021-02-28,4,0,4,0,0,0,0
JD_11439724,2021-02-28,16,1,15,0,0,0,0
JD_11439721,2021-02-28,26,1,24,2,0,0,0
JD_11439720,2021-02-28,32,4,29,2,1,0,0
JD_11439718,2021-02-28,45,0,44,1,0,0,0
JD_11439716,2021-02-28,2,1,1,0,0,0,0
JD_11439715,2021-02-28,6,1,5,1,0,0,0
JD_11439714,2021-02-28,41,21,27,0,0,0,0
JD_11439713,2021-02-28,5,1,5,0,0,0,0
JD_11439712,2021-02-28,5,4,2,0,0,0,0
JD_11439711,2021-02-28,2,0,2,0,0,0,0
JD_11439710,2021-02-28,9,7,6,0,0,0,0
JD_11439709,2021-02-28,4,0,4,0,0,0,0
JD_11439708,2021-02-28,3,2,2,0,0,0,0
JD_11439707,2021-02-28,24,14,17,0,0,0,0
JD_11439706,2021-02-28,24,18,11,0,0,0,0
JD_11439705,2021-02-28,3,1,3,0,0,0,0
JD_11439704,2021-02-28,89,63,41,2,0,0,0
JD_11439703,2021-02-28,7,4,6,0,0,0,0
JD_11439702,2021-02-28,21,11,21,0,0,0,0
JD_11439701,2021-02-28,1,0,1,0,0,0,0
JD_11439700,2021-02-28,66,45,39,0,0,0,1
JD_11439699,2021-02-28,2,1,2,0,0,0,0
JD_11439698,2021-02-28,2,2,1,0,0,0,0
JD_11439697,2021-02-28,1,0,1,0,0,0,0
JD_11439696,2021-02-28,27,24,12,0,0,0,0
JD_11439695,2021-02-28,4,0,3,1,0,0,0
JD_11439694,2021-02-28,89,46,64,0,0,0,1
JD_11439693,2021-02-28,34,24,16,0,0,0,0
JD_11439692,2021-02-28,121,73,75,0,0,0,0
JD_11439691,2021-02-28,38,25,21,0,0,0,1
JD_11439690,2021-02-28,26,11,21,3,0,0,0
JD_11439689,2021-02-28,36,10,32,1,2,0,0
JD_11439688,2021-02-28,6,2,4,2,0,0,0
JD_11439687,2021-02-28,85,37,61,2,2,0,0
