JD_11333018,2021-02-28,1,0,0,1,0,0,0
JD_11333017,2021-02-28,116,81,115,0,0,0,0
JD_11333014,2021-02-28,1,1,1,0,0,0,0
JD_11333010,2021-02-28,3,1,3,0,0,0,0
JD_11333007,2021-02-28,29,14,21,0,0,0,0
JD_11333006,2021-02-28,0,0,0,0,0,0,0
JD_11333005,2021-02-28,0,0,0,0,0,0,0
JD_11333004,2021-02-28,1,1,1,0,0,0,0
JD_11333003,2021-02-28,2,2,1,0,0,0,0
JD_11333001,2021-02-28,0,0,0,0,0,0,0
JD_11332998,2021-02-28,0,0,0,0,0,0,0
JD_11332997,2021-02-28,0,0,0,0,0,0,0
JD_11332996,2021-02-28,1,0,1,0,0,0,0
JD_11332995,2021-02-28,0,0,0,0,0,0,0
JD_11332994,2021-02-28,0,0,0,0,0,0,0
JD_11332993,2021-02-28,0,0,0,0,0,0,0
JD_11332992,2021-02-28,0,0,0,0,0,0,0
JD_11332988,2021-02-28,0,0,0,0,0,0,0
JD_11332985,2021-02-28,0,0,0,0,0,0,0
JD_11332983,2021-02-28,0,0,0,0,0,0,0
JD_11332981,2021-02-28,0,0,0,0,0,0,0
JD_11332979,2021-02-28,0,0,0,0,0,0,0
JD_11332977,2021-02-28,0,0,0,0,0,0,0
JD_11332976,2021-02-28,1,1,0,0,0,0,0
JD_11332974,2021-02-28,0,0,0,0,0,0,0
JD_11332973,2021-02-28,262,13,250,8,3,0,0
JD_11332972,2021-02-28,436,158,423,0,1,2,2
JD_11332971,2021-02-28,83,27,78,1,1,0,0
JD_11332970,2021-02-28,38,0,37,1,0,0,0
JD_11332968,2021-02-28,278,140,225,2,1,0,0
JD_11332965,2021-02-28,200,69,145,1,4,0,1
JD_11332964,2021-02-28,27,20,13,0,0,0,0
JD_11332963,2021-02-28,3,2,2,0,0,0,0
JD_11332962,2021-02-28,4,0,4,0,0,0,0
JD_11332961,2021-02-28,12,8,11,0,0,0,0
JD_11332960,2021-02-28,6,3,2,1,0,0,0
JD_11332959,2021-02-28,3,0,3,0,0,0,0
JD_11332958,2021-02-28,3,1,2,0,0,0,0
JD_11332957,2021-02-28,9,6,8,0,0,0,0
JD_11332956,2021-02-28,0,0,0,0,0,0,0
JD_11332955,2021-02-28,5,3,5,0,0,0,0
JD_11332954,2021-02-28,1,1,0,0,0,0,0
JD_11332953,2021-02-28,4,3,1,0,0,0,0
JD_11332951,2021-02-28,3,3,1,0,0,0,0
JD_11332950,2021-02-28,3,3,0,0,0,0,0
JD_11332949,2021-02-28,3,1,3,0,0,0,0
JD_11332948,2021-02-28,17,14,8,0,1,0,0
JD_11332947,2021-02-28,2,1,2,0,0,0,0
JD_11332946,2021-02-28,4,2,4,0,0,0,0
JD_11332945,2021-02-28,4,3,1,0,0,0,0
JD_11332944,2021-02-28,0,0,0,0,0,0,0
JD_11332943,2021-02-28,13,11,10,0,0,0,0
JD_11332942,2021-02-28,4,3,2,0,0,0,0
JD_11332940,2021-02-28,0,0,0,0,0,0,0
JD_11332939,2021-02-28,0,0,0,0,0,0,0
JD_11332937,2021-02-28,0,0,0,0,0,0,0
JD_11332936,2021-02-28,0,0,0,0,0,0,0
JD_11332934,2021-02-28,3,1,2,0,0,0,0
JD_11332933,2021-02-28,2,2,0,0,0,0,0
JD_11332932,2021-02-28,0,0,0,0,0,0,0
JD_11332931,2021-02-28,0,0,0,0,0,0,0
JD_11332929,2021-02-28,0,0,0,0,0,0,0
JD_11332924,2021-02-28,0,0,0,0,0,0,0
JD_11332923,2021-02-28,0,0,0,0,0,0,0
JD_11332922,2021-02-28,0,0,0,0,0,0,0
JD_11332919,2021-02-28,0,0,0,0,0,0,0
JD_11332917,2021-02-28,0,0,0,0,0,0,0
JD_11332915,2021-02-28,0,0,0,0,0,0,0
JD_11332913,2021-02-28,0,0,0,0,0,0,0
JD_11332909,2021-02-28,0,0,0,0,0,0,0
