JD_11598797,2021-02-28,542,0,519,16,7,0,0
JD_11598795,2021-02-28,0,0,0,0,0,0,0
JD_11598794,2021-02-28,110,87,47,0,0,0,0
JD_11598792,2021-02-28,7,6,4,0,0,0,0
JD_11598791,2021-02-28,121,93,93,0,0,0,0
JD_11598790,2021-02-28,31,7,24,0,0,0,0
JD_11598787,2021-02-28,75,62,48,0,1,0,0
JD_11598786,2021-02-28,21,13,14,0,0,0,0
JD_11598785,2021-02-28,26,0,25,1,0,0,0
JD_11598784,2021-02-28,1307,16,1243,41,12,0,0
JD_11598783,2021-02-28,118,0,113,3,2,0,0
JD_11598782,2021-02-28,1631,186,1552,19,9,1,2
JD_11598781,2021-02-28,186,148,102,0,0,0,2
JD_11598780,2021-02-28,8,2,6,0,0,0,0
JD_11598779,2021-02-28,26,0,25,1,0,0,0
JD_11598777,2021-02-28,3,3,0,0,0,0,0
JD_11598775,2021-02-28,0,0,0,0,0,0,0
JD_11598774,2021-02-28,21,0,20,1,0,0,0
JD_11598773,2021-02-28,7,0,7,0,0,0,0
JD_11598772,2021-02-28,4,3,4,0,0,0,0
JD_11598771,2021-02-28,0,0,0,0,0,0,0
JD_11598769,2021-02-28,28,19,27,0,0,0,0
JD_11598765,2021-02-28,1,0,1,0,0,0,0
JD_11598763,2021-02-28,0,0,0,0,0,0,0
JD_11598762,2021-02-28,0,0,0,0,0,0,0
JD_11598760,2021-02-28,0,0,0,0,0,0,0
JD_11598759,2021-02-28,49,0,47,2,0,0,0
JD_11598758,2021-02-28,47,0,44,3,0,0,0
JD_11598752,2021-02-28,3,0,3,0,0,0,0
JD_11598751,2021-02-28,0,0,0,0,0,0,0
JD_11598749,2021-02-28,82,66,45,0,0,0,0
JD_11598745,2021-02-28,1,0,1,0,0,0,0
JD_11598744,2021-02-28,11,8,7,0,0,0,0
JD_11598743,2021-02-28,0,0,0,0,0,0,0
JD_11598740,2021-02-28,0,0,0,0,0,0,0
JD_11598739,2021-02-28,0,0,0,0,0,0,0
JD_11598738,2021-02-28,0,0,0,0,0,0,0
JD_11598737,2021-02-28,4,3,1,0,0,0,0
JD_11598734,2021-02-28,5,4,2,0,0,0,0
JD_11598733,2021-02-28,19,13,11,0,0,0,0
JD_11598425,2021-02-28,57,31,57,0,0,0,0
JD_11598423,2021-02-28,44,26,32,0,1,0,0
JD_11598422,2021-02-28,197,69,195,2,0,0,0
JD_11598421,2021-02-28,55,32,23,0,0,0,0
JD_11598420,2021-02-28,29,9,28,0,0,0,0
JD_11598419,2021-02-28,151,93,141,1,0,0,0
JD_11598418,2021-02-28,16,7,13,1,0,0,0
JD_11598417,2021-02-28,63,37,61,2,0,0,1
JD_11598416,2021-02-28,2,1,2,0,0,0,0
JD_11598415,2021-02-28,8,4,5,0,0,0,0
JD_11598414,2021-02-28,371,137,364,2,1,0,1
JD_11598413,2021-02-28,59,0,58,1,0,0,0
JD_11598412,2021-02-28,24,15,17,0,0,0,0
JD_11598411,2021-02-28,0,0,0,0,0,0,0
JD_11598410,2021-02-28,1,1,1,0,0,0,0
JD_11598409,2021-02-28,305,0,295,6,4,0,1
JD_11598408,2021-02-28,319,147,259,0,1,0,1
JD_11598407,2021-02-28,153,60,126,1,1,0,0
JD_11598406,2021-02-28,59,16,48,3,0,0,0
JD_11598405,2021-02-28,29,16,21,0,0,0,0
JD_11598404,2021-02-28,4,4,3,0,0,0,0
JD_11598403,2021-02-28,1,1,0,0,0,0,0
JD_11598402,2021-02-28,2,2,1,0,0,0,0
JD_11598401,2021-02-28,0,0,0,0,0,0,0
JD_11598400,2021-02-28,1705,2,1639,50,16,0,4
JD_11598399,2021-02-28,0,0,0,0,0,0,0
JD_11598398,2021-02-28,3,3,3,0,0,0,0
JD_11598397,2021-02-28,1,0,1,0,0,0,0
JD_11598396,2021-02-28,495,206,480,6,2,0,2
JD_11598395,2021-02-28,198,0,196,2,0,0,0
