JD_11448725,2021-02-28,38,23,28,1,0,0,0
JD_11448724,2021-02-28,65,37,55,0,0,0,0
JD_11448723,2021-02-28,184,81,172,2,0,0,1
JD_11448722,2021-02-28,140,18,134,4,1,0,0
JD_11448721,2021-02-28,5,3,2,0,0,0,0
JD_11448720,2021-02-28,26,15,19,0,0,0,0
JD_11448718,2021-02-28,161,123,38,1,1,0,1
JD_11448717,2021-02-28,9,6,6,0,0,0,0
JD_11448714,2021-02-28,11,8,10,0,0,0,0
JD_11448713,2021-02-28,23,17,12,0,0,0,0
JD_11448712,2021-02-28,33,28,11,0,2,0,0
JD_11448711,2021-02-28,275,185,190,1,2,0,0
JD_11448710,2021-02-28,32,18,16,1,0,0,0
JD_11448709,2021-02-28,33,26,13,1,0,0,0
JD_11448707,2021-02-28,13,10,6,0,0,0,0
JD_11448706,2021-02-28,11,9,2,0,0,0,0
JD_11448705,2021-02-28,28,17,16,0,1,0,0
JD_11448704,2021-02-28,1,0,1,0,0,0,0
JD_11448703,2021-02-28,15,8,11,0,0,0,0
JD_11448702,2021-02-28,18,10,10,0,0,0,0
JD_11448701,2021-02-28,12,7,6,0,0,0,0
JD_11448700,2021-02-28,15,8,7,0,1,0,0
JD_11448699,2021-02-28,3,0,3,0,0,0,0
JD_11448698,2021-02-28,16,14,5,0,0,0,0
JD_11448697,2021-02-28,7,5,2,0,0,0,0
JD_11448696,2021-02-28,2,0,1,0,1,0,0
JD_11448695,2021-02-28,45,34,17,0,0,0,0
JD_11448694,2021-02-28,215,162,94,0,0,0,0
JD_11448693,2021-02-28,8,5,4,1,0,0,0
JD_11448692,2021-02-28,11,7,7,0,0,0,0
JD_11448691,2021-02-28,12,7,5,0,1,0,0
JD_11448690,2021-02-28,7,6,6,0,0,0,0
JD_11448689,2021-02-28,73,68,18,0,0,0,0
JD_11448688,2021-02-28,8,5,3,0,0,0,0
JD_11448687,2021-02-28,2,2,2,0,0,0,0
JD_11448686,2021-02-28,22,12,12,0,0,1,0
JD_11448685,2021-02-28,6,4,3,1,0,0,0
JD_11448684,2021-02-28,6,3,3,0,0,0,0
JD_11448683,2021-02-28,57,34,31,2,1,0,0
JD_11448682,2021-02-28,21,14,7,0,1,0,0
JD_11448681,2021-02-28,4,4,0,0,0,0,0
JD_11448680,2021-02-28,51,36,21,0,1,0,1
JD_11448679,2021-02-28,0,0,0,0,0,0,0
JD_11448678,2021-02-28,1,1,1,0,0,0,0
JD_11448677,2021-02-28,12,9,5,0,0,0,0
JD_11448676,2021-02-28,5,3,2,0,0,0,0
JD_11448675,2021-02-28,83,60,29,1,0,0,1
JD_11448674,2021-02-28,6,3,4,0,0,0,0
JD_11448673,2021-02-28,1,0,1,0,0,0,0
JD_11448672,2021-02-28,199,150,81,3,0,0,2
JD_11448671,2021-02-28,15,12,7,0,0,0,0
JD_11448670,2021-02-28,1,1,1,0,0,0,0
JD_11448669,2021-02-28,42,32,20,0,0,0,0
JD_11448668,2021-02-28,28,22,16,0,0,0,0
JD_11448667,2021-02-28,5,2,3,0,0,0,0
JD_11448666,2021-02-28,88,60,40,0,1,0,1
JD_11448665,2021-02-28,3,2,1,0,0,0,0
JD_11448664,2021-02-28,6,5,4,0,0,0,0
JD_11448662,2021-02-28,318,169,209,0,1,0,1
JD_11448658,2021-02-28,5,2,4,0,0,0,0
JD_11448657,2021-02-28,8,0,8,0,0,0,0
JD_11448656,2021-02-28,4,3,2,0,0,0,0
JD_11448655,2021-02-28,153,90,150,0,0,0,0
JD_11448654,2021-02-28,20,12,11,1,0,0,0
JD_11448652,2021-02-28,207,87,139,2,0,0,0
JD_11448651,2021-02-28,0,0,0,0,0,0,0
JD_11448648,2021-02-28,0,0,0,0,0,0,0
JD_11448647,2021-02-28,7,6,5,0,0,0,0
JD_11448646,2021-02-28,0,0,0,0,0,0,0
JD_11448641,2021-02-28,0,0,0,0,0,0,0
