JD_11514013,2021-02-28,100,56,99,0,0,0,0
JD_11514012,2021-02-28,59,3,57,0,1,0,0
JD_11514011,2021-02-28,24,17,23,0,0,0,0
JD_11514010,2021-02-28,17,6,14,1,0,0,0
JD_11514009,2021-02-28,6,2,4,1,0,0,0
JD_11514008,2021-02-28,19,9,17,1,0,0,0
JD_11514007,2021-02-28,86,42,82,0,1,0,0
JD_11514006,2021-02-28,71,23,71,0,0,0,0
JD_11514005,2021-02-28,128,37,126,0,1,0,1
JD_11514004,2021-02-28,74,43,73,0,0,0,0
JD_11514003,2021-02-28,13,3,13,0,0,0,0
JD_11514002,2021-02-28,82,25,78,2,0,0,0
JD_11514001,2021-02-28,186,29,184,2,0,0,0
JD_11513999,2021-02-28,8,4,5,0,0,0,0
JD_11513997,2021-02-28,36,26,35,1,0,0,0
JD_11513996,2021-02-28,14,10,13,0,0,0,0
JD_11513994,2021-02-28,35,11,33,2,0,0,0
JD_11513990,2021-02-28,0,0,0,0,0,0,0
JD_11513988,2021-02-28,0,0,0,0,0,0,0
JD_11513986,2021-02-28,0,0,0,0,0,0,0
JD_11513983,2021-02-28,0,0,0,0,0,0,0
JD_11513981,2021-02-28,14,11,8,0,0,0,0
JD_11513978,2021-02-28,63,46,52,0,0,0,0
JD_11513977,2021-02-28,6,4,3,0,0,0,0
JD_11513976,2021-02-28,6,3,3,0,0,0,0
JD_11513975,2021-02-28,12,9,6,0,0,0,0
JD_11513974,2021-02-28,25,17,20,0,0,0,0
JD_11513973,2021-02-28,51,42,38,0,0,0,0
JD_11513972,2021-02-28,4,2,2,0,0,0,0
JD_11513971,2021-02-28,18,8,17,0,0,0,1
JD_11513970,2021-02-28,0,0,0,0,0,0,0
JD_11513969,2021-02-28,0,0,0,0,0,0,0
JD_11513968,2021-02-28,6,3,3,0,0,0,0
JD_11513967,2021-02-28,13,9,7,0,0,0,0
JD_11513966,2021-02-28,0,0,0,0,0,0,0
JD_11513965,2021-02-28,1,1,0,0,0,0,0
JD_11513964,2021-02-28,0,0,0,0,0,0,0
JD_11513963,2021-02-28,0,0,0,0,0,0,0
JD_11513962,2021-02-28,6,0,6,0,0,0,0
JD_11513961,2021-02-28,1,1,0,0,0,0,0
JD_11513960,2021-02-28,0,0,0,0,0,0,0
JD_11513959,2021-02-28,0,0,0,0,0,0,0
JD_11513958,2021-02-28,0,0,0,0,0,0,0
JD_11513952,2021-02-28,69,39,44,0,0,0,0
JD_11513947,2021-02-28,0,0,0,0,0,0,0
JD_11513944,2021-02-28,57,48,28,0,0,0,0
JD_11513942,2021-02-28,16,1,16,0,0,0,0
JD_11513941,2021-02-28,11524,8140,8148,32,16,6,12
JD_11513940,2021-02-28,2608,1488,1847,12,8,2,6
JD_11513939,2021-02-28,1314,849,884,1,4,0,1
JD_11513938,2021-02-28,108,0,106,2,0,0,0
JD_11513934,2021-02-28,1,1,1,0,0,0,0
JD_11513932,2021-02-28,99,75,51,1,2,0,0
JD_11513931,2021-02-28,1,0,1,0,0,0,0
JD_11513930,2021-02-28,40,30,32,0,0,0,0
JD_11513928,2021-02-28,2,1,2,0,0,0,0
JD_11513927,2021-02-28,325,211,226,1,1,0,1
JD_11513926,2021-02-28,112,74,90,1,0,0,1
JD_11513925,2021-02-28,73,8,69,1,1,0,0
JD_11513923,2021-02-28,67,36,54,1,1,0,0
JD_11513918,2021-02-28,49,35,39,0,0,0,0
JD_11513912,2021-02-28,2,1,1,0,0,0,0
JD_11513911,2021-02-28,31,17,29,0,0,0,0
JD_11513910,2021-02-28,0,0,0,0,0,0,0
JD_11513908,2021-02-28,32,18,23,0,1,0,0
JD_11513906,2021-02-28,0,0,0,0,0,0,0
JD_11513905,2021-02-28,4,4,1,0,0,0,0
JD_11513904,2021-02-28,1,1,1,0,0,0,0
JD_11513902,2021-02-28,1,1,0,0,0,0,0
JD_11513900,2021-02-28,1,0,1,0,0,0,0
