JD_11555220,2021-02-28,49,17,49,0,0,0,0
JD_11555219,2021-02-28,0,0,0,0,0,0,0
JD_11555218,2021-02-28,1016,207,937,8,6,0,1
JD_11555217,2021-02-28,841,0,827,9,5,0,0
JD_11555216,2021-02-28,9,4,5,0,0,0,0
JD_11555215,2021-02-28,31,16,19,2,0,0,0
JD_11555213,2021-02-28,25,16,24,0,0,0,0
JD_11555211,2021-02-28,762,493,517,5,0,2,7
JD_11555210,2021-02-28,0,0,0,0,0,0,0
JD_11555207,2021-02-28,57,14,42,0,1,0,0
JD_11555205,2021-02-28,171,109,166,2,0,0,1
JD_11555204,2021-02-28,170,127,141,0,0,0,0
JD_11555203,2021-02-28,20,15,14,0,1,0,0
JD_11555200,2021-02-28,65,10,64,1,0,0,0
JD_11555199,2021-02-28,29,19,23,0,0,0,0
JD_11555197,2021-02-28,11,8,11,0,0,0,0
JD_11555196,2021-02-28,37,14,34,0,0,0,0
JD_11555195,2021-02-28,226,5,222,4,0,0,0
JD_11555194,2021-02-28,19,0,18,1,0,0,0
JD_11555193,2021-02-28,1220,19,1143,45,21,0,0
JD_11555192,2021-02-28,444,119,440,3,0,0,1
JD_11555191,2021-02-28,489,223,430,5,1,0,0
JD_11555190,2021-02-28,2,1,1,0,0,0,0
JD_11555187,2021-02-28,1,1,0,0,0,0,0
JD_11555186,2021-02-28,37,24,20,0,0,0,0
JD_11555184,2021-02-28,5,3,2,0,0,0,0
JD_11555183,2021-02-28,0,0,0,0,0,0,0
JD_11555182,2021-02-28,0,0,0,0,0,0,0
JD_11555181,2021-02-28,13,0,12,1,0,0,0
JD_11555180,2021-02-28,5,0,5,0,0,0,0
JD_11555179,2021-02-28,2,1,2,0,0,0,0
JD_11555177,2021-02-28,5,2,2,0,1,0,0
JD_11555176,2021-02-28,4,2,3,0,0,0,0
JD_11555172,2021-02-28,3,2,1,0,0,0,0
JD_11555171,2021-02-28,4,0,4,0,0,0,0
JD_11555170,2021-02-28,9,0,9,0,0,0,0
JD_11555169,2021-02-28,2,2,1,0,0,0,0
JD_11555167,2021-02-28,14,10,5,0,0,0,0
JD_11555165,2021-02-28,830,645,451,1,5,0,3
JD_11555163,2021-02-28,4,0,4,0,0,0,0
JD_11554969,2021-02-28,267,0,260,3,4,0,0
JD_11554968,2021-02-28,559,388,542,1,3,0,1
JD_11554967,2021-02-28,402,316,225,1,1,0,0
JD_11554965,2021-02-28,52,36,26,0,0,0,0
JD_11554964,2021-02-28,0,0,0,0,0,0,0
JD_11554963,2021-02-28,11,2,11,0,0,0,0
JD_11554962,2021-02-28,2,0,2,0,0,0,0
JD_11554961,2021-02-28,11,5,9,1,0,0,0
JD_11554958,2021-02-28,23,13,19,0,0,0,1
JD_11554956,2021-02-28,14,10,9,0,0,0,0
JD_11554955,2021-02-28,11,8,7,0,0,0,0
JD_11554954,2021-02-28,8,3,7,0,0,0,0
JD_11554953,2021-02-28,47,32,31,0,0,0,0
JD_11554952,2021-02-28,43,30,40,1,0,0,0
JD_11554951,2021-02-28,49,35,30,1,0,0,0
JD_11554948,2021-02-28,6,4,2,0,0,1,0
JD_11554947,2021-02-28,5,4,3,1,0,0,0
JD_11554946,2021-02-28,10,7,8,0,0,0,1
JD_11554945,2021-02-28,3,1,2,0,0,0,0
JD_11554944,2021-02-28,30,9,28,1,0,0,0
JD_11554942,2021-02-28,6,3,5,0,0,0,0
JD_11554939,2021-02-28,1,0,1,0,0,0,0
JD_11554938,2021-02-28,2,1,1,1,0,0,0
JD_11554937,2021-02-28,2,0,1,0,1,0,0
JD_11554936,2021-02-28,2,1,1,0,0,0,0
JD_11554935,2021-02-28,1,1,1,0,0,0,0
JD_11554934,2021-02-28,0,0,0,0,0,0,0
JD_11554933,2021-02-28,13,2,12,1,0,0,0
JD_11554931,2021-02-28,0,0,0,0,0,0,0
JD_11554929,2021-02-28,8,5,6,0,0,0,0
