JD_11311594,2021-02-28,8,4,6,0,0,0,0
JD_11311593,2021-02-28,7,3,7,0,0,0,0
JD_11311592,2021-02-28,20,14,7,0,0,0,0
JD_11311591,2021-02-28,16,13,6,0,0,0,0
JD_11311590,2021-02-28,3,2,1,0,0,0,0
JD_11311589,2021-02-28,3,3,0,0,0,0,0
JD_11311588,2021-02-28,2,2,1,0,0,0,0
JD_11311585,2021-02-28,9,7,6,0,0,0,0
JD_11311584,2021-02-28,301,203,212,1,3,0,0
JD_11311583,2021-02-28,7,3,6,0,0,0,0
JD_11311582,2021-02-28,45,23,36,0,1,0,0
JD_11311581,2021-02-28,4,1,4,0,0,0,0
JD_11311579,2021-02-28,0,0,0,0,0,0,0
JD_11311577,2021-02-28,3,2,1,0,0,0,0
JD_11311569,2021-02-28,0,0,0,0,0,0,0
JD_11311561,2021-02-28,0,0,0,0,0,0,0
JD_11311559,2021-02-28,0,0,0,0,0,0,0
JD_11311555,2021-02-28,55,37,28,0,0,0,0
JD_11311552,2021-02-28,48,23,35,1,0,0,0
JD_11311548,2021-02-28,33,15,26,1,0,0,0
JD_11311547,2021-02-28,35,5,35,0,0,0,1
JD_11311542,2021-02-28,659,328,445,0,1,1,3
JD_11311541,2021-02-28,12,4,11,0,0,0,0
JD_11311540,2021-02-28,53,0,49,2,2,0,0
JD_11311539,2021-02-28,823,345,594,1,3,2,6
JD_11311537,2021-02-28,29,0,27,0,2,0,0
JD_11311536,2021-02-28,27,16,19,0,0,0,0
JD_11311535,2021-02-28,11,1,11,0,0,0,0
JD_11311534,2021-02-28,10,6,8,0,0,0,0
JD_11311532,2021-02-28,13,2,8,0,3,1,0
JD_11311531,2021-02-28,87,41,63,0,0,0,1
JD_11311530,2021-02-28,9,2,7,1,0,0,0
JD_11311529,2021-02-28,41,13,37,2,0,0,0
JD_11311528,2021-02-28,192,0,186,2,4,0,0
JD_11311522,2021-02-28,2,1,2,0,0,0,0
JD_11311521,2021-02-28,49,29,33,0,0,0,0
JD_11311520,2021-02-28,1,1,1,0,0,0,0
JD_11311518,2021-02-28,3,0,3,0,0,0,0
JD_11311516,2021-02-28,94,0,90,4,0,0,0
JD_11311515,2021-02-28,122,20,114,0,1,0,0
JD_11311513,2021-02-28,1,0,1,0,0,0,0
JD_11311512,2021-02-28,159,51,150,3,0,0,0
JD_11311511,2021-02-28,0,0,0,0,0,0,0
JD_11311509,2021-02-28,45,1,43,1,1,0,0
JD_11311508,2021-02-28,102,68,46,0,0,0,0
JD_11311505,2021-02-28,8,6,4,0,0,0,0
JD_11311504,2021-02-28,586,334,535,6,2,2,2
JD_11311503,2021-02-28,9,4,5,0,0,0,0
JD_11311502,2021-02-28,12,1,11,0,0,0,0
JD_11311501,2021-02-28,3,0,3,0,0,0,0
JD_11311500,2021-02-28,6,0,6,0,0,0,0
JD_11311497,2021-02-28,309,200,204,1,0,0,1
JD_11311494,2021-02-28,31,25,30,0,0,0,0
JD_11311493,2021-02-28,26,17,25,0,0,0,0
JD_11311492,2021-02-28,238,161,154,0,0,0,1
JD_11311486,2021-02-28,0,0,0,0,0,0,0
JD_11311484,2021-02-28,1,1,1,0,0,0,0
JD_11311479,2021-02-28,11,3,11,0,0,0,0
JD_11311477,2021-02-28,0,0,0,0,0,0,0
JD_11311476,2021-02-28,0,0,0,0,0,0,0
JD_11311475,2021-02-28,0,0,0,0,0,0,0
JD_11311473,2021-02-28,0,0,0,0,0,0,0
JD_11311470,2021-02-28,2,1,1,0,0,0,0
JD_11311468,2021-02-28,0,0,0,0,0,0,0
JD_11311466,2021-02-28,18,17,7,0,0,0,0
JD_11311464,2021-02-28,35,26,18,1,0,0,0
JD_11311463,2021-02-28,0,0,0,0,0,0,0
JD_11311457,2021-02-28,10,4,10,0,0,0,0
JD_11311456,2021-02-28,0,0,0,0,0,0,0
JD_11311455,2021-02-28,0,0,0,0,0,0,0
