JD_11470443,2021-02-28,3,2,1,0,0,0,0
JD_11470442,2021-02-28,16,11,15,0,0,0,0
JD_11470441,2021-02-28,2,2,0,0,0,0,0
JD_11470439,2021-02-28,4,4,1,0,0,0,0
JD_11470438,2021-02-28,0,0,0,0,0,0,0
JD_11470436,2021-02-28,3,2,1,0,0,0,0
JD_11470435,2021-02-28,4,2,2,0,0,0,0
JD_11470433,2021-02-28,2,2,1,0,0,0,0
JD_11470432,2021-02-28,0,0,0,0,0,0,0
JD_11470431,2021-02-28,2,2,0,0,0,0,0
JD_11470430,2021-02-28,0,0,0,0,0,0,0
JD_11470429,2021-02-28,0,0,0,0,0,0,0
JD_11470428,2021-02-28,1,0,1,0,0,0,0
JD_11470427,2021-02-28,7,4,7,0,0,0,0
JD_11470425,2021-02-28,2,2,2,0,0,0,0
JD_11470424,2021-02-28,10,10,5,0,0,0,0
JD_11470423,2021-02-28,1,0,1,0,0,0,0
JD_11470422,2021-02-28,0,0,0,0,0,0,0
JD_11470421,2021-02-28,0,0,0,0,0,0,0
JD_11470419,2021-02-28,3,1,2,0,0,0,0
JD_11470418,2021-02-28,3,3,0,0,0,0,0
JD_11470417,2021-02-28,1,0,1,0,0,0,0
JD_11470416,2021-02-28,1,0,1,0,0,0,0
JD_11470415,2021-02-28,2,1,1,0,0,0,0
JD_11470414,2021-02-28,0,0,0,0,0,0,0
JD_11470413,2021-02-28,1,0,1,0,0,0,0
JD_11470412,2021-02-28,9,9,4,0,0,0,0
JD_11470411,2021-02-28,1,1,1,0,0,0,0
JD_11470410,2021-02-28,1,1,0,0,0,0,0
JD_11470408,2021-02-28,7,5,6,0,0,0,0
JD_11470407,2021-02-28,1,0,1,0,0,0,0
JD_11470406,2021-02-28,2,1,1,0,0,0,0
JD_11470405,2021-02-28,0,0,0,0,0,0,0
JD_11470404,2021-02-28,7,6,4,0,0,0,0
JD_11470403,2021-02-28,1,1,1,0,0,0,0
JD_11470402,2021-02-28,2,2,1,0,0,0,0
JD_11470401,2021-02-28,0,0,0,0,0,0,0
JD_11470400,2021-02-28,1,0,1,0,0,0,0
JD_11470399,2021-02-28,0,0,0,0,0,0,0
JD_11470394,2021-02-28,8,7,3,1,0,0,0
JD_11470393,2021-02-28,20,11,20,0,0,0,0
JD_11470392,2021-02-28,3,2,2,0,0,0,0
JD_11470391,2021-02-28,2,2,1,0,0,0,0
JD_11470390,2021-02-28,7,7,0,0,0,0,0
JD_11470386,2021-02-28,8,4,4,0,0,0,0
JD_11470385,2021-02-28,11,9,8,0,0,0,0
JD_11470384,2021-02-28,0,0,0,0,0,0,0
JD_11470383,2021-02-28,7,4,5,0,0,0,0
JD_11470382,2021-02-28,0,0,0,0,0,0,0
JD_11470381,2021-02-28,1,1,0,0,0,0,0
JD_11470380,2021-02-28,17,12,8,0,0,0,0
JD_11470379,2021-02-28,5,5,2,0,0,0,0
JD_11470378,2021-02-28,14,10,5,1,0,0,0
JD_11470377,2021-02-28,1,0,1,0,0,0,0
JD_11470376,2021-02-28,5,4,4,0,0,0,0
JD_11470375,2021-02-28,0,0,0,0,0,0,0
JD_11470374,2021-02-28,4,0,4,0,0,0,0
JD_11470373,2021-02-28,0,0,0,0,0,0,0
JD_11470372,2021-02-28,1,0,1,0,0,0,0
JD_11470370,2021-02-28,0,0,0,0,0,0,0
JD_11470369,2021-02-28,7,4,3,0,0,0,0
JD_11470364,2021-02-28,6,5,3,0,0,0,0
JD_11470363,2021-02-28,3,1,3,0,0,0,0
JD_11470362,2021-02-28,0,0,0,0,0,0,0
JD_11470360,2021-02-28,0,0,0,0,0,0,0
JD_11470358,2021-02-28,6,6,2,0,0,0,0
JD_11470357,2021-02-28,2,1,2,0,0,0,0
JD_11470356,2021-02-28,5,4,3,0,0,0,0
JD_11470355,2021-02-28,1,1,1,0,0,0,0
JD_11470353,2021-02-28,0,0,0,0,0,0,0
