JD_11521842,2021-02-28,68,35,51,0,0,0,0
JD_11521841,2021-02-28,141,76,109,6,0,0,0
JD_11521840,2021-02-28,117,71,90,2,0,0,0
JD_11521839,2021-02-28,106,62,82,0,1,0,0
JD_11521838,2021-02-28,4,0,3,1,0,0,0
JD_11521835,2021-02-28,155,0,148,6,1,0,0
JD_11521834,2021-02-28,56,29,42,0,1,0,0
JD_11521832,2021-02-28,3,2,1,0,0,0,0
JD_11521818,2021-02-28,1715,1348,396,6,0,0,4
JD_11521817,2021-02-28,1521,1143,753,7,6,0,4
JD_11521816,2021-02-28,145694,103272,75166,357,270,78,258
JD_11521815,2021-02-28,342,223,216,2,2,0,0
JD_11521814,2021-02-28,0,0,0,0,0,0,0
JD_11521811,2021-02-28,2018,1546,511,3,1,2,3
JD_11521810,2021-02-28,1387,442,1243,7,5,0,2
JD_11521809,2021-02-28,2775,985,2743,21,11,1,12
JD_11521808,2021-02-28,22,17,12,0,0,0,0
JD_11521807,2021-02-28,16,11,9,0,0,0,0
JD_11521806,2021-02-28,23,17,16,1,0,0,0
JD_11521804,2021-02-28,623,426,528,5,1,0,1
JD_11521803,2021-02-28,31,21,26,0,0,0,0
JD_11521801,2021-02-28,4,0,4,0,0,0,0
JD_11521798,2021-02-28,9,6,9,0,0,0,0
JD_11521797,2021-02-28,10,5,10,0,0,0,0
JD_11521795,2021-02-28,15,0,14,0,1,0,0
JD_11521793,2021-02-28,0,0,0,0,0,0,0
JD_11521788,2021-02-28,34,29,33,0,0,0,0
JD_11521787,2021-02-28,303,180,296,1,0,0,1
JD_11521778,2021-02-28,548,235,535,6,0,1,1
JD_11521777,2021-02-28,0,0,0,0,0,0,0
JD_11521776,2021-02-28,4,4,1,0,0,0,0
JD_11521775,2021-02-28,164,101,102,0,0,1,1
JD_11521773,2021-02-28,150,6,143,4,3,0,0
JD_11521772,2021-02-28,192,121,109,0,0,0,0
JD_11521768,2021-02-28,160,69,153,5,2,0,1
JD_11521765,2021-02-28,19,14,17,1,0,0,0
JD_11521761,2021-02-28,13,7,12,0,0,0,0
JD_11521760,2021-02-28,18,12,17,0,0,0,0
JD_11521759,2021-02-28,24,12,21,0,0,0,0
JD_11521758,2021-02-28,21,15,19,0,0,0,0
JD_11521756,2021-02-28,10,1,10,0,0,0,0
JD_11521755,2021-02-28,7,0,7,0,0,0,0
JD_11521754,2021-02-28,24,12,23,0,0,0,0
JD_11521735,2021-02-28,2210,708,1969,37,29,0,3
JD_11521733,2021-02-28,58,7,57,0,0,0,0
JD_11521731,2021-02-28,65,10,62,0,0,0,0
JD_11521728,2021-02-28,132,83,106,0,0,0,0
JD_11521726,2021-02-28,1,0,1,0,0,0,0
JD_11521725,2021-02-28,2,0,2,0,0,0,0
JD_11521722,2021-02-28,0,0,0,0,0,0,0
JD_11521721,2021-02-28,5,4,4,0,0,0,0
JD_11521720,2021-02-28,9,6,7,0,0,0,0
JD_11521719,2021-02-28,1,0,1,0,0,0,0
JD_11521718,2021-02-28,5,2,4,0,0,0,0
JD_11521717,2021-02-28,2,1,1,0,0,0,0
JD_11521716,2021-02-28,1,1,1,0,0,0,0
JD_11521714,2021-02-28,0,0,0,0,0,0,0
JD_11521712,2021-02-28,268,83,207,4,0,0,0
JD_11521710,2021-02-28,250,133,193,0,0,0,0
JD_11521709,2021-02-28,762,485,624,6,0,2,4
JD_11521708,2021-02-28,356,197,260,6,3,0,1
JD_11521707,2021-02-28,120,15,117,0,3,0,1
JD_11521706,2021-02-28,408,217,246,5,1,2,0
JD_11521705,2021-02-28,3579,1525,2596,17,4,10,12
JD_11521703,2021-02-28,2,2,0,0,0,0,0
JD_11521702,2021-02-28,1,1,0,0,0,0,0
JD_11521701,2021-02-28,2517,1851,2526,5,3,3,3
JD_11521700,2021-02-28,953,568,491,2,2,3,2
JD_11521699,2021-02-28,106,3,103,2,1,0,0
JD_11521698,2021-02-28,229,112,156,3,1,0,1
