JD_11400411,2021-02-28,20,9,14,0,0,0,0
JD_11400410,2021-02-28,10,5,9,0,0,0,0
JD_11400409,2021-02-28,9,8,6,0,0,0,0
JD_11400408,2021-02-28,10,5,5,0,0,0,0
JD_11400407,2021-02-28,13,4,9,0,1,0,0
JD_11400406,2021-02-28,12,5,7,0,0,0,0
JD_11400405,2021-02-28,5,3,5,0,0,0,0
JD_11400404,2021-02-28,20,14,7,0,0,0,0
JD_11400403,2021-02-28,8,3,5,0,0,0,0
JD_11400402,2021-02-28,3,1,3,0,0,0,0
JD_11400401,2021-02-28,0,0,0,0,0,0,0
JD_11400397,2021-02-28,0,0,0,0,0,0,0
JD_11400396,2021-02-28,4,2,2,0,0,0,0
JD_11400394,2021-02-28,0,0,0,0,0,0,0
JD_11400391,2021-02-28,0,0,0,0,0,0,0
JD_11400390,2021-02-28,0,0,0,0,0,0,0
JD_11400388,2021-02-28,0,0,0,0,0,0,0
JD_11400387,2021-02-28,0,0,0,0,0,0,0
JD_11400385,2021-02-28,16,1,15,1,0,0,0
JD_11400383,2021-02-28,0,0,0,0,0,0,0
JD_11400381,2021-02-28,153,124,60,0,0,0,0
JD_11400380,2021-02-28,120,90,50,0,0,0,0
JD_11400379,2021-02-28,0,0,0,0,0,0,0
JD_11400378,2021-02-28,0,0,0,0,0,0,0
JD_11400376,2021-02-28,0,0,0,0,0,0,0
JD_11400375,2021-02-28,6,3,5,0,0,0,0
JD_11400374,2021-02-28,2,2,0,0,0,0,0
JD_11400373,2021-02-28,0,0,0,0,0,0,0
JD_11400372,2021-02-28,12,9,10,0,0,0,0
JD_11400370,2021-02-28,1,1,1,0,0,0,0
JD_11400369,2021-02-28,0,0,0,0,0,0,0
JD_11400365,2021-02-28,3,0,3,0,0,0,0
JD_11400364,2021-02-28,2,0,1,1,0,0,0
JD_11400363,2021-02-28,8,6,3,0,0,0,0
JD_11400362,2021-02-28,1,1,1,0,0,0,0
JD_11400361,2021-02-28,0,0,0,0,0,0,0
JD_11400357,2021-02-28,5,3,4,0,0,0,0
JD_11400356,2021-02-28,1,1,0,0,0,0,0
JD_11400351,2021-02-28,2,2,1,0,0,0,0
JD_11400350,2021-02-28,1,0,1,0,0,0,0
JD_11400348,2021-02-28,0,0,0,0,0,0,0
JD_11400347,2021-02-28,0,0,0,0,0,0,0
JD_11400337,2021-02-28,0,0,0,0,0,0,0
JD_11400335,2021-02-28,0,0,0,0,0,0,0
JD_11400333,2021-02-28,0,0,0,0,0,0,0
JD_11400325,2021-02-28,0,0,0,0,0,0,0
JD_11400321,2021-02-28,69,20,61,0,0,0,0
JD_11400318,2021-02-28,0,0,0,0,0,0,0
JD_11400317,2021-02-28,0,0,0,0,0,0,0
JD_11400315,2021-02-28,0,0,0,0,0,0,0
JD_11400310,2021-02-28,0,0,0,0,0,0,0
JD_11400309,2021-02-28,60,45,53,0,0,0,0
JD_11400305,2021-02-28,614,445,334,0,0,0,1
JD_11400304,2021-02-28,10,9,6,0,0,0,0
JD_11400303,2021-02-28,0,0,0,0,0,0,0
JD_11400301,2021-02-28,0,0,0,0,0,0,0
JD_11400290,2021-02-28,6,2,6,0,0,0,0
JD_11400283,2021-02-28,214,133,186,0,0,0,1
JD_11400282,2021-02-28,0,0,0,0,0,0,0
JD_11400279,2021-02-28,0,0,0,0,0,0,0
JD_11400278,2021-02-28,9,4,9,0,0,0,0
JD_11400277,2021-02-28,11,7,9,0,0,0,0
JD_11400272,2021-02-28,1,1,1,0,0,0,0
JD_11400271,2021-02-28,0,0,0,0,0,0,0
JD_11400269,2021-02-28,3,2,3,0,0,0,0
JD_11400268,2021-02-28,0,0,0,0,0,0,0
JD_11400267,2021-02-28,3,1,1,1,0,0,0
JD_11400265,2021-02-28,0,0,0,0,0,0,0
JD_11400264,2021-02-28,0,0,0,0,0,0,0
JD_11400263,2021-02-28,0,0,0,0,0,0,0
