JD_11650127,2021-02-28,121,47,104,2,2,0,0
JD_11650126,2021-02-28,69,51,24,0,0,0,0
JD_11650124,2021-02-28,46,39,13,1,0,0,0
JD_11650123,2021-02-28,104,84,46,1,1,0,0
JD_11650122,2021-02-28,19,0,18,1,0,0,0
JD_11650074,2021-02-28,14,0,13,1,0,0,0
JD_11650067,2021-02-28,22,0,21,1,0,0,0
JD_11650063,2021-02-28,3431,2548,2200,5,5,0,8
JD_11650062,2021-02-28,11,0,11,0,0,0,0
JD_11650061,2021-02-28,23,15,14,0,0,0,1
JD_11650060,2021-02-28,7,6,5,0,0,0,0
JD_11650059,2021-02-28,2,2,1,0,0,0,0
JD_11650058,2021-02-28,30,17,21,0,0,0,0
JD_11650057,2021-02-28,16,8,14,0,0,0,0
JD_11650056,2021-02-28,35,28,26,0,0,0,0
JD_11650055,2021-02-28,70,56,56,0,0,0,0
JD_11650053,2021-02-28,39,25,28,0,0,0,0
JD_11650052,2021-02-28,38,24,28,1,0,0,0
JD_11650051,2021-02-28,16,8,13,0,0,0,0
JD_11650050,2021-02-28,846,819,40,0,0,0,0
JD_11650049,2021-02-28,12,9,7,0,0,0,0
JD_11650048,2021-02-28,28,4,26,0,0,0,0
JD_11650047,2021-02-28,5,1,5,0,0,0,0
JD_11650046,2021-02-28,267,201,142,1,0,0,0
JD_11650045,2021-02-28,17,14,5,0,0,0,0
JD_11650044,2021-02-28,9,3,7,0,0,1,0
JD_11650043,2021-02-28,16,6,10,0,0,1,0
JD_11650042,2021-02-28,25,12,19,2,0,0,0
JD_11650041,2021-02-28,15,5,11,1,1,0,0
JD_11649807,2021-02-28,102,54,97,0,1,0,0
JD_11649806,2021-02-28,40,22,32,0,0,0,0
JD_11649805,2021-02-28,3,1,2,0,0,0,0
JD_11649803,2021-02-28,2,1,2,0,0,0,0
JD_11649801,2021-02-28,0,0,0,0,0,0,0
JD_11649800,2021-02-28,0,0,0,0,0,0,0
JD_11649799,2021-02-28,323,210,308,0,0,0,0
JD_11649798,2021-02-28,761,494,437,2,1,1,1
JD_11649797,2021-02-28,14,5,14,0,0,0,0
JD_11649796,2021-02-28,1,1,0,0,0,0,0
JD_11649795,2021-02-28,3,2,2,0,0,0,0
JD_11649794,2021-02-28,28,21,16,0,0,0,0
JD_11649793,2021-02-28,1,1,1,0,0,0,0
JD_11649792,2021-02-28,4,3,1,0,0,0,0
JD_11649790,2021-02-28,431,0,426,5,0,0,0
JD_11649789,2021-02-28,32,22,21,2,0,0,0
JD_11649788,2021-02-28,29,24,14,0,0,0,0
JD_11649787,2021-02-28,239,161,236,3,0,0,0
JD_11649786,2021-02-28,1,0,1,0,0,0,0
JD_11649785,2021-02-28,5499,4322,2738,14,8,10,6
JD_11649784,2021-02-28,9,6,5,0,0,0,0
JD_11649783,2021-02-28,1,0,1,0,0,0,0
JD_11649781,2021-02-28,0,0,0,0,0,0,0
JD_11649780,2021-02-28,1,1,0,0,0,0,0
JD_11649779,2021-02-28,6,2,6,0,0,0,0
JD_11649777,2021-02-28,26,16,18,0,0,0,1
JD_11649775,2021-02-28,49,28,43,0,2,0,0
JD_11649774,2021-02-28,2,1,2,0,0,0,0
JD_11649773,2021-02-28,6,1,5,0,0,0,0
JD_11649771,2021-02-28,13,5,11,0,0,0,0
JD_11649769,2021-02-28,7,2,7,0,0,0,0
JD_11649768,2021-02-28,76,63,22,0,1,0,0
JD_11649766,2021-02-28,42,15,38,0,0,0,0
JD_11649765,2021-02-28,143,102,77,0,0,0,0
JD_11649764,2021-02-28,29,0,27,1,1,0,0
JD_11649763,2021-02-28,3,1,3,0,0,0,0
JD_11649762,2021-02-28,1,1,0,0,0,0,0
JD_11649761,2021-02-28,8,2,8,0,0,0,0
JD_11649760,2021-02-28,38,12,37,0,1,0,0
JD_11649758,2021-02-28,4,1,3,0,0,0,1
JD_11649757,2021-02-28,113,71,68,1,1,0,0
