JD_11569400,2021-02-28,1,1,1,0,0,0,0
JD_11569399,2021-02-28,199,151,160,0,0,0,0
JD_11569395,2021-02-28,9,1,8,1,0,0,0
JD_11569394,2021-02-28,22,17,16,0,0,0,1
JD_11569393,2021-02-28,1,1,1,0,0,0,0
JD_11569389,2021-02-28,12,3,10,0,0,0,0
JD_11569384,2021-02-28,0,0,0,0,0,0,0
JD_11569382,2021-02-28,5066,2858,4192,31,12,1,7
JD_11569379,2021-02-28,34,11,34,0,0,0,0
JD_11569375,2021-02-28,7,4,7,0,0,0,0
JD_11569373,2021-02-28,0,0,0,0,0,0,0
JD_11569372,2021-02-28,15,9,14,0,0,0,0
JD_11569370,2021-02-28,0,0,0,0,0,0,0
JD_11569368,2021-02-28,77,3,76,1,0,0,0
JD_11569360,2021-02-28,133,0,128,3,2,0,0
JD_11569359,2021-02-28,0,0,0,0,0,0,0
JD_11569353,2021-02-28,26,21,9,0,0,0,0
JD_11569352,2021-02-28,61,37,56,1,0,0,0
JD_11569351,2021-02-28,19,8,12,0,0,0,1
JD_11569350,2021-02-28,94,10,93,1,0,0,0
JD_11569349,2021-02-28,143,0,140,3,0,0,0
JD_11569348,2021-02-28,18,7,11,0,0,0,0
JD_11569347,2021-02-28,13,8,8,0,0,0,0
JD_11569346,2021-02-28,19,12,9,0,0,0,0
JD_11569345,2021-02-28,19,15,14,1,0,0,0
JD_11569344,2021-02-28,28,19,22,0,0,0,0
JD_11569343,2021-02-28,208,143,106,3,0,0,0
JD_11569342,2021-02-28,14,10,12,0,0,0,0
JD_11569341,2021-02-28,10,0,10,0,0,0,0
JD_11569340,2021-02-28,34,0,34,0,0,0,0
JD_11569339,2021-02-28,35,1,33,1,1,0,0
JD_11569338,2021-02-28,251,127,216,5,10,0,1
JD_11569337,2021-02-28,22,0,22,0,0,0,0
JD_11569336,2021-02-28,20,13,13,0,0,0,0
JD_11569335,2021-02-28,0,0,0,0,0,0,0
JD_11569334,2021-02-28,1450,956,858,14,3,0,2
JD_11569333,2021-02-28,93,8,87,4,2,0,0
JD_11569332,2021-02-28,20,16,8,0,0,0,0
JD_11569331,2021-02-28,3,2,2,0,0,0,0
JD_11569330,2021-02-28,9,2,9,0,0,0,0
JD_11569237,2021-02-28,3,0,3,0,0,0,0
JD_11569236,2021-02-28,5,3,2,0,0,0,0
JD_11569235,2021-02-28,37,30,9,0,0,0,0
JD_11569233,2021-02-28,31,24,15,0,0,0,0
JD_11569232,2021-02-28,4,3,2,0,0,0,0
JD_11569231,2021-02-28,11,11,7,0,0,0,0
JD_11569228,2021-02-28,0,0,0,0,0,0,0
JD_11569227,2021-02-28,21,16,10,0,0,0,0
JD_11569226,2021-02-28,3,1,3,0,0,0,0
JD_11569224,2021-02-28,0,0,0,0,0,0,0
JD_11569223,2021-02-28,2,2,0,0,0,0,0
JD_11569222,2021-02-28,0,0,0,0,0,0,0
JD_11569221,2021-02-28,10,7,7,0,0,0,0
JD_11569219,2021-02-28,4,2,2,0,0,0,0
JD_11569218,2021-02-28,0,0,0,0,0,0,0
JD_11569212,2021-02-28,6,0,5,1,0,0,0
JD_11569210,2021-02-28,1,0,1,0,0,0,0
JD_11569209,2021-02-28,0,0,0,0,0,0,0
JD_11569206,2021-02-28,2,2,1,0,0,0,0
JD_11569205,2021-02-28,0,0,0,0,0,0,0
JD_11569200,2021-02-28,0,0,0,0,0,0,0
JD_11569199,2021-02-28,23,7,22,1,0,0,0
JD_11569197,2021-02-28,72,6,68,2,0,1,0
JD_11569196,2021-02-28,1,1,1,0,0,0,0
JD_11569195,2021-02-28,0,0,0,0,0,0,0
JD_11569194,2021-02-28,0,0,0,0,0,0,0
JD_11569193,2021-02-28,0,0,0,0,0,0,0
JD_11569192,2021-02-28,1,1,0,0,0,0,0
JD_11569191,2021-02-28,0,0,0,0,0,0,0
JD_11569190,2021-02-28,7,2,6,0,0,0,0
