JD_11547923,2021-02-28,0,0,0,0,0,0,0
JD_11547921,2021-02-28,184,27,183,1,0,0,0
JD_11547920,2021-02-28,68,16,68,0,0,0,0
JD_11547914,2021-02-28,281,1,277,2,2,0,1
JD_11547889,2021-02-28,0,0,0,0,0,0,0
JD_11547870,2021-02-28,0,0,0,0,0,0,0
JD_11547869,2021-02-28,5995,4337,4266,17,14,1,5
JD_11547868,2021-02-28,3724,2562,2766,21,3,1,2
JD_11547867,2021-02-28,4349,3059,3303,9,7,3,5
JD_11547866,2021-02-28,44,33,39,0,0,0,0
JD_11547865,2021-02-28,35,3,34,1,0,0,0
JD_11547864,2021-02-28,193,155,126,1,0,1,0
JD_11547863,2021-02-28,253,210,174,0,1,1,0
JD_11547862,2021-02-28,6,5,2,0,0,0,0
JD_11547861,2021-02-28,23,13,13,0,0,0,0
JD_11547860,2021-02-28,2,1,1,0,0,0,0
JD_11547859,2021-02-28,292,216,215,1,2,0,0
JD_11547858,2021-02-28,0,0,0,0,0,0,0
JD_11547857,2021-02-28,1,0,1,0,0,0,0
JD_11547856,2021-02-28,3,1,2,0,0,0,0
JD_11547855,2021-02-28,319,126,291,5,2,0,1
JD_11547854,2021-02-28,15,7,10,0,0,0,0
JD_11547853,2021-02-28,38,27,22,1,0,0,0
JD_11547852,2021-02-28,125,76,81,2,1,0,0
JD_11547851,2021-02-28,5,2,3,0,1,0,0
JD_11547850,2021-02-28,24,15,21,0,0,0,0
JD_11547849,2021-02-28,45,27,28,0,0,0,0
JD_11547848,2021-02-28,2,2,1,0,0,0,0
JD_11547847,2021-02-28,158,138,40,0,0,0,0
JD_11547846,2021-02-28,50,39,27,1,0,0,0
JD_11547844,2021-02-28,7,5,3,0,1,0,0
JD_11547843,2021-02-28,54,39,40,0,0,0,0
JD_11547842,2021-02-28,54,40,34,0,0,0,0
JD_11547841,2021-02-28,253,196,152,0,2,0,0
JD_11547840,2021-02-28,270,172,261,2,0,1,0
JD_11547839,2021-02-28,453,265,314,2,1,0,1
JD_11547837,2021-02-28,41,18,39,2,0,0,0
JD_11547836,2021-02-28,66,40,48,0,0,0,0
JD_11547835,2021-02-28,5411,2762,3961,54,28,6,6
JD_11547833,2021-02-28,159,18,155,4,0,0,0
JD_11547832,2021-02-28,40,28,31,0,0,0,0
JD_11547831,2021-02-28,390,278,184,1,0,0,1
JD_11547830,2021-02-28,41,29,29,0,1,0,0
JD_11547829,2021-02-28,1186,856,1056,9,3,1,2
JD_11547828,2021-02-28,0,0,0,0,0,0,0
JD_11547827,2021-02-28,7,6,4,0,0,0,0
JD_11547826,2021-02-28,274,126,272,1,1,0,0
JD_11547825,2021-02-28,187,0,180,6,1,0,0
JD_11547824,2021-02-28,385,283,244,3,1,1,0
JD_11547823,2021-02-28,988,718,578,3,0,0,0
JD_11547822,2021-02-28,168,0,161,5,2,0,0
JD_11547821,2021-02-28,220,0,207,11,2,0,0
JD_11547820,2021-02-28,32,15,21,0,0,0,0
JD_11547819,2021-02-28,2,0,2,0,0,0,0
JD_11547818,2021-02-28,8,8,2,0,0,0,0
JD_11547817,2021-02-28,21,14,15,2,0,0,0
JD_11547816,2021-02-28,249,153,146,1,0,1,0
JD_11547815,2021-02-28,313,199,180,2,0,1,1
JD_11547814,2021-02-28,206,117,132,0,1,1,0
JD_11547813,2021-02-28,221,141,123,0,0,0,0
JD_11547812,2021-02-28,240,152,134,0,0,1,0
JD_11547811,2021-02-28,18,0,17,1,0,0,0
JD_11547810,2021-02-28,28,21,17,1,0,0,0
JD_11547809,2021-02-28,1314,907,671,2,1,3,9
JD_11547808,2021-02-28,18,0,18,0,0,0,0
JD_11547807,2021-02-28,25,0,24,1,0,0,0
JD_11547806,2021-02-28,10,0,10,0,0,0,0
JD_11547805,2021-02-28,53,1,48,3,2,0,0
JD_11547804,2021-02-28,69,36,47,0,2,0,0
JD_11547803,2021-02-28,4,1,3,0,0,0,0
