JD_11415334,2021-02-28,1,1,0,0,0,0,0
JD_11415333,2021-02-28,0,0,0,0,0,0,0
JD_11415331,2021-02-28,0,0,0,0,0,0,0
JD_11415329,2021-02-28,0,0,0,0,0,0,0
JD_11415326,2021-02-28,0,0,0,0,0,0,0
JD_11415325,2021-02-28,0,0,0,0,0,0,0
JD_11415323,2021-02-28,0,0,0,0,0,0,0
JD_11415313,2021-02-28,0,0,0,0,0,0,0
JD_11415312,2021-02-28,1,1,1,0,0,0,0
JD_11415310,2021-02-28,0,0,0,0,0,0,0
JD_11415309,2021-02-28,0,0,0,0,0,0,0
JD_11415304,2021-02-28,0,0,0,0,0,0,0
JD_11415302,2021-02-28,0,0,0,0,0,0,0
JD_11415301,2021-02-28,25,17,15,0,0,0,0
JD_11415300,2021-02-28,0,0,0,0,0,0,0
JD_11415298,2021-02-28,2,1,2,0,0,0,0
JD_11415288,2021-02-28,15,7,12,0,1,0,0
JD_11415287,2021-02-28,1,1,1,0,0,0,0
JD_11415286,2021-02-28,0,0,0,0,0,0,0
JD_11415284,2021-02-28,0,0,0,0,0,0,0
JD_11415279,2021-02-28,1,0,1,0,0,0,0
JD_11415278,2021-02-28,0,0,0,0,0,0,0
JD_11415275,2021-02-28,0,0,0,0,0,0,0
JD_11415269,2021-02-28,0,0,0,0,0,0,0
JD_11415267,2021-02-28,0,0,0,0,0,0,0
JD_11415263,2021-02-28,2,1,2,0,0,0,0
JD_11415253,2021-02-28,55,47,27,0,0,0,0
JD_11415250,2021-02-28,1,1,0,0,0,0,0
JD_11415248,2021-02-28,4,4,3,0,0,0,0
JD_11415247,2021-02-28,0,0,0,0,0,0,0
JD_11415246,2021-02-28,0,0,0,0,0,0,0
JD_11415244,2021-02-28,0,0,0,0,0,0,0
JD_11415243,2021-02-28,0,0,0,0,0,0,0
JD_11415242,2021-02-28,0,0,0,0,0,0,0
JD_11415241,2021-02-28,0,0,0,0,0,0,0
JD_11415240,2021-02-28,0,0,0,0,0,0,0
JD_11415238,2021-02-28,1,1,0,0,0,0,0
JD_11415237,2021-02-28,1,1,0,0,0,0,0
JD_11415235,2021-02-28,9,5,8,0,0,0,0
JD_11415234,2021-02-28,0,0,0,0,0,0,0
JD_11415233,2021-02-28,0,0,0,0,0,0,0
JD_11415230,2021-02-28,0,0,0,0,0,0,0
JD_11415225,2021-02-28,0,0,0,0,0,0,0
JD_11415224,2021-02-28,0,0,0,0,0,0,0
JD_11415223,2021-02-28,6,3,5,0,1,0,0
JD_11415222,2021-02-28,0,0,0,0,0,0,0
JD_11415217,2021-02-28,1,1,0,0,0,0,0
JD_11415214,2021-02-28,2,2,2,0,0,0,0
JD_11415213,2021-02-28,0,0,0,0,0,0,0
JD_11415212,2021-02-28,0,0,0,0,0,0,0
JD_11415211,2021-02-28,0,0,0,0,0,0,0
JD_11415210,2021-02-28,1,1,0,0,0,0,0
JD_11415209,2021-02-28,0,0,0,0,0,0,0
JD_11415198,2021-02-28,0,0,0,0,0,0,0
JD_11415191,2021-02-28,3,3,1,0,0,0,0
JD_11415182,2021-02-28,0,0,0,0,0,0,0
JD_11415153,2021-02-28,1,0,1,0,0,0,0
JD_11415137,2021-02-28,1,0,1,0,0,0,0
JD_11415119,2021-02-28,0,0,0,0,0,0,0
JD_11415108,2021-02-28,0,0,0,0,0,0,0
JD_11415107,2021-02-28,4,2,3,0,0,0,0
JD_11415102,2021-02-28,37,12,30,1,0,0,0
JD_11415100,2021-02-28,0,0,0,0,0,0,0
JD_11415098,2021-02-28,1,0,1,0,0,0,0
JD_11415095,2021-02-28,0,0,0,0,0,0,0
JD_11415094,2021-02-28,0,0,0,0,0,0,0
JD_11415090,2021-02-28,0,0,0,0,0,0,0
JD_11415086,2021-02-28,0,0,0,0,0,0,0
JD_11415084,2021-02-28,0,0,0,0,0,0,0
JD_11415081,2021-02-28,0,0,0,0,0,0,0
