JD_11458510,2021-02-28,1,0,1,0,0,0,0
JD_11458509,2021-02-28,26,17,12,0,0,0,0
JD_11458505,2021-02-28,5,3,4,0,0,0,0
JD_11458504,2021-02-28,4,2,2,0,0,0,0
JD_11458500,2021-02-28,154,73,127,0,0,0,1
JD_11458495,2021-02-28,219,119,168,2,3,2,2
JD_11458494,2021-02-28,151,37,148,2,0,0,0
JD_11458493,2021-02-28,1,1,1,0,0,0,0
JD_11458492,2021-02-28,1,0,1,0,0,0,0
JD_11458491,2021-02-28,3,0,3,0,0,0,0
JD_11458490,2021-02-28,13,2,12,0,0,0,0
JD_11458488,2021-02-28,5,1,5,0,0,0,0
JD_11458487,2021-02-28,2,2,2,0,0,0,0
JD_11458486,2021-02-28,1,0,1,0,0,0,0
JD_11458485,2021-02-28,18,13,17,0,0,0,0
JD_11458484,2021-02-28,14,4,14,0,0,0,0
JD_11458483,2021-02-28,11,7,9,0,0,0,0
JD_11458482,2021-02-28,20,8,19,0,0,0,0
JD_11458481,2021-02-28,8,4,7,0,0,0,0
JD_11458480,2021-02-28,59,45,59,0,0,0,0
JD_11458479,2021-02-28,7,2,7,0,0,0,0
JD_11458478,2021-02-28,24,9,24,0,0,0,0
JD_11458477,2021-02-28,2,0,2,0,0,0,0
JD_11458476,2021-02-28,19,13,14,0,0,0,0
JD_11458475,2021-02-28,32,27,15,0,0,1,0
JD_11458474,2021-02-28,25,0,24,1,0,0,0
JD_11458473,2021-02-28,9,5,6,0,0,0,0
JD_11458470,2021-02-28,80,42,60,0,0,0,0
JD_11458469,2021-02-28,49,23,35,1,0,0,0
JD_11458468,2021-02-28,12,7,10,0,0,0,0
JD_11458467,2021-02-28,17,11,17,0,0,0,0
JD_11458465,2021-02-28,15,5,11,0,0,0,0
JD_11458464,2021-02-28,174,112,117,2,0,0,1
JD_11458463,2021-02-28,102,47,68,1,0,0,0
JD_11458462,2021-02-28,4,2,4,0,0,0,0
JD_11458460,2021-02-28,131,24,123,1,1,0,0
JD_11458459,2021-02-28,311,244,151,0,0,0,0
JD_11458458,2021-02-28,19,12,14,0,1,0,0
JD_11458457,2021-02-28,55,34,44,2,0,0,0
JD_11458456,2021-02-28,4,2,3,0,0,0,0
JD_11458455,2021-02-28,32,23,26,1,0,0,0
JD_11458438,2021-02-28,18,4,17,0,0,0,0
JD_11458437,2021-02-28,25,10,24,0,0,0,0
JD_11458435,2021-02-28,15,3,15,0,0,0,1
JD_11458434,2021-02-28,27,3,27,0,0,0,0
JD_11458433,2021-02-28,10,1,10,0,0,0,0
JD_11458432,2021-02-28,57,31,50,0,0,0,0
JD_11458431,2021-02-28,76,54,47,0,0,0,0
JD_11458430,2021-02-28,10,6,3,1,0,0,0
JD_11458428,2021-02-28,0,0,0,0,0,0,0
JD_11458426,2021-02-28,12,5,12,0,0,0,0
JD_11458425,2021-02-28,72,57,27,0,0,0,1
JD_11458424,2021-02-28,13,5,13,0,0,0,0
JD_11458423,2021-02-28,29,24,17,0,0,0,0
JD_11458420,2021-02-28,205,1,197,5,3,0,0
JD_11458419,2021-02-28,5,5,1,0,0,0,0
JD_11458417,2021-02-28,48,1,45,2,1,0,0
JD_11458416,2021-02-28,6,4,5,0,0,0,0
JD_11458415,2021-02-28,0,0,0,0,0,0,0
JD_11458414,2021-02-28,20,1,18,2,0,0,0
JD_11458413,2021-02-28,137,1,134,2,1,0,0
JD_11458408,2021-02-28,53,0,49,2,2,0,0
JD_11458407,2021-02-28,7,0,6,1,0,0,0
JD_11458406,2021-02-28,1466,556,1363,21,3,0,1
JD_11458404,2021-02-28,117,75,61,1,0,0,0
JD_11458403,2021-02-28,27,13,27,0,0,0,0
JD_11458402,2021-02-28,0,0,0,0,0,0,0
JD_11458401,2021-02-28,94,0,91,3,0,0,0
JD_11458400,2021-02-28,49,23,40,2,2,0,0
JD_11458399,2021-02-28,29,21,14,0,0,0,0
