JD_11342399,2021-02-28,271,173,208,0,1,1,1
JD_11342396,2021-02-28,0,0,0,0,0,0,0
JD_11342394,2021-02-28,94,47,67,0,0,0,0
JD_11342392,2021-02-28,14,4,11,0,0,0,0
JD_11342391,2021-02-28,20,11,12,0,0,0,0
JD_11342378,2021-02-28,11,0,9,1,1,0,0
JD_11342376,2021-02-28,12,7,12,0,0,0,0
JD_11342336,2021-02-28,2,1,2,0,0,0,0
JD_11342335,2021-02-28,6,0,6,0,0,0,0
JD_11342332,2021-02-28,2,1,1,0,0,0,0
JD_11342331,2021-02-28,13,6,9,0,0,0,0
JD_11342330,2021-02-28,5,2,3,0,0,0,0
JD_11342329,2021-02-28,3,0,3,0,0,0,1
JD_11342328,2021-02-28,1,0,1,0,0,0,0
JD_11342327,2021-02-28,25,17,16,1,0,0,0
JD_11342326,2021-02-28,37,0,36,1,0,0,0
JD_11342323,2021-02-28,0,0,0,0,0,0,0
JD_11342319,2021-02-28,13,10,8,0,0,0,0
JD_11342315,2021-02-28,0,0,0,0,0,0,0
JD_11342314,2021-02-28,0,0,0,0,0,0,0
JD_11342313,2021-02-28,0,0,0,0,0,0,0
JD_11342312,2021-02-28,0,0,0,0,0,0,0
JD_11342311,2021-02-28,0,0,0,0,0,0,0
JD_11342309,2021-02-28,0,0,0,0,0,0,0
JD_11342308,2021-02-28,0,0,0,0,0,0,0
JD_11342305,2021-02-28,4,1,4,0,0,0,0
JD_11342303,2021-02-28,7,4,7,0,0,0,0
JD_11342302,2021-02-28,10,6,8,0,0,0,0
JD_11342300,2021-02-28,18,10,9,0,1,0,0
JD_11342299,2021-02-28,4,2,2,0,0,0,0
JD_11342298,2021-02-28,10,6,7,0,0,0,0
JD_11342297,2021-02-28,4,3,2,0,0,0,0
JD_11342296,2021-02-28,1,0,1,0,0,0,0
JD_11342295,2021-02-28,0,0,0,0,0,0,0
JD_11342289,2021-02-28,0,0,0,0,0,0,0
JD_11342288,2021-02-28,8,6,5,0,0,0,0
JD_11342286,2021-02-28,13,4,13,0,0,0,0
JD_11342285,2021-02-28,6,3,5,0,0,0,0
JD_11342281,2021-02-28,24,8,22,2,0,0,0
JD_11342280,2021-02-28,15,6,15,0,0,0,0
JD_11342279,2021-02-28,9,4,9,0,0,0,0
JD_11342277,2021-02-28,20,12,14,0,0,0,0
JD_11342276,2021-02-28,180,137,84,4,0,1,0
JD_11342275,2021-02-28,54,42,23,0,0,0,0
JD_11342273,2021-02-28,11,4,11,0,0,0,0
JD_11342272,2021-02-28,16,5,16,0,0,0,0
JD_11342271,2021-02-28,39,13,30,1,0,0,0
JD_11342270,2021-02-28,13,9,8,0,0,0,0
JD_11342269,2021-02-28,163,0,153,6,4,0,0
JD_11342268,2021-02-28,1,0,1,0,0,0,0
JD_11342267,2021-02-28,31,19,24,0,0,0,0
JD_11342266,2021-02-28,9,4,7,0,0,0,0
JD_11342264,2021-02-28,15,10,9,0,0,0,0
JD_11342263,2021-02-28,845,0,829,12,4,0,0
JD_11342262,2021-02-28,17,10,13,0,0,0,0
JD_11342261,2021-02-28,32,20,28,0,1,0,0
JD_11342260,2021-02-28,31,13,23,0,0,0,0
JD_11342259,2021-02-28,98,4,89,5,4,0,0
JD_11342258,2021-02-28,14,8,11,0,0,0,0
JD_11342256,2021-02-28,7,0,5,1,1,0,0
JD_11342255,2021-02-28,1277,781,678,13,3,4,5
JD_11342254,2021-02-28,43,28,20,1,0,0,0
JD_11342252,2021-02-28,24,7,18,3,0,0,0
JD_11342251,2021-02-28,69,6,68,1,0,0,0
JD_11342250,2021-02-28,434,278,311,2,0,0,1
JD_11342249,2021-02-28,772,292,761,11,0,1,3
JD_11342247,2021-02-28,71,19,62,1,1,0,0
JD_11342246,2021-02-28,42,11,41,0,0,0,0
JD_11342245,2021-02-28,14,3,14,0,0,0,0
JD_11342244,2021-02-28,97,41,82,0,0,0,0
