JD_11461808,2021-02-28,115,76,60,0,0,0,2
JD_11461807,2021-02-28,1143,853,657,2,3,0,1
JD_11461806,2021-02-28,24,2,23,0,1,0,0
JD_11461800,2021-02-28,10,8,4,0,0,0,0
JD_11461787,2021-02-28,150,85,145,3,1,1,1
JD_11461782,2021-02-28,314,31,313,1,0,0,3
JD_11461780,2021-02-28,583,238,576,3,4,1,0
JD_11461778,2021-02-28,531,201,525,3,1,0,0
JD_11461777,2021-02-28,554,234,548,6,0,0,2
JD_11461776,2021-02-28,673,44,621,7,1,0,1
JD_11461766,2021-02-28,376,0,367,8,1,0,0
JD_11461762,2021-02-28,0,0,0,0,0,0,0
JD_11461761,2021-02-28,4242,1898,3895,26,8,4,10
JD_11461760,2021-02-28,585,372,382,2,2,0,2
JD_11461759,2021-02-28,323,188,227,1,1,0,1
JD_11461758,2021-02-28,779,469,761,3,4,0,4
JD_11461757,2021-02-28,77,21,71,2,1,0,0
JD_11461756,2021-02-28,3,1,3,0,0,0,0
JD_11461755,2021-02-28,17,13,9,0,0,0,0
JD_11461754,2021-02-28,1,1,0,0,0,0,0
JD_11461753,2021-02-28,34,24,23,0,0,0,0
JD_11461750,2021-02-28,2,1,1,0,0,0,0
JD_11461749,2021-02-28,391,207,348,0,2,0,4
JD_11461748,2021-02-28,284,135,282,0,1,0,2
JD_11461747,2021-02-28,1,1,1,0,0,0,0
JD_11461746,2021-02-28,0,0,0,0,0,0,0
JD_11461745,2021-02-28,0,0,0,0,0,0,0
JD_11461744,2021-02-28,0,0,0,0,0,0,0
JD_11461743,2021-02-28,0,0,0,0,0,0,0
JD_11461742,2021-02-28,0,0,0,0,0,0,0
JD_11461741,2021-02-28,2,0,2,0,0,0,0
JD_11461740,2021-02-28,0,0,0,0,0,0,0
JD_11461739,2021-02-28,0,0,0,0,0,0,0
JD_11461738,2021-02-28,1,1,0,0,0,0,0
JD_11461737,2021-02-28,0,0,0,0,0,0,0
JD_11461736,2021-02-28,5,0,5,0,0,0,0
JD_11461735,2021-02-28,0,0,0,0,0,0,0
JD_11461734,2021-02-28,1,0,1,0,0,0,0
JD_11461733,2021-02-28,1,1,1,0,0,0,0
JD_11461732,2021-02-28,0,0,0,0,0,0,0
JD_11461731,2021-02-28,2,1,1,0,0,0,0
JD_11461730,2021-02-28,1,0,1,0,0,0,0
JD_11461729,2021-02-28,1,0,1,0,0,0,0
JD_11461728,2021-02-28,18,12,16,1,0,0,0
JD_11461727,2021-02-28,12,4,10,0,0,0,0
JD_11461726,2021-02-28,0,0,0,0,0,0,0
JD_11461725,2021-02-28,9,7,2,0,0,0,0
JD_11461724,2021-02-28,0,0,0,0,0,0,0
JD_11461723,2021-02-28,1,1,1,0,0,0,0
JD_11461722,2021-02-28,253,13,230,9,2,0,1
JD_11461721,2021-02-28,29,15,24,0,1,0,0
JD_11461720,2021-02-28,10,7,6,0,0,0,0
JD_11461719,2021-02-28,3,1,2,0,0,0,0
JD_11461718,2021-02-28,52,23,48,0,1,0,0
JD_11461717,2021-02-28,0,0,0,0,0,0,0
JD_11461716,2021-02-28,0,0,0,0,0,0,0
JD_11461715,2021-02-28,470,94,392,16,3,0,0
JD_11461714,2021-02-28,1133,960,309,0,0,0,3
JD_11461713,2021-02-28,474,228,370,2,2,0,0
JD_11461712,2021-02-28,36,14,35,1,0,0,0
JD_11461710,2021-02-28,9,7,7,0,0,0,0
JD_11461709,2021-02-28,1,0,1,0,0,0,0
JD_11461708,2021-02-28,3348,725,2988,49,20,1,6
JD_11461707,2021-02-28,59,20,56,3,0,0,0
JD_11461706,2021-02-28,259,0,248,5,6,0,0
JD_11461702,2021-02-28,6,5,5,0,0,0,0
JD_11461701,2021-02-28,155,70,122,1,1,0,5
JD_11461700,2021-02-28,31,24,16,0,0,0,0
JD_11461699,2021-02-28,31,1,29,2,0,0,0
JD_11461696,2021-02-28,3,3,2,0,0,0,0
