JD_19107108,2021-02-28,1,0,1,0,0,0,0
JD_16093378,2021-02-28,13,12,4,0,0,0,0
JD_16093376,2021-02-28,40,36,10,0,0,0,0
JD_16093372,2021-02-28,73,46,63,1,0,0,0
JD_16093370,2021-02-28,52,43,24,0,0,0,0
JD_16093368,2021-02-28,27,22,11,1,0,0,0
JD_16093366,2021-02-28,2,2,1,0,0,0,0
JD_16093364,2021-02-28,7,5,6,0,0,0,0
JD_16093360,2021-02-28,32,24,9,0,0,0,0
JD_16093358,2021-02-28,39,31,15,1,0,0,0
JD_16093356,2021-02-28,30,21,12,0,0,1,0
JD_16093352,2021-02-28,16,14,2,0,0,0,0
JD_16093350,2021-02-28,66,55,35,0,0,1,0
JD_16093348,2021-02-28,11,10,2,0,0,0,0
JD_16093346,2021-02-28,12,9,4,0,0,0,0
JD_16093344,2021-02-28,17,11,8,0,0,0,2
JD_16093340,2021-02-28,12,10,5,0,0,0,0
JD_16093338,2021-02-28,28,20,15,0,0,0,0
JD_16093336,2021-02-28,10,7,4,0,0,0,0
JD_16093327,2021-02-28,2,1,1,0,0,0,0
JD_16093325,2021-02-28,31,27,12,0,0,0,0
JD_16093321,2021-02-28,4,4,0,0,0,0,0
JD_16093320,2021-02-28,30,21,25,0,0,0,0
JD_16093311,2021-02-28,20,18,2,0,0,0,0
JD_16093310,2021-02-28,1,1,1,0,0,0,0
JD_16093306,2021-02-28,23,21,7,0,0,0,0
JD_16093305,2021-02-28,1,1,0,0,0,0,0
JD_16093302,2021-02-28,49,34,17,0,0,0,0
JD_16093301,2021-02-28,1,1,0,0,0,0,0
JD_16093300,2021-02-28,18,12,11,0,1,0,0
JD_16093299,2021-02-28,14,12,9,0,0,0,0
JD_16093296,2021-02-28,71,47,45,0,0,0,1
JD_16093295,2021-02-28,71,48,57,0,0,1,0
JD_16093294,2021-02-28,36,32,13,0,0,0,0
JD_16093293,2021-02-28,0,0,0,0,0,0,0
JD_16093292,2021-02-28,73,52,49,1,0,0,1
JD_16093291,2021-02-28,19,15,9,0,0,0,0
JD_16093290,2021-02-28,108,74,87,1,0,0,0
JD_16093289,2021-02-28,18,13,6,0,0,0,0
JD_16093288,2021-02-28,2,1,1,0,0,0,0
JD_16093287,2021-02-28,20,11,10,1,0,0,0
JD_16093286,2021-02-28,8,8,3,0,0,0,0
JD_16093285,2021-02-28,20,9,12,0,0,0,0
JD_16093284,2021-02-28,11,11,3,0,0,0,0
JD_16093283,2021-02-28,25,17,8,0,0,0,0
JD_16093282,2021-02-28,39,32,39,0,0,0,0
JD_16093280,2021-02-28,19,17,19,0,0,0,0
JD_16093279,2021-02-28,0,0,0,0,0,0,0
JD_16093278,2021-02-28,6,5,6,0,0,0,0
JD_16093277,2021-02-28,5,4,2,0,0,0,0
JD_16093276,2021-02-28,20,17,8,0,0,0,0
JD_16093254,2021-02-28,10,9,7,0,0,0,0
JD_16093253,2021-02-28,204,118,120,0,1,0,0
JD_16093251,2021-02-28,202,119,121,0,0,0,1
JD_16093248,2021-02-28,3,1,3,0,0,0,0
JD_16093247,2021-02-28,201,115,118,1,1,0,0
JD_16093245,2021-02-28,204,118,122,0,0,0,1
JD_16093243,2021-02-28,209,125,120,0,0,0,0
JD_16093242,2021-02-28,6,3,4,1,0,0,0
JD_16093241,2021-02-28,205,123,122,1,0,0,1
JD_16093240,2021-02-28,14,11,5,1,0,0,0
JD_16093239,2021-02-28,203,120,112,1,1,0,0
JD_16093238,2021-02-28,6,3,4,0,0,0,0
JD_16048834,2021-02-28,30,9,26,0,0,0,0
JD_16044810,2021-02-28,4,2,1,1,0,0,0
JD_16044807,2021-02-28,2,1,1,0,0,0,0
JD_16044804,2021-02-28,2,0,2,0,0,0,0
JD_16044801,2021-02-28,0,0,0,0,0,0,0
JD_16044799,2021-02-28,1,1,0,0,0,0,0
JD_16044785,2021-02-28,1,1,0,0,0,0,0
