JD_11633875,2021-02-28,41,26,28,0,0,0,1
JD_11633874,2021-02-28,0,0,0,0,0,0,0
JD_11633873,2021-02-28,2,1,1,0,0,0,0
JD_11633872,2021-02-28,0,0,0,0,0,0,0
JD_11633870,2021-02-28,0,0,0,0,0,0,0
JD_11633867,2021-02-28,39,18,37,2,0,0,0
JD_11633866,2021-02-28,163,135,86,0,1,0,2
JD_11633865,2021-02-28,81,2,77,2,0,0,0
JD_11633864,2021-02-28,10,8,5,0,0,0,0
JD_11633863,2021-02-28,3,2,2,0,0,0,0
JD_11633862,2021-02-28,1,1,1,0,0,0,0
JD_11633861,2021-02-28,24,19,12,0,0,0,0
JD_11633860,2021-02-28,51,37,38,0,0,0,0
JD_11633859,2021-02-28,53,42,38,0,0,0,0
JD_11633858,2021-02-28,12,10,4,0,0,0,0
JD_11633857,2021-02-28,188,149,76,0,0,0,0
JD_11633856,2021-02-28,13,8,11,0,0,0,0
JD_11633855,2021-02-28,13,2,10,1,0,0,0
JD_11633854,2021-02-28,5,3,5,0,0,0,0
JD_11633852,2021-02-28,11,9,7,0,0,0,0
JD_11633851,2021-02-28,0,0,0,0,0,0,0
JD_11633850,2021-02-28,2,1,1,0,0,0,0
JD_11633849,2021-02-28,9,6,6,0,0,0,0
JD_11633848,2021-02-28,45,30,32,1,0,0,0
JD_11633847,2021-02-28,24,14,15,0,0,0,0
JD_11633846,2021-02-28,3,2,2,0,0,0,0
JD_11633845,2021-02-28,1,1,1,0,0,0,0
JD_11633844,2021-02-28,514,363,331,1,0,1,1
JD_11633843,2021-02-28,251,174,195,1,0,0,2
JD_11633842,2021-02-28,1,0,1,0,0,0,0
JD_11633831,2021-02-28,26,18,17,1,0,0,0
JD_11633829,2021-02-28,1,1,1,0,0,0,0
JD_11633826,2021-02-28,1,1,1,0,0,0,0
JD_11633825,2021-02-28,34,16,33,1,0,0,0
JD_11633823,2021-02-28,25,0,25,0,0,0,0
JD_11633821,2021-02-28,18,10,14,0,0,0,0
JD_11633819,2021-02-28,0,0,0,0,0,0,0
JD_11633818,2021-02-28,50,40,17,0,0,0,0
JD_11633817,2021-02-28,16,12,13,0,0,0,1
JD_11633816,2021-02-28,112,76,108,0,0,0,0
JD_11633546,2021-02-28,0,0,0,0,0,0,0
JD_11633545,2021-02-28,8,5,6,0,0,0,0
JD_11633544,2021-02-28,0,0,0,0,0,0,0
JD_11633543,2021-02-28,30,20,18,1,1,0,0
JD_11633542,2021-02-28,4,4,1,0,0,0,0
JD_11633541,2021-02-28,2,2,1,0,0,0,0
JD_11633540,2021-02-28,4,3,2,0,0,0,0
JD_11633539,2021-02-28,37,17,35,0,0,0,0
JD_11633538,2021-02-28,229,149,209,0,1,0,1
JD_11633537,2021-02-28,0,0,0,0,0,0,0
JD_11633536,2021-02-28,0,0,0,0,0,0,0
JD_11633535,2021-02-28,0,0,0,0,0,0,0
JD_11633534,2021-02-28,4,2,4,0,0,0,0
JD_11633533,2021-02-28,0,0,0,0,0,0,0
JD_11633532,2021-02-28,0,0,0,0,0,0,0
JD_11633531,2021-02-28,0,0,0,0,0,0,0
JD_11633530,2021-02-28,1,1,1,0,0,0,0
JD_11633528,2021-02-28,1,1,1,0,0,0,0
JD_11633527,2021-02-28,0,0,0,0,0,0,0
JD_11633526,2021-02-28,1,1,0,0,0,0,0
JD_11633525,2021-02-28,754,600,405,2,1,3,0
JD_11633524,2021-02-28,374,284,117,2,1,1,1
JD_11633523,2021-02-28,481,377,276,0,1,1,1
JD_11633522,2021-02-28,550,453,369,0,2,1,1
JD_11633521,2021-02-28,15,2,15,0,0,0,0
JD_11633520,2021-02-28,10,7,6,0,0,0,0
JD_11633518,2021-02-28,702,248,685,11,6,1,0
JD_11633517,2021-02-28,31,16,26,0,0,0,0
JD_11633516,2021-02-28,87,34,84,3,0,0,0
JD_11633515,2021-02-28,570,386,329,2,0,0,0
