JD_11419194,2021-02-28,61,37,32,0,0,0,0
JD_11419193,2021-02-28,127,55,126,0,0,0,0
JD_11419191,2021-02-28,58,37,34,1,0,0,0
JD_11419189,2021-02-28,290,10,280,9,1,0,0
JD_11419188,2021-02-28,166,12,160,2,1,0,0
JD_11419185,2021-02-28,42,7,37,1,0,0,0
JD_11419184,2021-02-28,23,3,23,0,0,0,0
JD_11419183,2021-02-28,78,8,76,1,1,0,1
JD_11419182,2021-02-28,51,26,34,2,0,0,0
JD_11419181,2021-02-28,30,9,26,2,0,0,0
JD_11419180,2021-02-28,34,3,34,1,0,0,0
JD_11419178,2021-02-28,4,2,2,0,0,0,0
JD_11419177,2021-02-28,8,3,7,1,0,0,0
JD_11419171,2021-02-28,7,0,7,0,0,0,0
JD_11419169,2021-02-28,20,0,20,0,0,0,0
JD_11419168,2021-02-28,26,0,26,0,0,0,0
JD_11419167,2021-02-28,18,6,16,1,1,0,0
JD_11419166,2021-02-28,28,0,27,0,1,0,0
JD_11419165,2021-02-28,17,13,12,0,0,0,0
JD_11419164,2021-02-28,3,2,1,0,0,0,0
JD_11419163,2021-02-28,13,6,9,0,0,0,3
JD_11419162,2021-02-28,19,11,16,0,0,0,0
JD_11419161,2021-02-28,7,7,4,0,0,0,0
JD_11419160,2021-02-28,71,41,43,0,0,0,0
JD_11419159,2021-02-28,40,11,35,3,0,0,0
JD_11419158,2021-02-28,117,4,109,8,0,0,0
JD_11419157,2021-02-28,16,6,15,0,0,0,0
JD_11419156,2021-02-28,17,5,15,0,0,0,0
JD_11419155,2021-02-28,25,11,22,0,0,0,0
JD_11419140,2021-02-28,15,11,8,0,0,0,0
JD_11419139,2021-02-28,0,0,0,0,0,0,0
JD_11419138,2021-02-28,26,17,14,1,0,0,0
JD_11419137,2021-02-28,26,9,21,2,0,0,1
JD_11419136,2021-02-28,2,2,2,0,0,0,0
JD_11419134,2021-02-28,26,19,13,1,0,0,0
JD_11419133,2021-02-28,2,1,2,0,0,0,0
JD_11419132,2021-02-28,1,1,0,0,0,0,0
JD_11419131,2021-02-28,4,0,4,0,0,0,0
JD_11419129,2021-02-28,9,8,3,0,0,0,0
JD_11419127,2021-02-28,456,151,445,7,3,0,0
JD_11419125,2021-02-28,511,0,487,18,6,0,0
JD_11419123,2021-02-28,2,2,1,0,0,0,0
JD_11419122,2021-02-28,8,0,7,1,0,0,0
JD_11419120,2021-02-28,0,0,0,0,0,0,0
JD_11419119,2021-02-28,568,395,333,1,3,0,1
JD_11419118,2021-02-28,0,0,0,0,0,0,0
JD_11419117,2021-02-28,1,0,0,1,0,0,0
JD_11419116,2021-02-28,129,0,129,0,0,0,0
JD_11419115,2021-02-28,7,6,4,0,0,0,0
JD_11419114,2021-02-28,3,1,2,1,0,0,0
JD_11419110,2021-02-28,1,0,1,0,0,0,0
JD_11419108,2021-02-28,2,2,0,0,0,0,0
JD_11419105,2021-02-28,0,0,0,0,0,0,0
JD_11419103,2021-02-28,18,15,12,0,0,0,0
JD_11419102,2021-02-28,5,1,5,0,0,0,0
JD_11419101,2021-02-28,0,0,0,0,0,0,0
JD_11419100,2021-02-28,4,0,3,1,0,0,0
JD_11419099,2021-02-28,17,8,15,0,0,0,0
JD_11419098,2021-02-28,7,2,7,0,0,0,0
JD_11419097,2021-02-28,0,0,0,0,0,0,0
JD_11419095,2021-02-28,4,4,3,0,0,0,0
JD_11419094,2021-02-28,0,0,0,0,0,0,0
JD_11419093,2021-02-28,3,1,1,1,0,0,0
JD_11419092,2021-02-28,15,7,12,0,0,0,0
JD_11419091,2021-02-28,9,4,9,0,0,0,0
JD_11419088,2021-02-28,88,12,87,0,1,0,0
JD_11419086,2021-02-28,30,23,20,0,0,0,0
JD_11419084,2021-02-28,2,1,1,0,0,0,0
JD_11419083,2021-02-28,0,0,0,0,0,0,0
JD_11419082,2021-02-28,4,4,1,0,0,0,0
