JD_11378196,2021-02-28,874,692,400,1,1,0,1
JD_11378192,2021-02-28,76,14,75,0,0,0,0
JD_11378191,2021-02-28,56,6,56,0,0,0,0
JD_11378189,2021-02-28,85,15,85,0,0,0,0
JD_11378188,2021-02-28,46,3,44,2,0,0,0
JD_11378187,2021-02-28,15,2,13,0,1,0,0
JD_11378186,2021-02-28,14,3,13,0,0,0,0
JD_11378185,2021-02-28,21,8,21,0,0,0,0
JD_11378184,2021-02-28,16,3,16,0,0,0,0
JD_11378183,2021-02-28,24,2,23,0,0,0,0
JD_11378182,2021-02-28,54,8,53,0,0,0,0
JD_11378181,2021-02-28,32,3,31,0,0,0,0
JD_11378180,2021-02-28,22,2,21,0,0,0,0
JD_11378179,2021-02-28,9,2,9,0,0,0,0
JD_11378178,2021-02-28,43,5,42,1,0,0,0
JD_11378177,2021-02-28,10,1,10,0,0,0,0
JD_11378176,2021-02-28,42,4,40,1,0,0,0
JD_11378159,2021-02-28,23,9,23,0,0,0,0
JD_11378154,2021-02-28,4927,1957,4529,17,7,9,7
JD_11378150,2021-02-28,0,0,0,0,0,0,0
JD_11378138,2021-02-28,55,46,26,0,0,0,0
JD_11378137,2021-02-28,3356,2343,1385,20,6,2,10
JD_11378136,2021-02-28,12,0,10,2,0,0,0
JD_11378135,2021-02-28,352,261,118,0,3,0,2
JD_11378133,2021-02-28,3,3,3,0,0,0,0
JD_11378132,2021-02-28,202,135,112,2,1,0,1
JD_11378131,2021-02-28,1812,1421,438,3,3,0,6
JD_11378130,2021-02-28,196,0,184,10,2,0,0
JD_11378129,2021-02-28,3,1,1,0,1,0,0
JD_11378128,2021-02-28,4,1,4,0,0,0,0
JD_11378127,2021-02-28,21,18,16,0,0,0,0
JD_11378125,2021-02-28,3,0,2,1,0,0,0
JD_11378123,2021-02-28,4,0,3,1,0,0,0
JD_11378122,2021-02-28,4,1,4,0,0,0,0
JD_11378121,2021-02-28,40,31,18,0,0,0,0
JD_11378120,2021-02-28,0,0,0,0,0,0,0
JD_11378118,2021-02-28,2,2,2,0,0,0,0
JD_11378115,2021-02-28,9,9,6,0,0,0,0
JD_11378114,2021-02-28,10,8,4,0,0,0,0
JD_11378113,2021-02-28,0,0,0,0,0,0,0
JD_11378112,2021-02-28,55,40,20,0,0,0,0
JD_11378111,2021-02-28,6,0,6,0,0,0,0
JD_11378110,2021-02-28,7,0,7,0,0,0,0
JD_11378108,2021-02-28,5,1,3,0,1,0,0
JD_11378107,2021-02-28,1,0,1,0,0,0,0
JD_11378104,2021-02-28,8,6,4,0,0,0,0
JD_11378103,2021-02-28,0,0,0,0,0,0,0
JD_11378102,2021-02-28,3,2,2,0,0,0,0
JD_11378101,2021-02-28,0,0,0,0,0,0,0
JD_11378099,2021-02-28,8,7,7,0,0,0,0
JD_11378098,2021-02-28,0,0,0,0,0,0,0
JD_11378097,2021-02-28,0,0,0,0,0,0,0
JD_11378096,2021-02-28,2,2,1,0,0,0,0
JD_11378095,2021-02-28,1307,788,919,7,4,2,7
JD_11378093,2021-02-28,1,0,1,0,0,0,0
JD_11378091,2021-02-28,14,8,9,0,0,0,1
JD_11378090,2021-02-28,64,28,53,0,1,0,2
JD_11378088,2021-02-28,2,2,1,0,0,0,0
JD_11378084,2021-02-28,11,5,9,0,0,0,0
JD_11378083,2021-02-28,38,6,38,0,0,0,0
JD_11378082,2021-02-28,18,4,16,0,1,0,1
JD_11378081,2021-02-28,22,7,22,0,0,0,0
JD_11378080,2021-02-28,1,0,1,0,0,0,0
JD_11378079,2021-02-28,4,1,3,0,0,0,0
JD_11378078,2021-02-28,7,0,7,0,0,0,0
JD_11378077,2021-02-28,1,0,1,0,0,0,0
JD_11378076,2021-02-28,2,0,2,0,0,0,0
JD_11378075,2021-02-28,9,0,8,1,0,0,0
JD_11378074,2021-02-28,0,0,0,0,0,0,0
JD_11378073,2021-02-28,1,0,1,0,0,0,0
