JD_11500878,2021-02-28,95,67,55,0,1,0,1
JD_11500877,2021-02-28,2,2,1,0,0,0,0
JD_11500876,2021-02-28,21,2,20,1,0,0,0
JD_11500875,2021-02-28,408,266,230,5,2,0,3
JD_11500874,2021-02-28,15,3,15,0,0,0,0
JD_11500873,2021-02-28,20,1,19,0,0,0,0
JD_11500872,2021-02-28,6,1,4,0,1,0,0
JD_11500871,2021-02-28,1824,1400,703,5,4,3,5
JD_11500870,2021-02-28,5,4,4,0,0,0,0
JD_11500869,2021-02-28,9,0,8,1,0,0,0
JD_11500868,2021-02-28,99,9,94,4,1,0,0
JD_11500867,2021-02-28,116,0,103,10,3,0,0
JD_11500866,2021-02-28,0,0,0,0,0,0,0
JD_11500865,2021-02-28,10,1,10,0,0,0,0
JD_11500864,2021-02-28,1,1,0,0,0,0,0
JD_11500863,2021-02-28,1,1,0,0,0,0,0
JD_11500862,2021-02-28,1,1,0,0,0,0,0
JD_11500861,2021-02-28,597,0,570,22,5,0,0
JD_11500860,2021-02-28,7,4,7,0,0,0,0
JD_11500859,2021-02-28,74,47,62,0,0,0,0
JD_11500858,2021-02-28,388,280,234,5,5,0,0
JD_11500857,2021-02-28,23,5,22,1,0,0,0
JD_11500855,2021-02-28,169,69,163,3,2,0,0
JD_11500854,2021-02-28,21,4,19,1,0,0,0
JD_11500853,2021-02-28,8,3,8,0,0,0,0
JD_11500852,2021-02-28,5,3,4,0,0,0,0
JD_11500851,2021-02-28,1294,530,1068,13,9,1,3
JD_11500850,2021-02-28,0,0,0,0,0,0,0
JD_11500849,2021-02-28,12,0,10,2,0,0,0
JD_11500848,2021-02-28,68,32,51,0,0,0,0
JD_11500847,2021-02-28,0,0,0,0,0,0,0
JD_11500846,2021-02-28,1,1,1,0,0,0,0
JD_11500845,2021-02-28,2,2,1,0,0,0,0
JD_11500844,2021-02-28,0,0,0,0,0,0,0
JD_11500843,2021-02-28,6,6,2,0,0,0,0
JD_11500842,2021-02-28,2,0,2,0,0,0,0
JD_11500841,2021-02-28,11,8,6,0,0,0,0
JD_11500840,2021-02-28,0,0,0,0,0,0,0
JD_11500839,2021-02-28,4,3,1,1,0,0,0
JD_11500838,2021-02-28,2,2,0,0,0,0,0
JD_11500837,2021-02-28,3,3,1,0,0,0,0
JD_11500836,2021-02-28,3,0,3,0,0,0,0
JD_11500835,2021-02-28,76,61,31,0,0,0,0
JD_11500833,2021-02-28,5,3,3,0,0,0,0
JD_11500832,2021-02-28,8,6,7,0,0,0,0
JD_11500831,2021-02-28,4,3,4,0,0,0,0
JD_11500830,2021-02-28,21,12,14,0,0,0,0
JD_11500829,2021-02-28,9,7,2,0,0,0,0
JD_11500828,2021-02-28,14,12,11,0,0,0,0
JD_11500827,2021-02-28,5,3,2,0,0,0,0
JD_11500826,2021-02-28,17,14,6,0,0,0,0
JD_11500825,2021-02-28,4,3,2,0,0,0,0
JD_11500824,2021-02-28,0,0,0,0,0,0,0
JD_11500821,2021-02-28,51,34,32,0,0,0,0
JD_11500820,2021-02-28,41,19,38,0,0,0,0
JD_11500819,2021-02-28,3,3,1,0,0,0,0
JD_11500818,2021-02-28,18,12,13,0,0,0,0
JD_11500816,2021-02-28,0,0,0,0,0,0,0
JD_11500814,2021-02-28,11,8,10,0,0,0,0
JD_11500812,2021-02-28,0,0,0,0,0,0,0
JD_11500810,2021-02-28,31,21,12,0,0,0,1
JD_11500809,2021-02-28,13,5,13,0,0,0,0
JD_11500808,2021-02-28,3,2,2,0,0,0,0
JD_11500807,2021-02-28,2,2,2,0,0,0,0
JD_11500806,2021-02-28,26,16,25,0,1,0,0
JD_11500805,2021-02-28,4,3,1,0,0,0,0
JD_11500804,2021-02-28,4,2,2,0,0,0,0
JD_11500803,2021-02-28,3,1,2,0,0,0,0
JD_11500802,2021-02-28,141,91,67,1,0,0,1
JD_11500801,2021-02-28,1215,537,869,23,6,1,7
