JD_12564834,2021-02-28,2,2,0,0,0,0,0
JD_12564833,2021-02-28,202,175,26,0,1,0,1
JD_12564832,2021-02-28,53,40,13,0,0,0,0
JD_12564831,2021-02-28,93,74,18,0,1,0,0
JD_12564830,2021-02-28,1,1,0,0,0,0,0
JD_12564829,2021-02-28,92,73,17,1,1,0,0
JD_12564828,2021-02-28,0,0,0,0,0,0,0
JD_12564827,2021-02-28,140,118,22,0,0,0,0
JD_12564826,2021-02-28,0,0,0,0,0,0,0
JD_12564825,2021-02-28,25,25,0,0,0,0,0
JD_12564824,2021-02-28,0,0,0,0,0,0,0
JD_12564823,2021-02-28,19,14,5,0,0,0,0
JD_12564822,2021-02-28,33,29,4,0,0,0,0
JD_12564821,2021-02-28,11,10,1,0,0,0,0
JD_12564820,2021-02-28,16,13,3,0,0,0,0
JD_12564819,2021-02-28,3,3,0,0,0,0,0
JD_12564818,2021-02-28,14,12,2,0,0,0,0
JD_12564817,2021-02-28,81,68,13,0,0,0,1
JD_12564816,2021-02-28,5,2,3,0,0,0,0
JD_12564815,2021-02-28,38,32,5,1,0,0,0
JD_12564814,2021-02-28,1,1,0,0,0,0,0
JD_12564813,2021-02-28,1,0,1,0,0,0,0
JD_12564812,2021-02-28,2,2,0,0,0,0,0
JD_12564811,2021-02-28,9,8,1,0,0,0,0
JD_12564810,2021-02-28,19,16,3,0,0,0,0
JD_12564808,2021-02-28,0,0,0,0,0,0,0
JD_12564807,2021-02-28,0,0,0,0,0,0,0
JD_12564806,2021-02-28,0,0,0,0,0,0,0
JD_12564805,2021-02-28,4,3,1,0,0,0,0
JD_12564804,2021-02-28,0,0,0,0,0,0,0
JD_12564803,2021-02-28,3,2,1,0,0,0,0
JD_12564802,2021-02-28,1,1,0,0,0,0,0
JD_12564801,2021-02-28,7,4,3,0,0,0,0
JD_12564800,2021-02-28,0,0,0,0,0,0,0
JD_12564799,2021-02-28,0,0,0,0,0,0,0
JD_12564798,2021-02-28,1,1,0,0,0,0,0
JD_12564797,2021-02-28,121,98,23,0,0,0,0
JD_12564796,2021-02-28,0,0,0,0,0,0,0
JD_12564795,2021-02-28,18,14,4,0,0,0,0
JD_12564794,2021-02-28,0,0,0,0,0,0,0
JD_12564793,2021-02-28,223,184,39,0,0,0,0
JD_12564792,2021-02-28,141,123,17,1,0,0,0
JD_12564791,2021-02-28,75,65,10,0,0,0,0
JD_12564790,2021-02-28,3,2,1,0,0,0,0
JD_12564789,2021-02-28,0,0,0,0,0,0,0
JD_12564788,2021-02-28,31,27,4,0,0,0,0
JD_12564787,2021-02-28,28,22,6,0,0,0,0
JD_12564786,2021-02-28,46,37,9,0,0,0,0
JD_12564785,2021-02-28,27,24,3,0,0,0,0
JD_12564784,2021-02-28,2,2,0,0,0,0,0
JD_12564783,2021-02-28,7,7,0,0,0,0,0
JD_12564782,2021-02-28,13,10,3,0,0,0,0
JD_12564781,2021-02-28,29,27,2,0,0,0,0
JD_12564780,2021-02-28,10,7,3,0,0,0,0
JD_12564779,2021-02-28,13,13,0,0,0,0,0
JD_12564778,2021-02-28,0,0,0,0,0,0,0
JD_12564777,2021-02-28,580,484,94,1,1,1,0
JD_12564776,2021-02-28,82,70,12,0,0,0,0
JD_12564775,2021-02-28,270,235,33,0,2,2,0
JD_12564774,2021-02-28,4,3,1,0,0,0,0
JD_12564773,2021-02-28,96,73,22,1,0,0,0
JD_12564772,2021-02-28,1,1,0,0,0,0,0
JD_12564771,2021-02-28,93,72,21,0,0,0,0
JD_12564770,2021-02-28,1,1,0,0,0,0,0
JD_12564769,2021-02-28,56,47,8,1,0,0,0
JD_12564768,2021-02-28,180,152,28,0,0,0,0
JD_12564766,2021-02-28,274,225,48,1,0,1,0
JD_12564765,2021-02-28,3,3,0,0,0,0,0
JD_12564764,2021-02-28,39,33,6,0,0,0,0
JD_12564763,2021-02-28,24,18,6,0,0,1,0
