JD_11484010,2021-02-28,13,10,5,0,0,0,0
JD_11484009,2021-02-28,5,3,1,0,1,0,0
JD_11484008,2021-02-28,66,25,64,1,1,1,0
JD_11484002,2021-02-28,0,0,0,0,0,0,0
JD_11483999,2021-02-28,156,0,154,1,1,0,0
JD_11483993,2021-02-28,164,0,162,2,0,0,0
JD_11483990,2021-02-28,0,0,0,0,0,0,0
JD_11483984,2021-02-28,160,0,157,2,1,0,0
JD_11483981,2021-02-28,368,0,356,10,2,0,0
JD_11483978,2021-02-28,373,0,363,10,0,0,0
JD_11483977,2021-02-28,34918,24839,24496,45,33,54,76
JD_11483976,2021-02-28,126,45,89,0,0,0,0
JD_11483975,2021-02-28,47,17,39,2,0,0,0
JD_11483972,2021-02-28,34,24,19,0,0,0,0
JD_11483970,2021-02-28,45,33,30,0,0,0,0
JD_11483969,2021-02-28,55,39,39,1,0,0,0
JD_11483968,2021-02-28,266,9,246,14,4,0,0
JD_11483967,2021-02-28,2689,0,2618,41,30,0,2
JD_11483966,2021-02-28,17309,12321,10175,80,68,13,33
JD_11483965,2021-02-28,1527,656,1361,17,6,0,3
JD_11483964,2021-02-28,21,18,10,0,0,0,0
JD_11483963,2021-02-28,23,14,16,0,0,0,0
JD_11483962,2021-02-28,321,0,287,20,14,0,0
JD_11483942,2021-02-28,0,0,0,0,0,0,0
JD_11483941,2021-02-28,0,0,0,0,0,0,0
JD_11483939,2021-02-28,0,0,0,0,0,0,0
JD_11483937,2021-02-28,15,10,11,0,0,0,0
JD_11483936,2021-02-28,12,8,9,0,0,0,0
JD_11483935,2021-02-28,2,0,1,1,0,0,0
JD_11483934,2021-02-28,1,1,0,0,0,0,0
JD_11483932,2021-02-28,6,5,3,0,0,0,0
JD_11483931,2021-02-28,18,14,15,0,0,0,0
JD_11483930,2021-02-28,26,20,18,0,0,0,0
JD_11483929,2021-02-28,32,25,19,0,0,0,0
JD_11483928,2021-02-28,63,53,29,0,0,0,1
JD_11483927,2021-02-28,1,1,1,0,0,0,0
JD_11483924,2021-02-28,6,2,4,0,0,0,0
JD_11483923,2021-02-28,40,27,17,0,0,0,0
JD_11483922,2021-02-28,17,13,7,1,0,0,0
JD_11483921,2021-02-28,655,143,602,8,9,0,0
JD_11483897,2021-02-28,0,0,0,0,0,0,0
JD_11483896,2021-02-28,0,0,0,0,0,0,0
JD_11483895,2021-02-28,0,0,0,0,0,0,0
JD_11483891,2021-02-28,0,0,0,0,0,0,0
JD_11483890,2021-02-28,0,0,0,0,0,0,0
JD_11483887,2021-02-28,0,0,0,0,0,0,0
JD_11483886,2021-02-28,167,0,163,3,1,0,0
JD_11483885,2021-02-28,131,0,124,2,5,0,1
JD_11483883,2021-02-28,7,3,5,0,0,0,0
JD_11483882,2021-02-28,2,2,0,0,0,0,0
JD_11483881,2021-02-28,233,0,219,8,6,0,0
JD_11483880,2021-02-28,2,0,1,1,0,0,0
JD_11483879,2021-02-28,23,17,9,0,0,0,0
JD_11483878,2021-02-28,14,6,9,0,0,0,0
JD_11483877,2021-02-28,5,3,3,0,0,0,0
JD_11483876,2021-02-28,2,2,0,0,0,0,0
JD_11483875,2021-02-28,0,0,0,0,0,0,0
JD_11483874,2021-02-28,1,0,1,0,0,0,0
JD_11483873,2021-02-28,1,0,1,0,0,0,0
JD_11483872,2021-02-28,21,11,15,0,0,0,0
JD_11483871,2021-02-28,372,286,188,1,0,0,1
JD_11483870,2021-02-28,77,41,68,2,1,0,0
JD_11483869,2021-02-28,6,0,6,0,0,0,0
JD_11483868,2021-02-28,110,0,105,5,0,0,0
JD_11483867,2021-02-28,15,4,11,1,0,0,0
JD_11483866,2021-02-28,281,174,240,0,5,1,0
JD_11483865,2021-02-28,2,2,0,0,0,0,0
JD_11483864,2021-02-28,144,89,103,0,0,0,0
JD_11483863,2021-02-28,345,247,288,4,1,0,1
JD_11483862,2021-02-28,4,3,1,0,0,0,0
