JD_11299060,2021-02-28,0,0,0,0,0,0,0
JD_11299054,2021-02-28,0,0,0,0,0,0,0
JD_11299053,2021-02-28,2,1,2,0,0,0,0
JD_11299052,2021-02-28,24,11,23,0,0,0,0
JD_11299051,2021-02-28,348,0,334,14,0,0,0
JD_11299050,2021-02-28,136,1,133,2,0,0,0
JD_11299048,2021-02-28,9,4,6,0,0,0,0
JD_11299046,2021-02-28,9,4,7,0,0,0,0
JD_11299045,2021-02-28,20,13,18,0,0,0,0
JD_11299044,2021-02-28,15,6,11,0,0,0,0
JD_11299043,2021-02-28,7,5,4,0,0,0,0
JD_11299042,2021-02-28,57,25,43,0,0,0,0
JD_11299037,2021-02-28,90,0,88,2,0,0,0
JD_11299036,2021-02-28,95,0,92,2,1,0,0
JD_11299035,2021-02-28,102,0,99,2,1,0,0
JD_11299034,2021-02-28,636,0,610,16,10,0,0
JD_11299033,2021-02-28,388,0,379,6,3,0,0
JD_11299032,2021-02-28,5,3,1,1,0,0,0
JD_11299029,2021-02-28,29,11,22,0,0,0,0
JD_11299028,2021-02-28,22,0,22,0,0,0,0
JD_11299026,2021-02-28,19,16,13,0,0,0,0
JD_11299025,2021-02-28,18,4,12,2,1,0,0
JD_11299024,2021-02-28,263,41,245,7,3,0,2
JD_11299023,2021-02-28,9,2,8,0,0,0,0
JD_11299022,2021-02-28,22,14,12,0,0,0,0
JD_11299021,2021-02-28,44,11,40,0,0,0,0
JD_11299020,2021-02-28,20,3,18,0,0,0,0
JD_11299019,2021-02-28,59,13,52,0,0,0,1
JD_11299015,2021-02-28,0,0,0,0,0,0,0
JD_11299013,2021-02-28,0,0,0,0,0,0,0
JD_11299012,2021-02-28,0,0,0,0,0,0,0
JD_11299008,2021-02-28,0,0,0,0,0,0,0
JD_11298995,2021-02-28,16,6,16,0,0,0,0
JD_11298988,2021-02-28,195,124,140,1,0,0,1
JD_11298987,2021-02-28,281,162,230,2,0,0,1
JD_11298986,2021-02-28,9,4,9,0,0,0,0
JD_11298983,2021-02-28,256,2,242,10,4,0,0
JD_11298978,2021-02-28,1,0,1,0,0,0,0
JD_11298976,2021-02-28,7,1,6,0,0,0,0
JD_11298975,2021-02-28,5,0,5,0,0,0,0
JD_11298974,2021-02-28,32,8,30,0,0,0,0
JD_11298973,2021-02-28,50,27,31,1,0,0,0
JD_11298972,2021-02-28,35,16,24,0,0,0,0
JD_11298971,2021-02-28,126,80,76,2,0,0,0
JD_11298970,2021-02-28,2,0,2,0,0,0,0
JD_11298966,2021-02-28,0,0,0,0,0,0,0
JD_11298964,2021-02-28,1,0,1,0,0,0,0
JD_11298963,2021-02-28,121,42,101,4,2,0,0
JD_11298962,2021-02-28,51,13,47,1,0,0,1
JD_11298961,2021-02-28,1007,517,915,5,3,3,1
JD_11298960,2021-02-28,385,226,380,2,1,1,0
JD_11298957,2021-02-28,2,2,1,0,0,0,0
JD_11298953,2021-02-28,3,3,3,0,0,0,0
JD_11298952,2021-02-28,11,3,9,0,0,0,0
JD_11298951,2021-02-28,10,7,4,0,0,0,0
JD_11298950,2021-02-28,5,4,1,0,0,0,0
JD_11298949,2021-02-28,17,12,11,0,0,0,0
JD_11298948,2021-02-28,13,9,5,0,0,0,0
JD_11298944,2021-02-28,28,2,26,1,0,0,0
JD_11298939,2021-02-28,10,0,9,1,0,0,0
JD_11298938,2021-02-28,58,11,47,0,0,0,0
JD_11298936,2021-02-28,109,0,105,3,1,0,0
JD_11298935,2021-02-28,32,12,24,0,0,0,0
JD_11298934,2021-02-28,0,0,0,0,0,0,0
JD_11298933,2021-02-28,177,0,174,2,1,0,0
JD_11298932,2021-02-28,165,0,162,2,1,0,0
JD_11298931,2021-02-28,174,0,170,3,1,0,0
JD_11298928,2021-02-28,38,3,35,1,1,0,0
JD_11298927,2021-02-28,142,0,141,1,0,0,0
JD_11298924,2021-02-28,47,0,46,1,0,0,0
