JD_11476408,2021-02-28,15,5,10,0,0,0,0
JD_11476407,2021-02-28,7,3,7,0,0,0,0
JD_11476406,2021-02-28,2,0,1,1,0,0,0
JD_11476405,2021-02-28,81,63,39,0,0,0,0
JD_11476404,2021-02-28,16,8,13,0,0,0,0
JD_11476403,2021-02-28,17,11,13,0,0,0,0
JD_11476402,2021-02-28,45,32,15,1,1,0,0
JD_11476401,2021-02-28,93,73,34,2,0,0,0
JD_11476400,2021-02-28,1069,612,949,5,2,1,4
JD_11476399,2021-02-28,150,115,47,1,0,0,0
JD_11476397,2021-02-28,34,19,23,0,2,0,1
JD_11476396,2021-02-28,0,0,0,0,0,0,0
JD_11476395,2021-02-28,6,5,2,0,0,0,0
JD_11476394,2021-02-28,11,8,6,0,0,0,0
JD_11476393,2021-02-28,1,1,1,0,0,0,0
JD_11476392,2021-02-28,3,3,1,0,0,0,0
JD_11476391,2021-02-28,2,1,2,0,0,0,0
JD_11476388,2021-02-28,5,4,2,0,0,0,0
JD_11476387,2021-02-28,0,0,0,0,0,0,0
JD_11476386,2021-02-28,9,5,8,0,0,0,0
JD_11476384,2021-02-28,10,7,5,0,0,0,0
JD_11476382,2021-02-28,6,5,3,0,0,0,0
JD_11476381,2021-02-28,4,2,4,0,0,0,0
JD_11476380,2021-02-28,1,1,1,0,0,0,0
JD_11476379,2021-02-28,8,6,5,0,0,0,0
JD_11476378,2021-02-28,8,1,8,0,0,0,0
JD_11476375,2021-02-28,8,5,3,1,0,0,0
JD_11476374,2021-02-28,6,5,3,0,0,0,0
JD_11476373,2021-02-28,2,1,2,0,0,0,0
JD_11476372,2021-02-28,3,2,3,0,0,0,0
JD_11476371,2021-02-28,7,3,6,0,0,0,0
JD_11476370,2021-02-28,3,3,3,0,0,0,0
JD_11476368,2021-02-28,4,4,1,0,0,0,0
JD_11476367,2021-02-28,6,3,4,0,0,0,0
JD_11476365,2021-02-28,1,1,0,0,0,0,0
JD_11476363,2021-02-28,3,2,3,0,0,0,0
JD_11476362,2021-02-28,10,8,5,0,0,0,0
JD_11476361,2021-02-28,23,11,19,0,0,0,0
JD_11476359,2021-02-28,5,4,2,0,1,0,0
JD_11476358,2021-02-28,2,2,1,0,0,0,0
JD_11476357,2021-02-28,6,4,3,0,0,0,0
JD_11476356,2021-02-28,4,0,3,1,0,0,0
JD_11476355,2021-02-28,4,3,1,0,0,0,0
JD_11476353,2021-02-28,8,7,2,0,0,0,0
JD_11476352,2021-02-28,16,10,8,0,0,0,1
JD_11476351,2021-02-28,7,6,2,0,0,0,0
JD_11476350,2021-02-28,24,12,16,0,0,0,0
JD_11476349,2021-02-28,15,7,10,0,0,0,0
JD_11476348,2021-02-28,2,0,2,0,0,0,0
JD_11476347,2021-02-28,5,3,4,0,0,0,0
JD_11476346,2021-02-28,1,0,1,0,0,0,0
JD_11476345,2021-02-28,21,14,12,0,0,0,0
JD_11476343,2021-02-28,1,1,1,0,0,0,0
JD_11476342,2021-02-28,2,1,1,0,0,0,0
JD_11476341,2021-02-28,85,45,64,1,0,0,0
JD_11476340,2021-02-28,25,18,16,0,0,0,0
JD_11476339,2021-02-28,151,108,92,1,0,0,0
JD_11476338,2021-02-28,2,0,2,0,0,0,0
JD_11476335,2021-02-28,3,3,2,0,0,0,0
JD_11476334,2021-02-28,7,3,5,0,0,0,0
JD_11476333,2021-02-28,56,21,44,4,0,0,0
JD_11476332,2021-02-28,643,431,538,1,1,0,2
JD_11476331,2021-02-28,553,344,547,1,1,0,0
JD_11476328,2021-02-28,313,222,242,0,0,0,0
JD_11476327,2021-02-28,253,173,245,0,0,0,1
JD_11476325,2021-02-28,4,0,4,0,0,0,0
JD_11476322,2021-02-28,15,10,8,0,0,0,0
JD_11476321,2021-02-28,5,2,3,0,0,0,0
JD_11476317,2021-02-28,11,3,9,0,0,0,1
JD_11476316,2021-02-28,333,175,237,1,1,0,1
