JD_11304855,2021-02-28,124,0,120,4,0,0,0
JD_11304853,2021-02-28,146,0,139,5,2,0,0
JD_11304852,2021-02-28,188,0,180,6,2,0,0
JD_11304851,2021-02-28,371,1,361,8,2,0,0
JD_11304831,2021-02-28,31,2,30,1,0,0,0
JD_11304830,2021-02-28,86,7,81,1,1,0,0
JD_11304829,2021-02-28,209,0,198,7,4,0,0
JD_11304828,2021-02-28,4331,2039,3492,22,5,4,5
JD_11304826,2021-02-28,232,59,211,2,0,0,1
JD_11304825,2021-02-28,56,5,55,0,0,0,0
JD_11304824,2021-02-28,20,4,19,0,0,0,0
JD_11304823,2021-02-28,110,48,109,1,0,0,0
JD_11304822,2021-02-28,14,5,12,0,0,0,0
JD_11304821,2021-02-28,10,4,10,0,0,0,0
JD_11304820,2021-02-28,241,151,138,4,0,1,2
JD_11304818,2021-02-28,31,4,31,0,0,0,0
JD_11304817,2021-02-28,27,10,24,0,0,0,0
JD_11304816,2021-02-28,0,0,0,0,0,0,0
JD_11304815,2021-02-28,1,1,0,0,0,0,0
JD_11304814,2021-02-28,6,2,5,0,1,0,0
JD_11304813,2021-02-28,51,9,46,0,2,0,0
JD_11304812,2021-02-28,15,6,11,0,0,0,0
JD_11304810,2021-02-28,10,8,5,0,0,0,0
JD_11304809,2021-02-28,1,1,0,0,0,0,0
JD_11304808,2021-02-28,23,19,4,0,0,0,0
JD_11304806,2021-02-28,0,0,0,0,0,0,0
JD_11304804,2021-02-28,29,12,26,0,1,0,0
JD_11304802,2021-02-28,2,1,2,0,0,0,0
JD_11304801,2021-02-28,298,124,226,4,2,0,0
JD_11304800,2021-02-28,5,1,5,0,0,0,0
JD_11304799,2021-02-28,13,2,11,1,0,0,0
JD_11304798,2021-02-28,694,73,623,26,8,0,0
JD_11304797,2021-02-28,317,0,313,3,1,0,0
JD_11304796,2021-02-28,429,1,417,9,3,0,0
JD_11304794,2021-02-28,1,1,0,0,0,0,0
JD_11304792,2021-02-28,0,0,0,0,0,0,0
JD_11304791,2021-02-28,57,16,52,1,1,0,1
JD_11304789,2021-02-28,0,0,0,0,0,0,0
JD_11304787,2021-02-28,4,4,2,0,0,0,0
JD_11304786,2021-02-28,165,101,112,2,2,0,1
JD_11304784,2021-02-28,0,0,0,0,0,0,0
JD_11304782,2021-02-28,15,4,13,0,1,0,0
JD_11304781,2021-02-28,10,4,7,0,0,0,0
JD_11304777,2021-02-28,8,3,6,0,0,0,0
JD_11304776,2021-02-28,1,1,0,0,0,0,0
JD_11304775,2021-02-28,19,9,14,0,0,0,0
JD_11304774,2021-02-28,8,3,6,0,0,0,0
JD_11304773,2021-02-28,8,2,6,0,0,0,0
JD_11304771,2021-02-28,380,295,176,2,1,0,1
JD_11304770,2021-02-28,1,1,1,0,0,0,0
JD_11304769,2021-02-28,2,1,1,0,0,0,0
JD_11304768,2021-02-28,3,0,3,0,0,0,0
JD_11304766,2021-02-28,14,3,14,0,0,0,0
JD_11304765,2021-02-28,3,1,3,0,0,0,0
JD_11304764,2021-02-28,7,2,5,1,0,0,0
JD_11304763,2021-02-28,370,16,357,11,2,0,1
JD_11304761,2021-02-28,8,3,7,1,0,0,0
JD_11304759,2021-02-28,1037,354,995,19,6,1,5
JD_11304755,2021-02-28,1,1,0,0,0,0,0
JD_11304754,2021-02-28,113,3,109,2,2,0,0
JD_11304753,2021-02-28,3,2,2,0,0,0,0
JD_11304752,2021-02-28,5,0,5,0,0,0,0
JD_11304751,2021-02-28,21,10,12,2,0,0,0
JD_11304750,2021-02-28,5,0,5,0,0,0,0
JD_11304749,2021-02-28,3,1,1,0,1,0,0
JD_11304748,2021-02-28,0,0,0,0,0,0,0
JD_11304747,2021-02-28,2,1,1,0,0,0,0
JD_11304746,2021-02-28,411,314,332,2,2,0,0
JD_11304744,2021-02-28,0,0,0,0,0,0,0
JD_11304742,2021-02-28,0,0,0,0,0,0,0
