JD_12118141,2021-02-28,2015,1582,799,2,0,1,2
JD_12118140,2021-02-28,1057,789,709,2,2,0,3
JD_12118139,2021-02-28,373,292,328,0,1,0,2
JD_12118138,2021-02-28,2670,2116,1561,5,1,3,3
JD_12118137,2021-02-28,365,301,363,1,1,0,2
JD_12118136,2021-02-28,4602,3748,3430,2,2,0,8
JD_12118135,2021-02-28,509,428,508,0,1,0,1
JD_12118134,2021-02-28,147,71,126,1,0,0,0
JD_12118133,2021-02-28,1078,888,1075,3,0,0,2
JD_12118132,2021-02-28,4,4,4,0,0,0,0
JD_12118131,2021-02-28,692,527,632,2,0,0,0
JD_12118130,2021-02-28,74,51,47,0,0,0,0
JD_12118129,2021-02-28,1121,842,1116,4,1,1,3
JD_12118128,2021-02-28,69,47,48,1,0,0,0
JD_12118127,2021-02-28,239,190,238,0,1,0,0
JD_12118126,2021-02-28,436,263,358,0,0,1,1
JD_12118110,2021-02-28,137,109,94,1,0,0,0
JD_12118109,2021-02-28,19,15,15,0,0,0,0
JD_12118108,2021-02-28,600,495,153,0,0,0,2
JD_12118107,2021-02-28,28,24,17,0,0,0,0
JD_12118106,2021-02-28,147,107,97,1,0,0,0
JD_12118104,2021-02-28,13,0,12,1,0,0,0
JD_12118103,2021-02-28,13,10,10,0,0,0,0
JD_12118102,2021-02-28,130,98,94,0,1,0,0
JD_12118101,2021-02-28,17,12,13,0,0,0,1
JD_12118100,2021-02-28,360,283,161,0,0,0,0
JD_12118099,2021-02-28,126,79,123,1,1,0,2
JD_12118098,2021-02-28,55,45,38,0,1,0,0
JD_12118097,2021-02-28,1363,1131,812,1,0,3,4
JD_12118096,2021-02-28,201,148,114,2,1,1,1
JD_12118094,2021-02-28,881,723,235,0,0,2,4
JD_12118092,2021-02-28,2923,2165,2236,8,4,8,11
JD_12118090,2021-02-28,1611,1344,493,5,2,0,0
JD_12118089,2021-02-28,9,6,6,0,0,0,0
JD_12118088,2021-02-28,2364,1918,2007,4,6,0,5
JD_12118086,2021-02-28,137,4,133,3,1,0,4
JD_12118085,2021-02-28,124,97,58,0,0,0,0
JD_12118084,2021-02-28,219,169,182,0,1,0,0
JD_12118083,2021-02-28,32,26,18,0,0,0,0
JD_12118082,2021-02-28,10,4,10,0,0,0,0
JD_12118081,2021-02-28,13,11,3,0,0,0,0
JD_12118080,2021-02-28,74,53,46,1,0,0,1
JD_12118077,2021-02-28,5,2,3,0,0,0,0
JD_12118075,2021-02-28,90,71,56,0,1,1,0
JD_12118073,2021-02-28,155,118,102,0,0,0,0
JD_12118071,2021-02-28,419,345,219,0,0,0,0
JD_12118070,2021-02-28,22,15,13,0,0,0,0
JD_12118069,2021-02-28,18,16,14,0,0,0,0
JD_12118067,2021-02-28,15,13,11,0,0,0,0
JD_12118066,2021-02-28,47,31,39,1,0,0,0
JD_12118065,2021-02-28,13,10,10,0,0,0,0
JD_12118064,2021-02-28,34,20,26,1,0,0,0
JD_12118063,2021-02-28,5,0,5,0,0,0,0
JD_12118062,2021-02-28,19,16,14,0,0,0,1
JD_12118061,2021-02-28,504,441,373,2,0,1,1
JD_12118059,2021-02-28,538,425,444,0,0,0,0
JD_12118057,2021-02-28,621,451,453,0,0,0,1
JD_12118055,2021-02-28,21,15,17,0,0,0,0
JD_12118054,2021-02-28,8,4,7,0,0,0,0
JD_12118053,2021-02-28,10,8,9,0,0,0,0
JD_12118052,2021-02-28,28,0,28,0,0,0,0
JD_12118051,2021-02-28,25,21,15,0,0,0,0
JD_12118050,2021-02-28,32,9,25,0,0,0,0
JD_12118049,2021-02-28,54,39,49,0,0,0,0
JD_12118048,2021-02-28,23,18,23,0,0,0,0
JD_12118047,2021-02-28,333,289,320,1,0,0,0
JD_12118046,2021-02-28,33,19,32,0,0,0,1
JD_12118045,2021-02-28,560,456,404,1,0,1,1
JD_12118044,2021-02-28,12,9,12,0,0,0,0
JD_12118043,2021-02-28,201,159,175,0,0,0,0
