JD_12514654,2021-02-28,223,152,76,1,0,2,1
JD_12514653,2021-02-28,36,31,5,0,0,0,0
JD_12514652,2021-02-28,15,12,3,0,0,0,0
JD_12514651,2021-02-28,27,25,2,0,0,0,0
JD_12514650,2021-02-28,3,2,2,0,0,0,0
JD_12514649,2021-02-28,124,116,8,0,0,0,0
JD_12514648,2021-02-28,11,9,2,0,0,0,0
JD_12514647,2021-02-28,120,104,16,0,0,0,0
JD_12514646,2021-02-28,82,67,16,0,0,0,0
JD_12514645,2021-02-28,123,111,12,0,0,0,0
JD_12514643,2021-02-28,629,518,107,3,1,1,0
JD_12514642,2021-02-28,2039,1672,558,0,2,2,2
JD_12514641,2021-02-28,1121,906,211,3,1,1,0
JD_12514640,2021-02-28,17,15,3,0,0,0,0
JD_12514639,2021-02-28,250,210,39,1,0,0,1
JD_12514638,2021-02-28,115,96,38,0,0,0,0
JD_12514637,2021-02-28,859,717,139,2,1,0,1
JD_12514636,2021-02-28,118,97,23,1,0,0,0
JD_12514635,2021-02-28,2,2,0,0,0,0,0
JD_12512380,2021-02-28,4,4,0,0,0,0,0
JD_12512379,2021-02-28,2,2,0,0,0,0,0
JD_12512378,2021-02-28,1,1,0,0,0,0,0
JD_12512377,2021-02-28,64,53,11,0,0,0,0
JD_12512376,2021-02-28,0,0,0,0,0,0,0
JD_12512375,2021-02-28,154,116,38,0,0,1,1
JD_12512374,2021-02-28,5822,4773,1324,6,10,7,11
JD_12512373,2021-02-28,1213,1064,148,1,0,0,1
JD_12512372,2021-02-28,66,58,11,1,0,0,0
JD_12512371,2021-02-28,20,16,4,0,0,0,0
JD_12512370,2021-02-28,2,2,0,0,0,0,0
JD_12512369,2021-02-28,695,579,115,1,0,2,4
JD_12512368,2021-02-28,568,510,72,0,0,0,1
JD_12512367,2021-02-28,37,32,5,0,0,0,0
JD_12512366,2021-02-28,225,191,41,0,0,0,0
JD_12512365,2021-02-28,93,77,16,0,0,0,1
JD_12512364,2021-02-28,20,15,9,0,0,0,0
JD_12512363,2021-02-28,43429,38189,5184,41,15,26,22
JD_12512362,2021-02-28,10,8,5,0,0,0,0
JD_12512361,2021-02-28,2,1,1,0,0,0,0
JD_12512360,2021-02-28,31,26,5,0,0,0,0
JD_12512359,2021-02-28,0,0,0,0,0,0,0
JD_12512358,2021-02-28,72,60,16,0,0,0,0
JD_12512357,2021-02-28,135,119,16,0,0,0,0
JD_12512356,2021-02-28,57,36,28,0,0,1,1
JD_12512355,2021-02-28,54,50,4,0,0,0,0
JD_12512354,2021-02-28,72,60,15,0,0,0,0
JD_12512353,2021-02-28,68,61,7,0,0,0,2
JD_12512352,2021-02-28,0,0,0,0,0,0,0
JD_12512351,2021-02-28,108,95,13,0,0,0,0
JD_12512350,2021-02-28,13,11,3,0,0,0,0
JD_12512349,2021-02-28,96,84,12,0,0,0,0
JD_12512348,2021-02-28,27,25,3,0,0,0,0
JD_12512347,2021-02-28,4583,3903,678,2,0,3,0
JD_12512346,2021-02-28,5,4,1,0,0,0,0
JD_12512345,2021-02-28,122,81,41,0,0,0,0
JD_12512344,2021-02-28,12,10,4,0,0,0,0
JD_12512343,2021-02-28,87,51,36,0,0,0,1
JD_12512342,2021-02-28,35,30,12,0,0,0,0
JD_12512341,2021-02-28,1290,908,381,1,0,0,3
JD_12512340,2021-02-28,0,0,0,0,0,0,0
JD_12512339,2021-02-28,546,430,111,3,2,0,1
JD_12512338,2021-02-28,0,0,0,0,0,0,0
JD_12512337,2021-02-28,3,3,0,0,0,0,0
JD_12512336,2021-02-28,8,8,1,0,0,0,0
JD_12512335,2021-02-28,3,3,0,0,0,0,0
JD_12512334,2021-02-28,1,1,0,0,0,0,0
JD_12512333,2021-02-28,2,2,0,0,0,0,0
JD_12512332,2021-02-28,0,0,0,0,0,0,0
JD_12512331,2021-02-28,11470,9481,1974,9,6,45,21
JD_12512330,2021-02-28,1,1,0,0,0,0,0
