JD_11566933,2021-02-28,0,0,0,0,0,0,0
JD_11566931,2021-02-28,0,0,0,0,0,0,0
JD_11566930,2021-02-28,0,0,0,0,0,0,0
JD_11566928,2021-02-28,0,0,0,0,0,0,0
JD_11566927,2021-02-28,0,0,0,0,0,0,0
JD_11566926,2021-02-28,0,0,0,0,0,0,0
JD_11566925,2021-02-28,0,0,0,0,0,0,0
JD_11566924,2021-02-28,0,0,0,0,0,0,0
JD_11566923,2021-02-28,0,0,0,0,0,0,0
JD_11566922,2021-02-28,0,0,0,0,0,0,0
JD_11566921,2021-02-28,0,0,0,0,0,0,0
JD_11566920,2021-02-28,0,0,0,0,0,0,0
JD_11566917,2021-02-28,0,0,0,0,0,0,0
JD_11566916,2021-02-28,0,0,0,0,0,0,0
JD_11566913,2021-02-28,0,0,0,0,0,0,0
JD_11566912,2021-02-28,0,0,0,0,0,0,0
JD_11566909,2021-02-28,0,0,0,0,0,0,0
JD_11566908,2021-02-28,0,0,0,0,0,0,0
JD_11566907,2021-02-28,0,0,0,0,0,0,0
JD_11566906,2021-02-28,0,0,0,0,0,0,0
JD_11566905,2021-02-28,289,207,187,0,0,0,0
JD_11566901,2021-02-28,819,423,503,4,4,1,0
JD_11566899,2021-02-28,0,0,0,0,0,0,0
JD_11566898,2021-02-28,0,0,0,0,0,0,0
JD_11566895,2021-02-28,15,4,15,0,0,0,0
JD_11566894,2021-02-28,18,4,17,0,0,0,0
JD_11566893,2021-02-28,13,6,13,0,0,0,0
JD_11566892,2021-02-28,30,9,30,0,0,0,0
JD_11566889,2021-02-28,0,0,0,0,0,0,0
JD_11566888,2021-02-28,4,1,4,0,0,0,0
JD_11566884,2021-02-28,12,5,10,1,1,0,0
JD_11566883,2021-02-28,22,6,18,2,2,0,0
JD_11566882,2021-02-28,41,19,40,1,0,0,0
JD_11566881,2021-02-28,59,18,51,1,0,0,2
JD_11566880,2021-02-28,22,18,11,1,0,0,0
JD_11566879,2021-02-28,523,401,192,0,1,0,4
JD_11566878,2021-02-28,404,319,184,1,1,0,2
JD_11566877,2021-02-28,187,100,188,0,0,0,0
JD_11566876,2021-02-28,11,4,5,1,1,0,0
JD_11566875,2021-02-28,17,11,12,0,0,0,0
JD_11566530,2021-02-28,243,0,235,7,1,0,0
JD_11566529,2021-02-28,9,5,7,0,0,0,0
JD_11566528,2021-02-28,7912,6098,5470,8,7,3,17
JD_11566527,2021-02-28,0,0,0,0,0,0,0
JD_11566525,2021-02-28,388,202,256,6,3,0,0
JD_11566523,2021-02-28,10,6,6,0,0,0,0
JD_11566522,2021-02-28,10,7,9,0,0,0,0
JD_11566521,2021-02-28,4015,3258,935,8,4,5,6
JD_11566520,2021-02-28,0,0,0,0,0,0,0
JD_11566513,2021-02-28,127,2,126,1,0,0,0
JD_11566506,2021-02-28,15,12,10,1,0,0,0
JD_11566505,2021-02-28,31,23,20,0,0,0,0
JD_11566501,2021-02-28,52,36,39,0,1,0,0
JD_11566500,2021-02-28,21,18,10,0,0,0,0
JD_11566499,2021-02-28,41,29,28,0,0,0,0
JD_11566498,2021-02-28,0,0,0,0,0,0,0
JD_11566497,2021-02-28,0,0,0,0,0,0,0
JD_11566496,2021-02-28,18,11,18,0,0,0,0
JD_11566495,2021-02-28,1,1,1,0,0,0,0
JD_11566494,2021-02-28,7,2,7,0,0,0,0
JD_11566493,2021-02-28,2,1,1,0,0,0,0
JD_11566492,2021-02-28,2,2,2,0,0,0,0
JD_11566491,2021-02-28,1,1,1,0,0,0,0
JD_11566490,2021-02-28,5,4,4,0,0,0,0
JD_11566489,2021-02-28,2,0,2,0,0,0,0
JD_11566488,2021-02-28,1,1,1,0,0,0,0
JD_11566487,2021-02-28,2,1,2,0,0,0,0
JD_11566486,2021-02-28,10,7,9,0,0,0,0
JD_11566485,2021-02-28,1,1,1,0,0,0,0
JD_11566484,2021-02-28,6,2,6,0,0,0,0
