JD_11444382,2021-02-28,15,7,13,0,0,0,0
JD_11444381,2021-02-28,8,7,4,0,1,0,0
JD_11444380,2021-02-28,228,142,173,3,0,0,0
JD_11444378,2021-02-28,211,139,210,0,1,0,0
JD_11444377,2021-02-28,52,31,31,0,0,0,1
JD_11444376,2021-02-28,367,249,247,1,1,0,0
JD_11444375,2021-02-28,23,10,20,0,0,0,0
JD_11444374,2021-02-28,1711,992,1490,14,8,2,3
JD_11444373,2021-02-28,5,5,3,0,0,0,0
JD_11444372,2021-02-28,31,1,31,0,0,0,0
JD_11444371,2021-02-28,59,28,42,1,0,0,0
JD_11444369,2021-02-28,45,6,45,0,0,0,0
JD_11444368,2021-02-28,43,2,41,1,0,0,0
JD_11444366,2021-02-28,4,1,2,1,0,0,0
JD_11444358,2021-02-28,1,1,1,0,0,0,0
JD_11444356,2021-02-28,5,4,2,0,0,0,0
JD_11444355,2021-02-28,5,2,5,0,0,0,0
JD_11444354,2021-02-28,42,7,42,0,0,0,0
JD_11444353,2021-02-28,152,4,147,4,1,0,0
JD_11444352,2021-02-28,21,9,16,0,0,0,0
JD_11444351,2021-02-28,1,1,0,0,0,0,0
JD_11444350,2021-02-28,2,0,2,0,0,0,0
JD_11444345,2021-02-28,5,0,5,0,0,0,0
JD_11444344,2021-02-28,66,47,48,1,0,0,0
JD_11444343,2021-02-28,2,0,2,0,0,0,0
JD_11444342,2021-02-28,3,1,3,0,0,0,0
JD_11444337,2021-02-28,4,1,4,0,0,0,0
JD_11444335,2021-02-28,1000,10,979,16,5,0,3
JD_11444333,2021-02-28,142,12,136,3,3,0,2
JD_11444331,2021-02-28,100,17,97,3,0,0,0
JD_11444327,2021-02-28,121,3,120,1,0,0,0
JD_11444325,2021-02-28,29,14,28,0,1,0,0
JD_11444321,2021-02-28,1,0,1,0,0,0,0
JD_11444318,2021-02-28,3,3,1,0,0,0,0
JD_11444317,2021-02-28,5,5,1,0,0,0,0
JD_11444316,2021-02-28,1,1,0,0,0,0,0
JD_11444315,2021-02-28,6,6,2,0,0,0,0
JD_11444314,2021-02-28,2,2,1,0,0,0,0
JD_11444311,2021-02-28,11,1,9,2,0,0,0
JD_11444309,2021-02-28,4,2,1,0,1,0,0
JD_11444303,2021-02-28,21,0,21,0,0,0,0
JD_11444302,2021-02-28,217,0,203,9,5,0,0
JD_11444301,2021-02-28,392,0,379,11,2,0,0
JD_11444300,2021-02-28,362,0,351,8,3,0,0
JD_11444297,2021-02-28,31,0,29,1,1,0,0
JD_11444296,2021-02-28,257,0,249,6,2,0,0
JD_11444285,2021-02-28,4,0,3,1,0,0,0
JD_11444282,2021-02-28,1,1,1,0,0,0,0
JD_11444281,2021-02-28,0,0,0,0,0,0,0
JD_11444280,2021-02-28,6,5,4,0,0,0,0
JD_11444279,2021-02-28,38,25,30,1,0,0,0
JD_11444278,2021-02-28,25,17,12,0,0,0,0
JD_11444277,2021-02-28,14,8,11,0,0,0,0
JD_11444276,2021-02-28,4,2,3,0,0,0,0
JD_11444275,2021-02-28,484,24,463,8,3,0,0
JD_11444274,2021-02-28,57,29,44,1,0,0,0
JD_11444273,2021-02-28,12,8,5,0,0,0,0
JD_11444272,2021-02-28,2,2,1,0,0,0,0
JD_11444269,2021-02-28,32,0,31,0,1,0,0
JD_11444268,2021-02-28,65,36,43,0,0,0,2
JD_11444267,2021-02-28,34,23,28,0,0,0,0
JD_11444266,2021-02-28,9,1,9,0,0,0,0
JD_11444265,2021-02-28,9,1,7,0,1,0,0
JD_11444264,2021-02-28,37,17,31,0,0,0,0
JD_11444263,2021-02-28,22,7,18,0,0,0,0
JD_11444262,2021-02-28,9,1,9,0,0,0,0
JD_11444261,2021-02-28,1,1,1,0,0,0,0
JD_11444260,2021-02-28,68,42,45,0,0,0,0
JD_11444259,2021-02-28,3,1,1,0,1,0,0
JD_11444258,2021-02-28,5,0,5,0,0,0,0
