JD_12640040,2021-02-28,120,104,16,0,0,0,0
JD_12640039,2021-02-28,11,11,0,0,0,0,0
JD_12640038,2021-02-28,190,167,23,0,0,0,0
JD_12640037,2021-02-28,4,4,0,0,0,0,0
JD_12640036,2021-02-28,633,528,102,3,0,0,0
JD_12640035,2021-02-28,6,5,1,0,0,0,0
JD_12640034,2021-02-28,20,18,2,0,0,0,0
JD_12640033,2021-02-28,23,21,2,0,0,0,0
JD_12640032,2021-02-28,4,4,0,0,0,0,0
JD_12640031,2021-02-28,1,1,0,0,0,0,0
JD_12640030,2021-02-28,24,23,1,0,0,0,0
JD_12640029,2021-02-28,0,0,0,0,0,0,0
JD_12640028,2021-02-28,4,4,0,0,0,0,0
JD_12640027,2021-02-28,263,220,43,0,0,0,1
JD_12640026,2021-02-28,0,0,0,0,0,0,0
JD_12640025,2021-02-28,5,3,2,0,0,0,0
JD_12640024,2021-02-28,0,0,0,0,0,0,0
JD_12640023,2021-02-28,2,2,0,0,0,0,0
JD_12640022,2021-02-28,0,0,0,0,0,0,0
JD_12640021,2021-02-28,19,17,2,0,0,0,0
JD_12640020,2021-02-28,0,0,0,0,0,0,0
JD_12640019,2021-02-28,4,3,1,0,0,0,0
JD_12640018,2021-02-28,0,0,0,0,0,0,0
JD_12640017,2021-02-28,1,1,0,0,0,0,0
JD_12640016,2021-02-28,10,9,1,0,0,0,0
JD_12640015,2021-02-28,0,0,0,0,0,0,0
JD_12640014,2021-02-28,4,2,2,0,0,0,0
JD_12640013,2021-02-28,5,3,2,0,0,0,0
JD_12640012,2021-02-28,12,11,1,0,0,0,0
JD_12640011,2021-02-28,1,1,0,0,0,0,0
JD_12640010,2021-02-28,79,61,18,0,0,0,0
JD_12640009,2021-02-28,4,2,2,0,0,0,0
JD_12640008,2021-02-28,12,11,1,0,0,0,1
JD_12640007,2021-02-28,8,8,0,0,0,0,0
JD_12640006,2021-02-28,1,1,0,0,0,0,0
JD_12640005,2021-02-28,6,5,1,0,0,0,0
JD_12640004,2021-02-28,295,189,103,2,1,1,0
JD_12640003,2021-02-28,5,5,0,0,0,0,0
JD_12640002,2021-02-28,0,0,0,0,0,0,0
JD_12640001,2021-02-28,4,3,1,0,0,0,0
JD_12640000,2021-02-28,7,5,2,0,0,0,0
JD_12639999,2021-02-28,1,1,0,0,0,0,0
JD_12639998,2021-02-28,0,0,0,0,0,0,0
JD_12639997,2021-02-28,117,102,15,0,0,0,0
JD_12639996,2021-02-28,16,15,1,0,0,0,0
JD_12639995,2021-02-28,132,117,15,0,0,0,1
JD_12639994,2021-02-28,1,1,0,0,0,0,0
JD_12639993,2021-02-28,0,0,0,0,0,0,0
JD_12639992,2021-02-28,0,0,0,0,0,0,0
JD_12639991,2021-02-28,57,49,8,0,0,0,0
JD_12639990,2021-02-28,2562,2235,326,0,1,0,3
JD_12639989,2021-02-28,60,47,13,0,0,0,0
JD_12635381,2021-02-28,422,369,52,1,0,0,1
JD_12635380,2021-02-28,75,52,23,0,0,0,0
JD_12635379,2021-02-28,48,40,8,0,0,0,0
JD_12635378,2021-02-28,5,5,0,0,0,0,0
JD_12635377,2021-02-28,103,90,13,0,0,0,0
JD_12635376,2021-02-28,0,0,0,0,0,0,0
JD_12635375,2021-02-28,24,19,5,0,0,0,0
JD_12635374,2021-02-28,1,1,0,0,0,0,0
JD_12635373,2021-02-28,14,12,2,0,0,0,0
JD_12635372,2021-02-28,15,11,4,0,0,0,0
JD_12635371,2021-02-28,18,16,2,0,0,0,0
JD_12635369,2021-02-28,20,16,4,0,0,0,0
JD_12635368,2021-02-28,3,3,0,0,0,0,0
JD_12635367,2021-02-28,20,18,2,0,0,0,0
JD_12635366,2021-02-28,3,3,0,0,0,0,0
JD_12635365,2021-02-28,13,11,2,0,0,0,0
JD_12635364,2021-02-28,70,55,15,0,0,0,0
JD_12635363,2021-02-28,9,7,2,0,0,0,0
