JD_12352458,2021-02-28,1585,1164,1156,0,0,1,4
JD_12352457,2021-02-28,5,4,2,0,0,0,0
JD_12352456,2021-02-28,9,9,0,0,0,0,0
JD_12352455,2021-02-28,2013,1648,360,3,3,5,4
JD_12352454,2021-02-28,5,4,3,0,0,0,0
JD_12352453,2021-02-28,1,1,0,0,0,0,0
JD_12352452,2021-02-28,403,337,280,0,1,0,0
JD_12352451,2021-02-28,44,36,13,0,0,0,0
JD_12352450,2021-02-28,4131,3343,3319,12,5,8,9
JD_12352449,2021-02-28,38,36,3,0,0,0,0
JD_12352448,2021-02-28,1429,1130,1145,3,1,3,3
JD_12352446,2021-02-28,118,98,100,0,0,0,0
JD_12352444,2021-02-28,324,269,218,0,0,0,0
JD_12352442,2021-02-28,1,1,0,0,0,0,0
JD_12352441,2021-02-28,1,1,0,0,0,0,0
JD_12352440,2021-02-28,9,7,2,0,0,0,0
JD_12352439,2021-02-28,25,22,9,0,0,0,0
JD_12352438,2021-02-28,3624,2938,3202,3,2,3,8
JD_12352436,2021-02-28,7,7,1,0,0,0,0
JD_12352434,2021-02-28,1,1,0,0,0,0,0
JD_12352433,2021-02-28,3,3,3,0,0,0,0
JD_12352432,2021-02-28,25,22,4,0,0,0,0
JD_12352431,2021-02-28,1,1,0,0,0,0,0
JD_12352430,2021-02-28,0,0,0,0,0,0,0
JD_12352429,2021-02-28,2,2,0,0,0,0,0
JD_12352428,2021-02-28,11,10,1,0,0,0,0
JD_12352427,2021-02-28,1,1,0,0,0,0,0
JD_12352426,2021-02-28,2014,1608,1691,1,1,1,4
JD_12352425,2021-02-28,1,1,0,0,0,0,0
JD_12352424,2021-02-28,4968,4024,3967,6,4,5,9
JD_12352423,2021-02-28,0,0,0,0,0,0,0
JD_12352422,2021-02-28,4,3,4,0,0,0,0
JD_12352420,2021-02-28,2,2,2,0,0,0,0
JD_12352419,2021-02-28,0,0,0,0,0,0,0
JD_12352418,2021-02-28,5,5,1,0,0,0,0
JD_12352416,2021-02-28,47,37,24,0,0,0,0
JD_12351482,2021-02-28,12,10,6,0,0,0,0
JD_12351481,2021-02-28,3,2,1,0,0,0,0
JD_12351480,2021-02-28,920,745,410,0,3,1,2
JD_12351479,2021-02-28,223,200,35,0,1,0,0
JD_12351478,2021-02-28,125,104,78,0,0,0,0
JD_12351477,2021-02-28,43,37,6,0,0,0,0
JD_12351476,2021-02-28,1,1,0,0,0,0,0
JD_12351474,2021-02-28,656,566,492,0,0,0,1
JD_12351473,2021-02-28,0,0,0,0,0,0,0
JD_12351472,2021-02-28,198,149,150,0,0,0,0
JD_12351471,2021-02-28,0,0,0,0,0,0,0
JD_12351470,2021-02-28,245,209,166,2,1,0,0
JD_12351469,2021-02-28,342,277,234,1,0,0,3
JD_12351468,2021-02-28,21,16,10,0,0,1,0
JD_12351467,2021-02-28,21,19,16,0,0,0,0
JD_12351466,2021-02-28,12,9,5,0,0,0,0
JD_12351465,2021-02-28,4,1,4,0,0,0,0
JD_12351464,2021-02-28,55,47,13,0,0,0,0
JD_12351463,2021-02-28,4,1,4,0,0,0,0
JD_12351461,2021-02-28,2,1,1,0,0,0,0
JD_12351460,2021-02-28,3,3,0,0,0,0,0
JD_12351459,2021-02-28,264,224,69,0,0,0,0
JD_12348565,2021-02-28,3028,2525,1028,3,2,1,3
JD_12348564,2021-02-28,3,1,2,0,0,0,0
JD_12348563,2021-02-28,7814,6628,1614,6,3,5,3
JD_12348562,2021-02-28,8,8,4,0,0,0,0
JD_12348561,2021-02-28,16,14,13,0,0,0,0
JD_12348560,2021-02-28,17,12,11,0,0,0,0
JD_12348559,2021-02-28,165,134,49,1,0,0,1
JD_12348558,2021-02-28,527,446,265,0,0,1,0
JD_12348557,2021-02-28,21,12,13,0,0,0,0
JD_12348556,2021-02-28,207,142,165,0,0,0,0
JD_12348555,2021-02-28,3520,3033,779,2,1,3,3
JD_12348554,2021-02-28,63,52,16,0,1,0,0
