JD_11331826,2021-02-28,79,31,55,0,0,0,0
JD_11331825,2021-02-28,48,35,24,0,1,0,0
JD_11331823,2021-02-28,25,16,11,1,0,0,0
JD_11331822,2021-02-28,36,30,13,0,0,0,0
JD_11331821,2021-02-28,56,9,51,3,0,0,0
JD_11331820,2021-02-28,6,1,5,0,0,0,0
JD_11331819,2021-02-28,67,35,55,0,0,0,1
JD_11331818,2021-02-28,52,43,32,0,0,0,0
JD_11331817,2021-02-28,9,3,6,1,0,0,0
JD_11331816,2021-02-28,8,6,5,0,0,0,0
JD_11331814,2021-02-28,2,0,2,0,0,0,0
JD_11331812,2021-02-28,6,5,2,0,0,0,0
JD_11331811,2021-02-28,1,0,1,0,0,0,0
JD_11331809,2021-02-28,16,10,8,1,1,0,0
JD_11331808,2021-02-28,0,0,0,0,0,0,0
JD_11331807,2021-02-28,27,17,15,1,0,0,0
JD_11331805,2021-02-28,19,12,11,0,0,0,0
JD_11331804,2021-02-28,1,1,0,0,0,0,0
JD_11331802,2021-02-28,3,1,3,0,0,0,0
JD_11331801,2021-02-28,28,17,22,0,0,0,1
JD_11331799,2021-02-28,0,0,0,0,0,0,0
JD_11331796,2021-02-28,0,0,0,0,0,0,0
JD_11331794,2021-02-28,3,0,3,0,0,0,0
JD_11331793,2021-02-28,4,1,4,0,0,0,0
JD_11331792,2021-02-28,0,0,0,0,0,0,0
JD_11331787,2021-02-28,2,2,1,0,0,0,0
JD_11331786,2021-02-28,2,2,1,0,0,0,0
JD_11331785,2021-02-28,0,0,0,0,0,0,0
JD_11331782,2021-02-28,6,2,5,0,0,0,0
JD_11331781,2021-02-28,0,0,0,0,0,0,0
JD_11331780,2021-02-28,52,12,51,1,0,0,2
JD_11331778,2021-02-28,332,225,245,0,1,2,2
JD_11331777,2021-02-28,0,0,0,0,0,0,0
JD_11331775,2021-02-28,18,7,11,0,0,0,0
JD_11331774,2021-02-28,4,2,3,0,0,0,0
JD_11331773,2021-02-28,0,0,0,0,0,0,0
JD_11331772,2021-02-28,0,0,0,0,0,0,0
JD_11331770,2021-02-28,18,8,17,0,1,0,1
JD_11331769,2021-02-28,0,0,0,0,0,0,0
JD_11331767,2021-02-28,4,3,1,0,0,0,0
JD_11331766,2021-02-28,13,8,13,0,0,0,0
JD_11331764,2021-02-28,110,1,108,0,2,0,0
JD_11331762,2021-02-28,17,4,16,0,0,0,0
JD_11331747,2021-02-28,35,24,17,0,0,0,0
JD_11331746,2021-02-28,6,5,2,0,0,0,1
JD_11331745,2021-02-28,0,0,0,0,0,0,0
JD_11331744,2021-02-28,31,24,17,1,0,0,0
JD_11331743,2021-02-28,1,1,0,0,0,0,0
JD_11331742,2021-02-28,25,13,19,1,0,0,0
JD_11331741,2021-02-28,27,23,10,0,0,0,0
JD_11331740,2021-02-28,4,3,2,0,0,0,0
JD_11331739,2021-02-28,0,0,0,0,0,0,0
JD_11331738,2021-02-28,0,0,0,0,0,0,0
JD_11331737,2021-02-28,6,1,6,0,0,0,0
JD_11331736,2021-02-28,5,2,3,1,0,0,0
JD_11331735,2021-02-28,1,0,1,0,0,0,0
JD_11331734,2021-02-28,5,1,5,0,0,0,0
JD_11331733,2021-02-28,80,48,50,1,0,0,0
JD_11331732,2021-02-28,0,0,0,0,0,0,0
JD_11331731,2021-02-28,0,0,0,0,0,0,0
JD_11331730,2021-02-28,7,2,7,0,0,0,0
JD_11331729,2021-02-28,4,3,3,0,0,0,0
JD_11331728,2021-02-28,9,7,7,0,0,0,0
JD_11331724,2021-02-28,0,0,0,0,0,0,0
JD_11331723,2021-02-28,1,1,1,0,0,0,0
JD_11331722,2021-02-28,3,2,3,0,0,0,0
JD_11331718,2021-02-28,0,0,0,0,0,0,0
JD_11331711,2021-02-28,9,5,8,0,0,0,0
JD_11331704,2021-02-28,52,22,38,0,2,0,0
JD_11331698,2021-02-28,10,1,9,1,0,0,0
