JD_11382965,2021-02-28,48,31,39,0,0,0,0
JD_11382964,2021-02-28,3,2,1,0,0,0,0
JD_11382963,2021-02-28,13,10,8,1,0,0,0
JD_11382962,2021-02-28,1,1,1,0,0,0,0
JD_11382961,2021-02-28,17,7,14,0,0,0,0
JD_11382960,2021-02-28,17,12,12,0,1,0,0
JD_11382959,2021-02-28,149,3,146,3,0,0,0
JD_11382958,2021-02-28,18,0,18,0,0,0,0
JD_11382957,2021-02-28,3365,2422,2682,29,16,1,5
JD_11382956,2021-02-28,47,11,40,1,0,0,0
JD_11382955,2021-02-28,138,0,132,4,2,0,0
JD_11382954,2021-02-28,33,16,30,0,1,0,0
JD_11382953,2021-02-28,58,23,53,0,1,0,0
JD_11382952,2021-02-28,107,0,106,1,0,0,0
JD_11382947,2021-02-28,5,3,1,0,1,0,0
JD_11382936,2021-02-28,1428,372,1243,42,18,1,0
JD_11382935,2021-02-28,46,2,44,2,0,0,0
JD_11382934,2021-02-28,805,0,790,13,2,0,0
JD_11382933,2021-02-28,2093,991,1805,12,4,0,3
JD_11382932,2021-02-28,252,9,243,6,2,0,0
JD_11382930,2021-02-28,1139,0,1089,31,19,0,0
JD_11382929,2021-02-28,1202,840,666,8,7,0,2
JD_11382927,2021-02-28,1919,799,1866,10,5,1,3
JD_11382925,2021-02-28,1126,0,1099,15,12,0,0
JD_11382924,2021-02-28,18,1,18,0,0,0,0
JD_11382923,2021-02-28,585,0,560,17,8,0,0
JD_11382922,2021-02-28,11,7,7,0,0,0,0
JD_11382920,2021-02-28,23,16,20,0,0,0,0
JD_11382919,2021-02-28,387,0,374,7,6,0,0
JD_11382918,2021-02-28,588,0,569,11,8,0,0
JD_11382917,2021-02-28,418,0,399,15,4,0,0
JD_11382916,2021-02-28,42,28,22,0,0,0,1
JD_11382915,2021-02-28,145,86,99,3,1,0,0
JD_11382914,2021-02-28,25,14,16,1,1,0,0
JD_11382913,2021-02-28,18,6,12,2,1,0,0
JD_11382912,2021-02-28,34,15,24,0,0,0,0
JD_11382911,2021-02-28,42,26,25,0,1,0,0
JD_11382910,2021-02-28,6,3,5,0,1,0,0
JD_11382909,2021-02-28,68,50,46,0,1,0,0
JD_11382908,2021-02-28,7,4,5,0,0,0,0
JD_11382907,2021-02-28,11,8,6,0,0,0,0
JD_11382906,2021-02-28,26,13,21,0,1,0,0
JD_11382905,2021-02-28,18,12,17,0,0,0,0
JD_11382903,2021-02-28,141,109,84,1,0,0,0
JD_11382902,2021-02-28,133,105,76,1,0,0,0
JD_11382901,2021-02-28,218,177,106,0,0,0,0
JD_11382900,2021-02-28,63,33,58,1,0,0,0
JD_11382899,2021-02-28,200,156,127,0,1,0,0
JD_11382898,2021-02-28,74,35,69,0,1,0,0
JD_11382897,2021-02-28,4,3,4,0,0,0,0
JD_11382896,2021-02-28,33,18,23,0,0,0,0
JD_11382895,2021-02-28,11,9,8,0,0,0,0
JD_11382894,2021-02-28,7,5,3,1,0,0,0
JD_11382893,2021-02-28,8,5,5,0,0,0,0
JD_11382892,2021-02-28,2,2,1,0,0,0,0
JD_11382891,2021-02-28,4,2,3,0,0,0,0
JD_11382890,2021-02-28,5,4,1,0,0,0,0
JD_11382889,2021-02-28,0,0,0,0,0,0,0
JD_11382888,2021-02-28,13,9,9,0,0,0,0
JD_11382887,2021-02-28,4,2,3,0,0,0,0
JD_11382886,2021-02-28,5,3,2,0,0,0,0
JD_11382884,2021-02-28,5,4,1,0,0,0,0
JD_11382883,2021-02-28,4,4,1,0,0,0,0
JD_11382882,2021-02-28,12,4,10,0,0,0,0
JD_11382881,2021-02-28,117,41,112,2,3,0,0
JD_11382880,2021-02-28,43,26,21,0,1,0,0
JD_11382879,2021-02-28,74,34,72,2,0,0,1
JD_11382878,2021-02-28,21,15,14,0,0,0,0
JD_11382876,2021-02-28,32,12,21,1,2,0,0
JD_11382875,2021-02-28,13,12,5,0,0,0,0
