JD_11463905,2021-02-28,4,4,0,0,0,0,0
JD_11463903,2021-02-28,3,2,2,0,0,0,0
JD_11463902,2021-02-28,35,27,18,1,0,0,0
JD_11463901,2021-02-28,9,5,8,0,0,0,0
JD_11463900,2021-02-28,3,2,2,0,0,0,0
JD_11463899,2021-02-28,1,0,1,0,0,0,0
JD_11463898,2021-02-28,0,0,0,0,0,0,0
JD_11463897,2021-02-28,1,0,1,0,0,0,0
JD_11463896,2021-02-28,0,0,0,0,0,0,0
JD_11463894,2021-02-28,8,4,6,0,0,0,0
JD_11463893,2021-02-28,7,3,5,0,0,0,0
JD_11463892,2021-02-28,6,4,3,0,0,0,0
JD_11463891,2021-02-28,4,3,3,0,0,0,0
JD_11463890,2021-02-28,0,0,0,0,0,0,0
JD_11463889,2021-02-28,0,0,0,0,0,0,0
JD_11463888,2021-02-28,4,2,4,0,0,0,0
JD_11463887,2021-02-28,2,0,2,0,0,0,0
JD_11463886,2021-02-28,1,1,0,0,0,0,0
JD_11463885,2021-02-28,0,0,0,0,0,0,0
JD_11463884,2021-02-28,0,0,0,0,0,0,0
JD_11463883,2021-02-28,0,0,0,0,0,0,0
JD_11463882,2021-02-28,0,0,0,0,0,0,0
JD_11463881,2021-02-28,17,9,15,1,0,0,0
JD_11463880,2021-02-28,448,254,412,4,0,0,2
JD_11463878,2021-02-28,45,29,28,1,0,0,0
JD_11463877,2021-02-28,0,0,0,0,0,0,0
JD_11463876,2021-02-28,10,6,4,0,0,0,0
JD_11463875,2021-02-28,126,83,89,2,0,0,0
JD_11463873,2021-02-28,42,33,41,0,0,0,0
JD_11463872,2021-02-28,32,3,31,1,0,0,0
JD_11463871,2021-02-28,469,227,446,8,1,1,0
JD_11463870,2021-02-28,29,25,11,0,0,0,0
JD_11463869,2021-02-28,112,59,76,0,1,0,1
JD_11463868,2021-02-28,39,32,17,0,0,0,0
JD_11463866,2021-02-28,40,18,24,1,0,0,0
JD_11463862,2021-02-28,36,27,15,0,0,0,0
JD_11463861,2021-02-28,32,3,31,0,1,0,0
JD_11463860,2021-02-28,10,1,8,1,0,0,0
JD_11463859,2021-02-28,30,19,27,0,0,0,1
JD_11463858,2021-02-28,31,18,30,0,0,0,1
JD_11463857,2021-02-28,0,0,0,0,0,0,0
JD_11463856,2021-02-28,37,13,35,0,1,0,0
JD_11463855,2021-02-28,38,6,36,1,1,1,0
JD_11463854,2021-02-28,0,0,0,0,0,0,0
JD_11463853,2021-02-28,434,160,409,3,3,0,0
JD_11463852,2021-02-28,33,6,33,0,0,0,0
JD_11463851,2021-02-28,25,6,24,1,0,0,0
JD_11463850,2021-02-28,3,2,3,0,0,0,0
JD_11463849,2021-02-28,44,11,44,0,0,0,0
JD_11463848,2021-02-28,29,0,28,0,1,0,0
JD_11463847,2021-02-28,32,20,29,0,0,0,0
JD_11463845,2021-02-28,880,614,636,2,2,0,2
JD_11463844,2021-02-28,151,10,150,0,0,0,0
JD_11463843,2021-02-28,136,10,131,4,0,0,0
JD_11463841,2021-02-28,28,5,27,0,1,0,0
JD_11463840,2021-02-28,101,6,98,1,0,0,0
JD_11463839,2021-02-28,47,0,46,1,0,0,0
JD_11463838,2021-02-28,324,163,185,6,1,1,1
JD_11463837,2021-02-28,103,0,101,2,0,0,0
JD_11463836,2021-02-28,11,7,5,0,0,0,0
JD_11463834,2021-02-28,73,0,72,1,0,0,0
JD_11463833,2021-02-28,7,0,6,0,1,0,0
JD_11463832,2021-02-28,60,42,41,0,0,0,0
JD_11463831,2021-02-28,230,153,189,1,2,0,1
JD_11463830,2021-02-28,6,1,6,0,0,0,0
JD_11463829,2021-02-28,330,129,313,1,1,1,2
JD_11463828,2021-02-28,4646,2982,2766,7,4,7,6
JD_11463827,2021-02-28,5488,3535,3291,12,4,10,11
JD_11463826,2021-02-28,9824,6871,5230,16,12,14,21
JD_11463824,2021-02-28,25,21,14,0,1,0,0
