JD_11943600,2021-02-28,25,16,22,0,0,0,0
JD_11943598,2021-02-28,14,8,9,0,0,0,0
JD_11943597,2021-02-28,24,17,9,0,0,0,0
JD_11943596,2021-02-28,5,3,4,0,0,0,0
JD_11943595,2021-02-28,17,13,8,1,0,0,0
JD_11943594,2021-02-28,2,1,1,0,0,0,0
JD_11943593,2021-02-28,1337,1077,637,5,3,1,7
JD_11943592,2021-02-28,53,35,41,0,0,0,0
JD_11943591,2021-02-28,13,11,11,0,0,0,0
JD_11943590,2021-02-28,33,28,14,0,0,0,0
JD_11943589,2021-02-28,205,115,147,2,1,0,0
JD_11943588,2021-02-28,4,3,4,0,0,0,0
JD_11943587,2021-02-28,0,0,0,0,0,0,0
JD_11943586,2021-02-28,1,0,1,0,0,0,0
JD_11943585,2021-02-28,85,41,60,1,0,0,0
JD_11943584,2021-02-28,5,5,2,0,0,0,0
JD_11943583,2021-02-28,5,2,5,0,0,0,0
JD_11943582,2021-02-28,14,0,14,0,0,0,0
JD_11943581,2021-02-28,18,9,17,0,0,0,0
JD_11943580,2021-02-28,94,74,42,1,0,0,0
JD_11943579,2021-02-28,61,53,11,0,0,0,0
JD_11943578,2021-02-28,18,0,18,0,0,0,0
JD_11943576,2021-02-28,12,0,11,0,1,0,0
JD_11943571,2021-02-28,8,6,5,0,0,0,0
JD_11943570,2021-02-28,5,0,5,0,0,0,1
JD_11943569,2021-02-28,6,4,4,0,0,0,0
JD_11943568,2021-02-28,6,0,6,0,0,0,0
JD_11943567,2021-02-28,7,4,3,0,0,0,0
JD_11943566,2021-02-28,64,0,64,0,0,0,0
JD_11943565,2021-02-28,357,250,288,3,0,0,2
JD_11943564,2021-02-28,3,0,3,0,0,0,0
JD_11943563,2021-02-28,28,25,18,0,0,0,0
JD_11943562,2021-02-28,1,0,1,0,0,0,0
JD_11943561,2021-02-28,4,3,4,0,0,0,0
JD_11943560,2021-02-28,25,0,25,0,0,0,0
JD_11943559,2021-02-28,2,0,2,0,0,0,0
JD_11943558,2021-02-28,14,0,14,0,0,0,0
JD_11943557,2021-02-28,38,25,28,1,0,0,0
JD_11943556,2021-02-28,8,0,8,0,0,0,0
JD_11943555,2021-02-28,6,4,3,0,1,0,0
JD_11943554,2021-02-28,100,50,76,1,0,0,3
JD_11943553,2021-02-28,0,0,0,0,0,0,0
JD_11943552,2021-02-28,240,175,151,2,0,0,1
JD_11943551,2021-02-28,90,70,56,0,0,0,0
JD_11943550,2021-02-28,189,135,135,0,0,0,0
JD_11943549,2021-02-28,24,16,24,0,0,0,0
JD_11943548,2021-02-28,6,0,6,0,0,0,0
JD_11943547,2021-02-28,0,0,0,0,0,0,0
JD_11943546,2021-02-28,49,0,49,0,0,0,0
JD_11943545,2021-02-28,0,0,0,0,0,0,0
JD_11943544,2021-02-28,445,2,442,0,3,0,0
JD_11943542,2021-02-28,0,0,0,0,0,0,0
JD_11943540,2021-02-28,3,1,2,0,0,0,0
JD_11943539,2021-02-28,56,44,29,0,0,0,1
JD_11943538,2021-02-28,0,0,0,0,0,0,0
JD_11943537,2021-02-28,5,4,4,0,0,0,0
JD_11943536,2021-02-28,2,0,2,0,0,0,0
JD_11943535,2021-02-28,395,220,347,2,1,0,0
JD_11943534,2021-02-28,1,0,1,0,0,0,0
JD_11943533,2021-02-28,7,5,3,0,0,0,0
JD_11943532,2021-02-28,477,1,467,5,5,0,0
JD_11943531,2021-02-28,6,5,3,0,0,0,0
JD_11943530,2021-02-28,50,37,31,0,0,0,0
JD_11943529,2021-02-28,6,5,2,0,0,0,0
JD_11943528,2021-02-28,73,55,48,1,1,0,0
JD_11943527,2021-02-28,4,4,0,0,0,0,0
JD_11943526,2021-02-28,56,43,31,0,0,0,1
JD_11943525,2021-02-28,193,138,125,1,1,0,1
JD_11943524,2021-02-28,566,417,359,0,0,0,2
JD_11943523,2021-02-28,10,0,9,1,0,0,0
