JD_11516513,2021-02-28,17,4,16,0,1,0,0
JD_11516512,2021-02-28,1735,20,1706,19,7,0,1
JD_11516511,2021-02-28,3,2,3,0,0,0,0
JD_11516510,2021-02-28,14,7,13,0,0,0,0
JD_11516509,2021-02-28,0,0,0,0,0,0,0
JD_11516507,2021-02-28,994,347,806,20,8,0,3
JD_11516506,2021-02-28,51,14,46,4,1,0,0
JD_11516505,2021-02-28,1,0,0,1,0,0,0
JD_11516504,2021-02-28,4,4,2,0,0,0,0
JD_11516502,2021-02-28,3,2,2,0,0,0,0
JD_11516501,2021-02-28,2,2,2,0,0,0,0
JD_11516500,2021-02-28,69,48,36,1,0,0,0
JD_11516498,2021-02-28,26,16,11,1,0,0,0
JD_11516496,2021-02-28,332,238,202,2,0,0,1
JD_11516495,2021-02-28,8,3,4,0,1,0,0
JD_11516494,2021-02-28,275,212,133,1,0,0,2
JD_11516493,2021-02-28,43,26,24,0,0,0,0
JD_11516492,2021-02-28,2,1,1,0,0,0,0
JD_11516490,2021-02-28,2,1,1,0,0,0,0
JD_11516489,2021-02-28,220,162,106,1,0,0,0
JD_11516488,2021-02-28,33,28,14,0,0,0,0
JD_11516487,2021-02-28,0,0,0,0,0,0,0
JD_11516486,2021-02-28,152,95,134,0,1,0,0
JD_11516484,2021-02-28,16,8,9,1,0,0,0
JD_11516483,2021-02-28,172,126,54,1,0,0,0
JD_11516482,2021-02-28,46,32,35,0,0,0,0
JD_11516481,2021-02-28,87,44,73,0,0,0,0
JD_11516480,2021-02-28,3,3,1,0,0,0,0
JD_11516479,2021-02-28,371,0,359,7,5,0,0
JD_11516478,2021-02-28,57,33,38,0,0,0,0
JD_11516477,2021-02-28,3,2,1,0,0,0,0
JD_11516475,2021-02-28,11,8,5,0,0,0,0
JD_11516474,2021-02-28,348,250,202,1,1,1,1
JD_11516473,2021-02-28,5,0,5,0,0,0,0
JD_11516471,2021-02-28,78,51,44,0,0,0,0
JD_11516469,2021-02-28,9,7,2,0,0,0,0
JD_11516468,2021-02-28,9,9,4,0,0,0,0
JD_11516467,2021-02-28,16,9,13,0,0,0,0
JD_11516466,2021-02-28,144,19,142,1,1,1,0
JD_11516464,2021-02-28,4,0,4,0,0,0,0
JD_11516463,2021-02-28,161,75,155,1,0,0,2
JD_11516462,2021-02-28,104,17,98,3,0,0,0
JD_11516461,2021-02-28,153,16,150,3,0,0,0
JD_11516460,2021-02-28,37,14,26,1,0,0,0
JD_11516459,2021-02-28,107,44,96,0,2,0,0
JD_11516458,2021-02-28,35,13,28,2,0,0,0
JD_11516457,2021-02-28,177,85,176,0,0,0,0
JD_11516456,2021-02-28,22,4,20,1,0,0,0
JD_11516455,2021-02-28,68,38,58,2,0,2,0
JD_11516454,2021-02-28,36,8,31,2,0,0,0
JD_11516453,2021-02-28,52,19,46,2,0,0,0
JD_11516452,2021-02-28,22,8,18,0,0,0,0
JD_11516451,2021-02-28,27,10,21,2,0,0,0
JD_11516450,2021-02-28,0,0,0,0,0,0,0
JD_11516449,2021-02-28,51,0,49,2,0,0,0
JD_11516447,2021-02-28,255,24,240,2,2,0,0
JD_11516446,2021-02-28,0,0,0,0,0,0,0
JD_11516445,2021-02-28,7,5,3,0,0,0,0
JD_11516443,2021-02-28,125,63,119,0,0,0,1
JD_11516441,2021-02-28,19,7,17,0,2,0,0
JD_11516440,2021-02-28,4,3,4,0,0,0,0
JD_11516439,2021-02-28,38,28,14,0,0,0,0
JD_11516438,2021-02-28,4,2,2,0,0,0,0
JD_11516437,2021-02-28,4,2,3,0,1,0,0
JD_11516436,2021-02-28,24,6,20,1,0,0,0
JD_11516435,2021-02-28,211,166,199,1,3,0,0
JD_11516434,2021-02-28,80,3,75,3,1,0,0
JD_11516433,2021-02-28,39,19,33,1,1,0,0
JD_11516432,2021-02-28,1,1,0,0,0,0,0
JD_11516431,2021-02-28,482,50,471,6,5,0,0
