JD_11394585,2021-02-28,22780,12823,19965,121,52,15,45
JD_11394584,2021-02-28,4,1,4,0,0,0,0
JD_11394583,2021-02-28,352,243,130,1,0,0,0
JD_11394582,2021-02-28,571,384,240,0,1,1,1
JD_11394581,2021-02-28,9669,4547,8214,75,33,2,25
JD_11394580,2021-02-28,8,7,4,0,0,0,0
JD_11394578,2021-02-28,4,3,2,0,0,0,0
JD_11394576,2021-02-28,12,8,11,0,0,0,0
JD_11394574,2021-02-28,5,4,4,0,0,0,0
JD_11394570,2021-02-28,468,161,425,1,0,0,1
JD_11394569,2021-02-28,558,225,389,1,3,0,1
JD_11394568,2021-02-28,418,187,307,2,0,1,1
JD_11394567,2021-02-28,30,17,22,1,0,0,0
JD_11394566,2021-02-28,203,130,143,1,0,0,2
JD_11394555,2021-02-28,32,7,30,0,0,0,0
JD_11394540,2021-02-28,163,118,160,0,0,0,0
JD_11394532,2021-02-28,52,9,46,4,1,0,0
JD_11394531,2021-02-28,14,4,13,0,0,0,0
JD_11394530,2021-02-28,3,1,2,0,0,0,0
JD_11394528,2021-02-28,0,0,0,0,0,0,0
JD_11394527,2021-02-28,5,4,2,0,0,0,0
JD_11394526,2021-02-28,5,4,2,0,0,0,0
JD_11394525,2021-02-28,0,0,0,0,0,0,0
JD_11394524,2021-02-28,1,1,1,0,0,0,0
JD_11394523,2021-02-28,1461,0,1402,45,14,0,0
JD_11394521,2021-02-28,0,0,0,0,0,0,0
JD_11394520,2021-02-28,5,4,1,0,0,0,0
JD_11394519,2021-02-28,16,11,13,0,0,0,0
JD_11394518,2021-02-28,4,0,4,0,0,0,0
JD_11394517,2021-02-28,2,1,1,0,0,0,0
JD_11394516,2021-02-28,28,9,27,1,0,0,1
JD_11394515,2021-02-28,12,5,8,0,0,0,0
JD_11394514,2021-02-28,3091,1414,2389,32,13,2,7
JD_11394513,2021-02-28,0,0,0,0,0,0,0
JD_11394507,2021-02-28,0,0,0,0,0,0,0
JD_11394492,2021-02-28,0,0,0,0,0,0,0
JD_11394491,2021-02-28,16,4,16,0,0,0,0
JD_11394490,2021-02-28,376,278,161,0,2,0,0
JD_11394489,2021-02-28,11,10,11,0,0,0,0
JD_11394488,2021-02-28,62,46,44,1,0,0,0
JD_11394487,2021-02-28,8,6,3,0,0,0,0
JD_11394486,2021-02-28,0,0,0,0,0,0,0
JD_11394484,2021-02-28,413,332,212,1,0,0,0
JD_11394483,2021-02-28,87,53,65,0,0,0,0
JD_11394482,2021-02-28,3,3,2,0,0,0,0
JD_11394475,2021-02-28,0,0,0,0,0,0,0
JD_11394469,2021-02-28,0,0,0,0,0,0,0
JD_11394466,2021-02-28,0,0,0,0,0,0,0
JD_11394445,2021-02-28,0,0,0,0,0,0,0
JD_11394440,2021-02-28,0,0,0,0,0,0,0
JD_11394433,2021-02-28,0,0,0,0,0,0,0
JD_11394404,2021-02-28,0,0,0,0,0,0,0
JD_11394400,2021-02-28,4,0,4,0,0,0,0
JD_11394398,2021-02-28,0,0,0,0,0,0,0
JD_11394390,2021-02-28,0,0,0,0,0,0,0
JD_11394376,2021-02-28,6,3,5,0,0,0,0
JD_11394375,2021-02-28,22,13,11,0,0,0,0
JD_11394371,2021-02-28,1800,1475,605,7,4,1,4
JD_11394370,2021-02-28,3,1,2,0,0,0,0
JD_11394369,2021-02-28,22,16,8,0,0,0,0
JD_11394366,2021-02-28,24,11,17,0,0,0,0
JD_11394365,2021-02-28,20,10,13,1,0,0,0
JD_11394364,2021-02-28,25,14,19,0,0,0,0
JD_11394363,2021-02-28,37,18,27,0,1,0,0
JD_11394362,2021-02-28,23,13,15,0,0,0,0
JD_11394361,2021-02-28,33,21,20,1,0,0,1
JD_11394360,2021-02-28,73,52,51,0,0,0,0
JD_11394359,2021-02-28,6,6,3,0,0,0,0
JD_11394358,2021-02-28,65,51,40,0,0,0,0
JD_11394357,2021-02-28,30,18,18,0,0,0,0
