JD_11396736,2021-02-28,1,0,1,0,0,0,0
JD_11396735,2021-02-28,0,0,0,0,0,0,0
JD_11396734,2021-02-28,0,0,0,0,0,0,0
JD_11396733,2021-02-28,38,18,25,2,1,0,0
JD_11396730,2021-02-28,1,1,0,0,0,0,0
JD_11396728,2021-02-28,0,0,0,0,0,0,0
JD_11396727,2021-02-28,65,31,42,1,1,0,0
JD_11396726,2021-02-28,14,7,11,0,0,0,0
JD_11396725,2021-02-28,13,6,12,0,0,0,0
JD_11396723,2021-02-28,59,51,29,0,0,0,0
JD_11396722,2021-02-28,24,14,20,1,0,0,0
JD_11396719,2021-02-28,12,6,8,1,0,0,0
JD_11396718,2021-02-28,1,1,0,0,0,0,0
JD_11396717,2021-02-28,10,2,11,0,0,0,0
JD_11396715,2021-02-28,3,0,3,0,0,0,0
JD_11396714,2021-02-28,28,23,14,0,0,0,0
JD_11396713,2021-02-28,25,12,20,1,0,0,0
JD_11396712,2021-02-28,13166,6667,13132,25,5,18,33
JD_11396711,2021-02-28,0,0,0,0,0,0,0
JD_11396709,2021-02-28,7,4,4,1,0,0,0
JD_11396708,2021-02-28,4,1,4,0,0,0,0
JD_11396707,2021-02-28,0,0,0,0,0,0,0
JD_11396703,2021-02-28,4,3,1,0,0,0,0
JD_11396702,2021-02-28,28,21,14,0,0,0,0
JD_11396699,2021-02-28,2,0,2,0,0,0,0
JD_11396697,2021-02-28,0,0,0,0,0,0,0
JD_11396691,2021-02-28,8,2,8,0,0,0,0
JD_11396684,2021-02-28,1,1,0,0,0,0,0
JD_11396682,2021-02-28,0,0,0,0,0,0,0
JD_11396678,2021-02-28,2,0,2,0,0,0,0
JD_11396675,2021-02-28,18,6,15,0,1,0,0
JD_11396674,2021-02-28,41,31,11,1,0,0,0
JD_11396673,2021-02-28,0,0,0,0,0,0,0
JD_11396671,2021-02-28,8,6,5,0,0,0,0
JD_11396670,2021-02-28,6,4,4,0,0,0,0
JD_11396669,2021-02-28,11,3,11,0,0,0,0
JD_11396667,2021-02-28,1,1,0,0,0,0,0
JD_11396666,2021-02-28,22,10,20,1,0,0,0
JD_11396663,2021-02-28,4,0,4,0,0,0,0
JD_11396662,2021-02-28,9,5,8,0,0,0,0
JD_11396660,2021-02-28,17,6,18,0,0,0,0
JD_11396659,2021-02-28,4,3,2,0,0,0,0
JD_11396658,2021-02-28,1,0,1,0,0,0,0
JD_11396657,2021-02-28,0,0,0,0,0,0,0
JD_11396655,2021-02-28,0,0,0,0,0,0,0
JD_11396651,2021-02-28,2,0,2,0,0,0,0
JD_11396641,2021-02-28,0,0,0,0,0,0,0
JD_11396638,2021-02-28,0,0,0,0,0,0,0
JD_11396633,2021-02-28,5,3,5,0,0,0,0
JD_11396631,2021-02-28,25,9,24,0,1,0,0
JD_11396629,2021-02-28,28,1,27,1,0,0,0
JD_11396628,2021-02-28,23,5,21,0,0,0,0
JD_11396627,2021-02-28,2,1,2,0,0,0,0
JD_11396626,2021-02-28,2,0,2,0,0,0,0
JD_11396625,2021-02-28,5,4,3,0,0,0,0
JD_11396624,2021-02-28,1024,16,980,23,11,0,0
JD_11396623,2021-02-28,37,3,36,1,0,0,0
JD_11396622,2021-02-28,30,23,6,0,1,0,0
JD_11396621,2021-02-28,3,1,3,0,0,0,0
JD_11396619,2021-02-28,15,10,7,0,0,0,1
JD_11396618,2021-02-28,17,3,17,0,0,0,0
JD_11396616,2021-02-28,19,8,13,0,0,0,0
JD_11396615,2021-02-28,4,2,2,0,0,0,0
JD_11396614,2021-02-28,14,3,13,1,0,0,0
JD_11396613,2021-02-28,0,0,0,0,0,0,0
JD_11396612,2021-02-28,2,1,2,0,0,0,0
JD_11396611,2021-02-28,6,1,6,0,0,0,0
JD_11396610,2021-02-28,4,1,4,0,0,0,0
JD_11396609,2021-02-28,8,5,5,0,0,0,0
JD_11396606,2021-02-28,0,0,0,0,0,0,0
