JD_11541277,2021-02-28,4,3,3,0,0,0,0
JD_11541276,2021-02-28,10,8,6,0,0,0,0
JD_11541275,2021-02-28,0,0,0,0,0,0,0
JD_11541274,2021-02-28,12,9,11,0,0,0,0
JD_11541273,2021-02-28,2,2,2,0,0,0,0
JD_11541272,2021-02-28,3,2,3,0,0,0,0
JD_11541271,2021-02-28,4,3,2,0,0,0,0
JD_11541270,2021-02-28,2,2,1,0,0,0,0
JD_11541269,2021-02-28,67,46,49,0,0,0,0
JD_11541268,2021-02-28,2,2,0,0,0,0,0
JD_11541267,2021-02-28,3,3,2,0,0,0,0
JD_11541266,2021-02-28,33,19,21,0,0,0,0
JD_11541265,2021-02-28,5,3,4,0,0,0,0
JD_11541264,2021-02-28,5,3,2,0,0,0,0
JD_11541261,2021-02-28,3,2,2,0,0,0,0
JD_11541260,2021-02-28,11,6,7,0,0,0,0
JD_11541259,2021-02-28,5,3,3,0,0,0,0
JD_11541258,2021-02-28,95,65,53,0,0,1,0
JD_11541257,2021-02-28,138,114,57,0,0,0,1
JD_11541256,2021-02-28,16,8,14,0,0,0,0
JD_11541254,2021-02-28,151,0,146,5,0,0,0
JD_11541252,2021-02-28,18,6,14,1,0,0,0
JD_11541251,2021-02-28,54,32,46,0,0,0,0
JD_11541250,2021-02-28,444,344,321,2,3,2,0
JD_11541249,2021-02-28,372,262,250,2,0,0,0
JD_11541248,2021-02-28,415,204,407,2,6,0,0
JD_11541247,2021-02-28,154,1,150,3,1,0,0
JD_11541246,2021-02-28,29,18,17,0,0,0,0
JD_11541245,2021-02-28,4,1,3,1,0,0,0
JD_11541243,2021-02-28,156,35,142,2,0,0,0
JD_11541242,2021-02-28,61,48,23,2,1,0,1
JD_11541241,2021-02-28,37,28,18,1,0,0,0
JD_11541240,2021-02-28,12,4,9,0,0,0,0
JD_11541237,2021-02-28,7,3,5,0,0,0,0
JD_11541236,2021-02-28,3,3,2,0,0,0,0
JD_11541235,2021-02-28,1,1,1,0,0,0,0
JD_11541234,2021-02-28,13,10,9,0,0,0,0
JD_11541232,2021-02-28,204,17,201,3,0,0,0
JD_11541231,2021-02-28,21,17,15,0,0,0,0
JD_11541230,2021-02-28,9,0,9,0,0,0,0
JD_11541229,2021-02-28,90,63,56,0,0,0,0
JD_11541228,2021-02-28,15,3,12,1,0,0,0
JD_11541227,2021-02-28,26,2,26,0,0,0,0
JD_11541226,2021-02-28,31,6,29,0,2,0,0
JD_11541225,2021-02-28,6,3,5,0,0,0,0
JD_11541224,2021-02-28,59,25,51,0,0,0,0
JD_11541223,2021-02-28,945,73,938,2,3,0,0
JD_11541222,2021-02-28,375,193,367,3,1,2,2
JD_11541221,2021-02-28,170,44,167,2,1,0,1
JD_11541219,2021-02-28,23,5,23,0,0,0,0
JD_11541218,2021-02-28,12,0,12,0,0,0,0
JD_11541214,2021-02-28,739,578,282,2,2,0,2
JD_11541213,2021-02-28,515,395,207,3,0,0,0
JD_11541212,2021-02-28,746,525,736,0,3,1,1
JD_11541211,2021-02-28,579,436,244,2,0,0,1
JD_11541210,2021-02-28,281,202,110,3,0,0,0
JD_11541209,2021-02-28,745,559,332,1,0,0,1
JD_11541208,2021-02-28,609,475,281,0,0,0,1
JD_11541207,2021-02-28,600,472,197,2,1,0,0
JD_11541206,2021-02-28,1017,738,496,7,3,0,1
JD_11541204,2021-02-28,897,654,556,6,2,1,0
JD_11541203,2021-02-28,6,5,2,0,0,0,0
JD_11541202,2021-02-28,10,6,6,0,0,0,0
JD_11541201,2021-02-28,9,5,7,0,0,0,0
JD_11541199,2021-02-28,8,7,4,0,0,0,0
JD_11541198,2021-02-28,6,4,2,0,0,0,0
JD_11541197,2021-02-28,6,4,2,0,0,0,0
JD_11541192,2021-02-28,431,278,331,0,0,1,0
JD_11541191,2021-02-28,43,3,41,1,1,0,1
JD_11541190,2021-02-28,125,0,116,5,4,0,0
