JD_11962238,2021-02-28,74,0,72,2,0,0,0
JD_11962237,2021-02-28,3,2,1,0,0,0,0
JD_11962235,2021-02-28,6,5,2,0,0,0,0
JD_11962234,2021-02-28,190,65,182,5,0,0,0
JD_11962233,2021-02-28,2,2,1,0,0,0,0
JD_11962231,2021-02-28,15,14,4,0,0,0,0
JD_11962229,2021-02-28,4,4,0,0,0,0,0
JD_11962227,2021-02-28,6,6,2,0,0,0,0
JD_11962225,2021-02-28,5,4,2,0,0,0,0
JD_11962223,2021-02-28,17,11,12,0,1,0,0
JD_11962222,2021-02-28,322,114,209,3,0,0,1
JD_11962221,2021-02-28,14,10,6,0,0,0,0
JD_11962219,2021-02-28,9,6,6,0,0,0,0
JD_11962217,2021-02-28,5,5,1,0,0,0,0
JD_11962215,2021-02-28,0,0,0,0,0,0,0
JD_11962214,2021-02-28,37,0,37,0,0,0,0
JD_11962213,2021-02-28,4,3,1,0,0,0,0
JD_11962212,2021-02-28,63,43,59,0,0,0,0
JD_11962211,2021-02-28,4,1,4,0,0,0,0
JD_11962209,2021-02-28,4,3,4,0,0,0,0
JD_11962206,2021-02-28,9,7,7,0,0,0,0
JD_11962205,2021-02-28,3,2,3,0,0,0,0
JD_11962203,2021-02-28,0,0,0,0,0,0,0
JD_11962201,2021-02-28,1,1,0,0,0,0,0
JD_11962197,2021-02-28,32,17,21,1,0,0,2
JD_11962193,2021-02-28,138,96,136,0,2,0,0
JD_11962191,2021-02-28,61,30,53,0,0,0,0
JD_11962185,2021-02-28,13140,7416,11580,44,23,10,42
JD_11962183,2021-02-28,179,112,154,2,0,0,0
JD_11962181,2021-02-28,1,0,1,0,0,0,0
JD_11962180,2021-02-28,1,1,1,0,0,0,0
JD_11962179,2021-02-28,296,236,115,0,0,0,0
JD_11962178,2021-02-28,5,4,3,0,0,0,1
JD_11962177,2021-02-28,11638,9448,7616,13,5,18,14
JD_11962176,2021-02-28,602,444,538,4,4,0,2
JD_11962175,2021-02-28,9,0,9,0,0,0,0
JD_11962173,2021-02-28,7,6,2,0,0,0,0
JD_11962171,2021-02-28,539,430,398,3,2,0,1
JD_11962169,2021-02-28,0,0,0,0,0,0,0
JD_11962167,2021-02-28,0,0,0,0,0,0,0
JD_11962165,2021-02-28,0,0,0,0,0,0,0
JD_11961894,2021-02-28,7,5,6,0,0,0,0
JD_11961893,2021-02-28,76,35,76,0,0,0,0
JD_11961892,2021-02-28,0,0,0,0,0,0,0
JD_11961891,2021-02-28,46,23,46,0,0,0,0
JD_11961888,2021-02-28,69,2,67,1,1,0,0
JD_11961887,2021-02-28,18,8,13,1,0,0,0
JD_11961886,2021-02-28,134,82,122,0,0,0,0
JD_11961885,2021-02-28,15,10,9,0,1,0,0
JD_11961884,2021-02-28,4,4,2,0,0,0,0
JD_11961882,2021-02-28,0,0,0,0,0,0,0
JD_11961880,2021-02-28,30,22,18,0,0,0,0
JD_11961879,2021-02-28,12,9,6,0,0,0,0
JD_11961878,2021-02-28,16,10,13,0,0,0,0
JD_11961877,2021-02-28,4,3,3,0,0,0,0
JD_11961876,2021-02-28,0,0,0,0,0,0,0
JD_11961875,2021-02-28,22,14,15,0,0,0,0
JD_11961874,2021-02-28,0,0,0,0,0,0,0
JD_11961872,2021-02-28,0,0,0,0,0,0,0
JD_11961870,2021-02-28,9,9,7,0,0,0,0
JD_11961868,2021-02-28,0,0,0,0,0,0,0
JD_11961866,2021-02-28,3,2,3,0,0,0,0
JD_11961864,2021-02-28,7,6,5,0,0,0,0
JD_11961863,2021-02-28,131,59,105,1,0,0,1
JD_11961862,2021-02-28,0,0,0,0,0,0,0
JD_11961860,2021-02-28,20,14,12,0,0,0,0
JD_11961859,2021-02-28,128,58,111,1,0,0,1
JD_11961858,2021-02-28,4,3,3,0,0,0,0
JD_11961856,2021-02-28,0,0,0,0,0,0,0
JD_11961853,2021-02-28,25,0,25,0,0,0,0
