JD_11478494,2021-02-28,3,0,3,0,0,0,0
JD_11478493,2021-02-28,7,2,6,0,1,0,0
JD_11478492,2021-02-28,1,0,1,0,0,0,0
JD_11478491,2021-02-28,1893,71,1767,76,48,0,5
JD_11478490,2021-02-28,30,7,28,0,1,0,0
JD_11478489,2021-02-28,11,2,9,0,0,0,0
JD_11478488,2021-02-28,21,2,21,0,0,0,0
JD_11478487,2021-02-28,52,15,46,1,4,0,1
JD_11478486,2021-02-28,34,6,33,1,0,0,0
JD_11478484,2021-02-28,18,4,15,2,0,0,0
JD_11478483,2021-02-28,4,1,4,0,0,0,0
JD_11478482,2021-02-28,50,33,35,0,0,0,0
JD_11478478,2021-02-28,1,1,1,0,0,0,0
JD_11478477,2021-02-28,1,1,0,0,0,0,0
JD_11478476,2021-02-28,63,34,44,0,0,0,0
JD_11478475,2021-02-28,4,3,3,0,0,0,0
JD_11478473,2021-02-28,129,47,106,0,0,0,1
JD_11478472,2021-02-28,21,10,15,0,0,0,0
JD_11478470,2021-02-28,11,2,9,0,0,0,0
JD_11478469,2021-02-28,115,87,59,0,0,0,1
JD_11478465,2021-02-28,110,85,50,0,0,0,0
JD_11478464,2021-02-28,36,27,22,1,0,0,0
JD_11478462,2021-02-28,18,6,13,0,0,0,0
JD_11478461,2021-02-28,3,2,1,0,0,0,0
JD_11478460,2021-02-28,95,74,34,0,0,0,0
JD_11478459,2021-02-28,123,99,59,0,0,0,1
JD_11478458,2021-02-28,23,16,12,0,0,0,0
JD_11478457,2021-02-28,4,1,3,1,0,0,0
JD_11478456,2021-02-28,19,15,6,0,0,0,0
JD_11478455,2021-02-28,1,0,1,0,0,0,0
JD_11478454,2021-02-28,13,11,9,0,0,0,0
JD_11478453,2021-02-28,148,4,141,4,3,0,0
JD_11478452,2021-02-28,12,7,5,0,0,0,0
JD_11478451,2021-02-28,0,0,0,0,0,0,0
JD_11478450,2021-02-28,0,0,0,0,0,0,0
JD_11478449,2021-02-28,2,1,0,1,0,0,0
JD_11478448,2021-02-28,5,4,3,0,0,0,0
JD_11478447,2021-02-28,3,2,1,0,0,0,0
JD_11478446,2021-02-28,6,4,3,0,0,0,0
JD_11478445,2021-02-28,8,0,7,0,1,0,0
JD_11478444,2021-02-28,4,4,1,0,0,0,0
JD_11478443,2021-02-28,0,0,0,0,0,0,0
JD_11478442,2021-02-28,10,8,3,0,0,1,0
JD_11478441,2021-02-28,28,19,25,0,0,0,0
JD_11478440,2021-02-28,2,2,0,0,0,0,0
JD_11478439,2021-02-28,7,6,4,0,0,0,0
JD_11478438,2021-02-28,36,20,21,0,0,0,0
JD_11478437,2021-02-28,9,5,4,0,0,0,0
JD_11478436,2021-02-28,20,14,15,1,0,0,1
JD_11478435,2021-02-28,15,6,10,1,1,0,0
JD_11478434,2021-02-28,9,7,4,0,0,0,0
JD_11478433,2021-02-28,24,22,3,0,0,0,0
JD_11478432,2021-02-28,27,19,21,0,0,0,0
JD_11478431,2021-02-28,20,18,3,0,0,0,0
JD_11478430,2021-02-28,18,10,11,0,0,0,1
JD_11478429,2021-02-28,12,9,8,0,0,0,0
JD_11478428,2021-02-28,11,7,10,0,0,0,0
JD_11478427,2021-02-28,459,15,425,25,4,0,0
JD_11478426,2021-02-28,6,2,5,0,0,0,0
JD_11478425,2021-02-28,57,35,43,0,1,0,0
JD_11478424,2021-02-28,1,1,0,0,0,0,0
JD_11478423,2021-02-28,9,5,5,0,0,0,0
JD_11478422,2021-02-28,2,2,0,0,0,0,0
JD_11478421,2021-02-28,3,2,3,0,0,0,0
JD_11478420,2021-02-28,1,1,0,0,0,0,0
JD_11478419,2021-02-28,0,0,0,0,0,0,0
JD_11478418,2021-02-28,9,4,8,0,0,0,0
JD_11478417,2021-02-28,3,1,3,0,0,0,0
JD_11478416,2021-02-28,18,9,14,0,1,0,0
JD_11478415,2021-02-28,19,10,14,0,0,0,0
