JD_11390942,2021-02-28,1,1,1,0,0,0,0
JD_11390940,2021-02-28,13,8,10,0,0,0,0
JD_11390939,2021-02-28,33,20,33,0,0,0,0
JD_11390932,2021-02-28,0,0,0,0,0,0,0
JD_11390931,2021-02-28,54,13,51,0,3,0,0
JD_11390928,2021-02-28,4,2,3,0,0,0,0
JD_11390925,2021-02-28,0,0,0,0,0,0,0
JD_11390921,2021-02-28,0,0,0,0,0,0,0
JD_11390920,2021-02-28,77,52,47,1,0,0,0
JD_11390915,2021-02-28,13,6,11,0,0,0,0
JD_11390914,2021-02-28,0,0,0,0,0,0,0
JD_11390913,2021-02-28,7,3,5,0,0,0,1
JD_11390912,2021-02-28,0,0,0,0,0,0,0
JD_11390911,2021-02-28,0,0,0,0,0,0,0
JD_11390908,2021-02-28,0,0,0,0,0,0,0
JD_11390907,2021-02-28,16,7,14,1,0,0,0
JD_11390906,2021-02-28,4,3,4,0,0,0,0
JD_11390905,2021-02-28,7,4,5,0,0,0,0
JD_11390903,2021-02-28,5,0,5,0,0,0,1
JD_11390902,2021-02-28,3,0,2,0,1,0,1
JD_11390901,2021-02-28,1,1,1,0,0,0,0
JD_11390900,2021-02-28,4,3,3,0,0,0,0
JD_11390899,2021-02-28,19,3,19,0,0,0,0
JD_11390898,2021-02-28,9,5,7,1,0,0,0
JD_11390897,2021-02-28,59,30,58,1,0,0,0
JD_11390895,2021-02-28,64,1,59,3,2,0,0
JD_11390894,2021-02-28,4,2,4,0,0,0,0
JD_11390893,2021-02-28,10,4,8,0,0,0,0
JD_11390892,2021-02-28,97,58,97,0,0,0,1
JD_11390891,2021-02-28,150,89,104,0,0,0,2
JD_11390890,2021-02-28,582,428,422,2,4,1,2
JD_11390889,2021-02-28,20,2,18,0,0,0,0
JD_11390888,2021-02-28,27,4,26,0,0,0,0
JD_11390885,2021-02-28,386,295,222,0,0,0,0
JD_11390884,2021-02-28,426,248,312,4,1,1,1
JD_11390883,2021-02-28,1657,1328,708,4,1,1,3
JD_11390882,2021-02-28,939,428,927,7,5,0,3
JD_11390879,2021-02-28,0,0,0,0,0,0,0
JD_11390878,2021-02-28,144,59,137,4,2,0,0
JD_11390875,2021-02-28,665,0,654,7,4,0,0
JD_11390868,2021-02-28,647,171,636,7,1,0,0
JD_11390864,2021-02-28,659,148,650,7,1,0,1
JD_11390852,2021-02-28,9,6,6,0,0,0,0
JD_11390851,2021-02-28,18,5,13,1,1,0,0
JD_11390850,2021-02-28,7,1,8,0,0,0,0
JD_11390847,2021-02-28,4,2,3,0,0,0,0
JD_11390846,2021-02-28,6,2,6,0,0,0,0
JD_11390845,2021-02-28,10,4,8,0,0,0,0
JD_11390844,2021-02-28,12,8,7,0,0,0,0
JD_11390843,2021-02-28,28,16,25,1,0,0,0
JD_11390841,2021-02-28,168,0,158,7,3,0,0
JD_11390840,2021-02-28,127,0,119,5,3,0,0
JD_11390839,2021-02-28,3,2,1,0,0,0,0
JD_11390838,2021-02-28,0,0,0,0,0,0,0
JD_11390837,2021-02-28,207,0,199,7,1,0,0
JD_11390834,2021-02-28,227,0,221,3,3,0,0
JD_11390833,2021-02-28,414,1,398,11,5,0,0
JD_11390831,2021-02-28,283,0,272,9,2,0,0
JD_11390830,2021-02-28,284,0,275,7,2,0,0
JD_11390829,2021-02-28,139,1,132,7,0,0,0
JD_11390824,2021-02-28,680,0,657,16,7,0,0
JD_11390821,2021-02-28,0,0,0,0,0,0,0
JD_11390820,2021-02-28,131,0,126,4,1,0,0
JD_11390819,2021-02-28,383,0,369,10,4,0,0
JD_11390813,2021-02-28,342,0,333,8,1,0,0
JD_11390812,2021-02-28,170,0,161,6,3,0,0
JD_11390801,2021-02-28,0,0,0,0,0,0,0
JD_11390800,2021-02-28,16,1,14,0,1,0,0
JD_11390799,2021-02-28,7,0,7,0,0,0,0
JD_11390798,2021-02-28,27,0,27,0,0,0,0
