JD_12825800,2021-02-28,4,4,0,0,0,0,0
JD_12824664,2021-02-28,100,79,21,0,0,0,1
JD_12824662,2021-02-28,1291,1067,223,0,1,52,5
JD_12824660,2021-02-28,2,2,0,0,0,0,0
JD_12824658,2021-02-28,7,5,2,0,0,0,0
JD_12824656,2021-02-28,45,40,5,0,0,0,0
JD_12824654,2021-02-28,28,25,3,0,0,0,0
JD_12824652,2021-02-28,0,0,0,0,0,0,0
JD_12824650,2021-02-28,1,1,0,0,0,0,0
JD_12824648,2021-02-28,420,362,58,0,0,1,0
JD_12824646,2021-02-28,254,225,29,0,0,1,0
JD_12824644,2021-02-28,141,126,15,0,0,0,0
JD_12824642,2021-02-28,75,64,11,0,0,0,1
JD_12824640,2021-02-28,45,39,6,0,0,0,0
JD_12824638,2021-02-28,2314,1958,355,1,0,2,1
JD_12824636,2021-02-28,93,75,18,0,0,0,0
JD_12824634,2021-02-28,78,65,13,0,0,0,0
JD_12824632,2021-02-28,25,20,5,0,0,0,1
JD_12824630,2021-02-28,0,0,0,0,0,0,0
JD_12824628,2021-02-28,0,0,0,0,0,0,0
JD_12824626,2021-02-28,31,24,7,0,0,0,0
JD_12824624,2021-02-28,138,116,21,1,0,0,0
JD_12824622,2021-02-28,0,0,0,0,0,0,0
JD_12824620,2021-02-28,95,76,18,1,0,0,0
JD_12824618,2021-02-28,23,21,2,0,0,0,0
JD_12824616,2021-02-28,22,18,3,0,1,0,0
JD_12824614,2021-02-28,0,0,0,0,0,0,0
JD_12824612,2021-02-28,30,26,4,0,0,0,0
JD_12824610,2021-02-28,0,0,0,0,0,0,0
JD_12824608,2021-02-28,20,17,3,0,0,0,0
JD_12824606,2021-02-28,0,0,0,0,0,0,0
JD_12824604,2021-02-28,7075,5936,1132,5,2,1,12
JD_12824602,2021-02-28,212,179,33,0,0,1,0
JD_12824452,2021-02-28,1375,1064,310,0,1,0,4
JD_12824450,2021-02-28,0,0,0,0,0,0,0
JD_12824448,2021-02-28,206,178,26,1,1,0,1
JD_12824446,2021-02-28,5,4,1,0,0,0,0
JD_12824444,2021-02-28,3,2,1,0,0,0,0
JD_12824442,2021-02-28,982,784,198,0,0,8,3
JD_12824438,2021-02-28,560,461,98,1,0,0,1
JD_12824436,2021-02-28,26,22,4,0,0,0,0
JD_12824434,2021-02-28,191,153,35,1,2,0,0
JD_12824432,2021-02-28,334,267,67,0,0,0,0
JD_12824430,2021-02-28,64,57,7,0,0,0,0
JD_12824428,2021-02-28,572,493,78,1,0,1,0
JD_12824426,2021-02-28,3176,2793,376,4,3,2,2
JD_12824424,2021-02-28,6,4,2,0,0,0,0
JD_12824422,2021-02-28,29,25,4,0,0,0,0
JD_12824420,2021-02-28,438,392,45,0,1,0,0
JD_12824418,2021-02-28,733,618,115,0,0,1,2
JD_12824416,2021-02-28,3,2,1,0,0,0,0
JD_12824414,2021-02-28,6,5,1,0,0,0,0
JD_12824410,2021-02-28,9,6,3,0,0,0,0
JD_12824406,2021-02-28,7,7,0,0,0,0,0
JD_12824404,2021-02-28,8,8,0,0,0,0,0
JD_12824402,2021-02-28,17,11,6,0,0,0,0
JD_12824400,2021-02-28,2489,2202,286,1,0,2,1
JD_12824398,2021-02-28,329,260,68,1,0,1,0
JD_12824396,2021-02-28,5,4,1,0,0,0,0
JD_12824394,2021-02-28,108,77,31,0,0,0,0
JD_12824392,2021-02-28,769,656,112,1,0,0,0
JD_12824390,2021-02-28,110,96,14,0,0,0,0
JD_12824388,2021-02-28,46,43,3,0,0,0,0
JD_12824386,2021-02-28,133,112,21,0,0,0,1
JD_12824384,2021-02-28,878,745,129,2,2,0,1
JD_12824382,2021-02-28,35,30,5,0,0,0,0
JD_12824380,2021-02-28,129,109,20,0,0,0,2
JD_12824378,2021-02-28,57,51,6,0,0,0,0
JD_12824376,2021-02-28,1,1,0,0,0,0,0
JD_12824374,2021-02-28,744,635,108,0,1,0,2
