JD_12584180,2021-02-28,231,183,48,0,0,1,0
JD_12584179,2021-02-28,9827,8444,1373,9,1,13,8
JD_12584178,2021-02-28,82,67,15,0,0,0,0
JD_12584177,2021-02-28,16,12,3,1,0,0,0
JD_12584176,2021-02-28,0,0,0,0,0,0,0
JD_12584175,2021-02-28,1,1,0,0,0,0,0
JD_12584174,2021-02-28,4371,3663,700,6,2,2,8
JD_12584173,2021-02-28,18,17,1,0,0,0,0
JD_12584172,2021-02-28,3847,3225,612,5,5,3,6
JD_12584171,2021-02-28,11,10,1,0,0,0,0
JD_12584170,2021-02-28,2335,1848,485,0,2,1,7
JD_12582033,2021-02-28,50,37,13,0,0,0,0
JD_12581636,2021-02-28,48,42,6,0,0,0,0
JD_12581059,2021-02-28,12,8,4,0,0,0,0
JD_12581058,2021-02-28,2,2,0,0,0,0,0
JD_12581057,2021-02-28,19,15,4,0,0,0,1
JD_12581056,2021-02-28,5,5,0,0,0,0,0
JD_12581055,2021-02-28,52,45,7,0,0,0,1
JD_12581054,2021-02-28,790,640,149,0,1,3,5
JD_12581053,2021-02-28,17,13,4,0,0,0,0
JD_12581052,2021-02-28,942,777,163,0,2,3,4
JD_12581051,2021-02-28,18,18,0,0,0,0,0
JD_12581050,2021-02-28,1456,1045,410,0,1,0,10
JD_12581049,2021-02-28,1,1,0,0,0,0,0
JD_12581048,2021-02-28,1675,1142,533,0,0,0,6
JD_12581047,2021-02-28,28,22,6,0,0,0,0
JD_12581046,2021-02-28,966,849,116,1,0,1,0
JD_12581045,2021-02-28,13,12,1,0,0,0,0
JD_12581044,2021-02-28,0,0,0,0,0,0,0
JD_12581043,2021-02-28,3,1,2,0,0,0,0
JD_12581042,2021-02-28,21,19,2,0,0,0,0
JD_12581041,2021-02-28,31,27,4,0,0,0,0
JD_12581040,2021-02-28,3,2,1,0,0,0,0
JD_12581039,2021-02-28,12,10,2,0,0,0,0
JD_12581038,2021-02-28,3576,2931,639,3,3,3,2
JD_12581037,2021-02-28,0,0,0,0,0,0,0
JD_12581036,2021-02-28,256,207,49,0,0,0,3
JD_12581035,2021-02-28,17,15,2,0,0,0,0
JD_12581034,2021-02-28,15,13,2,0,0,0,0
JD_12581033,2021-02-28,39,35,4,0,0,0,0
JD_12581032,2021-02-28,28,26,2,0,0,0,0
JD_12581031,2021-02-28,6,3,2,1,0,0,0
JD_12581030,2021-02-28,27,22,5,0,0,0,0
JD_12581029,2021-02-28,9,4,5,0,0,0,0
JD_12581028,2021-02-28,12,10,2,0,0,0,0
JD_12580955,2021-02-28,2,2,0,0,0,0,0
JD_12580954,2021-02-28,10,7,3,0,0,0,0
JD_12580953,2021-02-28,70,55,15,0,0,0,0
JD_12580952,2021-02-28,69,59,10,0,0,0,0
JD_12580951,2021-02-28,4,4,0,0,0,0,0
JD_12580950,2021-02-28,20,19,1,0,0,0,0
JD_12580949,2021-02-28,20,18,2,0,0,0,0
JD_12580948,2021-02-28,3,1,2,0,0,0,0
JD_12580947,2021-02-28,4,3,1,0,0,0,0
JD_12580946,2021-02-28,3325,3028,292,2,3,2,5
JD_12580945,2021-02-28,6,6,0,0,0,0,0
JD_12580944,2021-02-28,253,217,36,0,0,0,0
JD_12580943,2021-02-28,2,2,0,0,0,0,0
JD_12580942,2021-02-28,10,10,0,0,0,0,0
JD_12580941,2021-02-28,27,23,4,0,0,0,0
JD_12580940,2021-02-28,11,11,0,0,0,0,0
JD_12580939,2021-02-28,3,3,0,0,0,0,0
JD_12580938,2021-02-28,48,43,5,0,0,0,0
JD_12580937,2021-02-28,209,183,25,1,0,0,1
JD_12580936,2021-02-28,29,24,5,0,0,0,0
JD_12580935,2021-02-28,309,223,85,1,0,0,1
JD_12580934,2021-02-28,9,8,1,0,0,0,0
JD_12580933,2021-02-28,294,216,77,1,0,0,2
JD_12580932,2021-02-28,15,12,3,0,0,0,0
JD_12580931,2021-02-28,155,139,16,0,0,0,1
