JD_12622304,2021-02-28,1,0,1,0,0,0,0
JD_12622303,2021-02-28,4,4,0,0,0,0,0
JD_12622302,2021-02-28,16,14,2,0,0,0,0
JD_12622301,2021-02-28,20,12,8,0,0,0,0
JD_12622300,2021-02-28,4,3,1,0,0,0,0
JD_12622299,2021-02-28,51,48,3,0,0,0,0
JD_12622298,2021-02-28,0,0,0,0,0,0,0
JD_12622297,2021-02-28,8,8,0,0,0,0,0
JD_12622296,2021-02-28,0,0,0,0,0,0,0
JD_12622295,2021-02-28,42,39,3,0,0,0,0
JD_12622293,2021-02-28,22,14,8,0,0,0,0
JD_12622291,2021-02-28,95,87,8,0,0,0,0
JD_12622289,2021-02-28,4,4,0,0,0,0,0
JD_12622287,2021-02-28,58,48,10,0,0,1,0
JD_12622285,2021-02-28,1,1,0,0,0,0,0
JD_12622282,2021-02-28,30,23,7,0,0,0,0
JD_12622281,2021-02-28,3,2,1,0,0,0,0
JD_12622280,2021-02-28,19,17,2,0,0,0,0
JD_12622279,2021-02-28,7,5,2,0,0,0,0
JD_12622278,2021-02-28,17,14,3,0,0,0,0
JD_12622277,2021-02-28,8,7,1,0,0,0,0
JD_12622276,2021-02-28,1457,998,455,2,2,1,8
JD_12622275,2021-02-28,43,37,6,0,0,0,0
JD_12622274,2021-02-28,2,2,0,0,0,0,0
JD_12622273,2021-02-28,46,39,7,0,0,0,0
JD_12622272,2021-02-28,7,5,2,0,0,0,0
JD_12622270,2021-02-28,378,321,57,0,0,0,0
JD_12622268,2021-02-28,29,25,4,0,0,0,0
JD_12622266,2021-02-28,52,45,7,0,0,0,0
JD_12622265,2021-02-28,2,2,0,0,0,0,0
JD_12622264,2021-02-28,0,0,0,0,0,0,0
JD_12622263,2021-02-28,1,1,0,0,0,0,0
JD_12622262,2021-02-28,81,71,10,0,0,0,0
JD_12622261,2021-02-28,1,1,0,0,0,0,0
JD_12622260,2021-02-28,11,11,0,0,0,0,0
JD_12622259,2021-02-28,14,13,1,0,0,0,0
JD_12622258,2021-02-28,2,1,1,0,0,0,0
JD_12622257,2021-02-28,0,0,0,0,0,0,0
JD_12622256,2021-02-28,5,5,0,0,0,0,0
JD_12622255,2021-02-28,17,17,0,0,0,0,0
JD_12622253,2021-02-28,16,13,3,0,0,0,0
JD_12622251,2021-02-28,0,0,0,0,0,0,0
JD_12622250,2021-02-28,3072,2736,333,3,0,0,1
JD_12622249,2021-02-28,2,2,0,0,0,0,0
JD_12622248,2021-02-28,127,96,31,0,0,0,1
JD_12622247,2021-02-28,14,12,2,0,0,0,0
JD_12622246,2021-02-28,35,34,1,0,0,0,0
JD_12622245,2021-02-28,0,0,0,0,0,0,0
JD_12622244,2021-02-28,25,22,3,0,0,0,0
JD_12622243,2021-02-28,3,3,0,0,0,0,0
JD_12622242,2021-02-28,2,2,0,0,0,0,0
JD_12622241,2021-02-28,18,16,2,0,0,0,0
JD_12621882,2021-02-28,42,36,6,0,0,0,0
JD_12621880,2021-02-28,332,282,50,0,0,0,1
JD_12621879,2021-02-28,1349,1172,174,1,2,0,4
JD_12621878,2021-02-28,226,208,18,0,0,0,0
JD_12621876,2021-02-28,838,744,94,0,0,2,1
JD_12621874,2021-02-28,1753,1564,189,0,0,2,1
JD_12621872,2021-02-28,19,12,7,0,0,0,0
JD_12621871,2021-02-28,161,139,22,0,0,2,0
JD_12621870,2021-02-28,10,9,1,0,0,0,0
JD_12621869,2021-02-28,270,223,46,0,1,0,0
JD_12621868,2021-02-28,133,109,24,0,0,0,0
JD_12621867,2021-02-28,738,616,121,1,0,0,1
JD_12621866,2021-02-28,70,58,12,0,0,0,0
JD_12621865,2021-02-28,4,4,0,0,0,0,0
JD_12621864,2021-02-28,519,435,83,0,1,2,2
JD_12621863,2021-02-28,6,6,0,0,0,0,0
JD_12618395,2021-02-28,0,0,0,0,0,0,0
JD_12618394,2021-02-28,0,0,0,0,0,0,0
