JD_11723523,2021-02-28,2,0,1,0,1,0,0
JD_11723521,2021-02-28,1,0,1,0,0,0,0
JD_11723520,2021-02-28,294,51,261,5,1,0,0
JD_11723519,2021-02-28,1,0,0,1,0,0,0
JD_11723518,2021-02-28,0,0,0,0,0,0,0
JD_11723517,2021-02-28,15,4,13,1,0,0,0
JD_11723516,2021-02-28,1224,795,453,6,0,1,4
JD_11723515,2021-02-28,7702,4327,7623,47,29,11,27
JD_11723514,2021-02-28,4,0,4,0,0,0,0
JD_11723513,2021-02-28,7,2,4,1,0,0,0
JD_11723511,2021-02-28,74,6,70,3,1,0,0
JD_11723510,2021-02-28,32,21,19,0,0,0,0
JD_11723509,2021-02-28,435,274,433,2,0,0,1
JD_11723508,2021-02-28,295,81,260,3,0,0,2
JD_11723507,2021-02-28,61,16,59,1,1,0,0
JD_11723506,2021-02-28,60,45,37,1,0,0,0
JD_11723505,2021-02-28,380,267,216,2,0,0,1
JD_11723504,2021-02-28,72,8,70,0,2,0,0
JD_11723503,2021-02-28,72,46,49,0,0,1,0
JD_11723502,2021-02-28,46,31,30,0,0,0,0
JD_11723501,2021-02-28,4,4,0,0,0,0,0
JD_11723500,2021-02-28,198,120,139,2,0,0,1
JD_11723498,2021-02-28,54,41,22,0,0,0,0
JD_11723497,2021-02-28,118,83,70,0,0,0,0
JD_11723496,2021-02-28,109,79,91,0,0,0,0
JD_11723495,2021-02-28,268,185,201,1,0,0,2
JD_11723494,2021-02-28,183,139,124,0,0,0,1
JD_11723243,2021-02-28,0,0,0,0,0,0,0
JD_11723242,2021-02-28,22,8,19,0,0,0,0
JD_11723241,2021-02-28,17,8,13,0,0,0,0
JD_11723239,2021-02-28,480,339,375,0,0,0,1
JD_11723238,2021-02-28,14,1,14,0,0,0,0
JD_11723237,2021-02-28,101,56,94,1,0,0,1
JD_11723236,2021-02-28,6,3,3,0,0,0,0
JD_11723234,2021-02-28,18,4,18,0,0,0,0
JD_11723180,2021-02-28,134,79,105,1,1,1,2
JD_11723176,2021-02-28,1,0,1,0,0,0,0
JD_11723175,2021-02-28,25,13,16,0,0,0,1
JD_11723174,2021-02-28,9,5,9,0,0,0,0
JD_11723173,2021-02-28,50081,37043,36663,71,58,35,99
JD_11723172,2021-02-28,9,7,5,0,0,0,0
JD_11723171,2021-02-28,34,12,33,0,0,0,0
JD_11723170,2021-02-28,116,47,106,2,0,0,2
JD_11723166,2021-02-28,7,4,4,0,0,0,0
JD_11723165,2021-02-28,67,16,59,2,3,0,0
JD_11723164,2021-02-28,8,2,7,0,0,0,0
JD_11723163,2021-02-28,118,0,115,3,0,0,0
JD_11723162,2021-02-28,31,13,28,1,0,1,0
JD_11723161,2021-02-28,28,6,28,0,0,0,0
JD_11723160,2021-02-28,1,0,1,0,0,0,0
JD_11723159,2021-02-28,241,127,236,2,0,0,0
JD_11723158,2021-02-28,116,78,107,1,2,0,1
JD_11723157,2021-02-28,22,1,19,2,0,0,0
JD_11723156,2021-02-28,25,7,24,0,0,0,0
JD_11723155,2021-02-28,75,38,62,1,0,0,0
JD_11723154,2021-02-28,88,42,88,0,0,0,0
JD_11723153,2021-02-28,31,0,30,1,0,0,0
JD_11723152,2021-02-28,11,4,9,0,0,0,0
JD_11723151,2021-02-28,548,458,383,0,0,0,1
JD_11723150,2021-02-28,23,6,19,1,0,0,0
JD_11723149,2021-02-28,94,3,88,5,1,0,0
JD_11723148,2021-02-28,403,204,378,6,4,1,2
JD_11723147,2021-02-28,2,0,2,0,0,0,0
JD_11723146,2021-02-28,410,343,275,1,1,0,2
JD_11723145,2021-02-28,107,71,44,1,0,0,0
JD_11723144,2021-02-28,23,12,17,0,0,0,0
JD_11723143,2021-02-28,426,294,268,2,0,1,2
JD_11723142,2021-02-28,8,8,3,0,0,0,0
JD_11723141,2021-02-28,36,32,10,0,0,0,0
JD_11723140,2021-02-28,50,35,22,0,0,0,0
