JD_11322020,2021-02-28,1,0,1,0,0,0,0
JD_11322019,2021-02-28,1,1,0,0,0,0,0
JD_11322018,2021-02-28,0,0,0,0,0,0,0
JD_11322011,2021-02-28,3,0,3,0,0,0,0
JD_11322010,2021-02-28,7,1,6,1,0,0,0
JD_11322009,2021-02-28,0,0,0,0,0,0,0
JD_11322007,2021-02-28,15,6,13,0,1,0,0
JD_11322006,2021-02-28,17,0,15,1,1,0,0
JD_11322005,2021-02-28,10,3,10,0,0,0,0
JD_11322004,2021-02-28,1,1,0,0,0,0,0
JD_11322003,2021-02-28,6,3,4,0,0,0,0
JD_11322002,2021-02-28,9,5,8,0,0,0,0
JD_11322001,2021-02-28,6,6,0,0,0,0,0
JD_11321999,2021-02-28,9,2,7,1,0,0,0
JD_11321998,2021-02-28,7,2,7,0,0,0,0
JD_11321997,2021-02-28,9,3,8,0,0,0,0
JD_11321996,2021-02-28,9,4,8,0,0,0,0
JD_11321995,2021-02-28,43,11,43,0,0,0,0
JD_11321994,2021-02-28,24,10,19,0,0,0,0
JD_11321993,2021-02-28,55,44,11,0,0,0,0
JD_11321990,2021-02-28,6,2,6,0,0,0,0
JD_11321989,2021-02-28,28,16,21,1,0,0,0
JD_11321988,2021-02-28,30,19,22,0,0,0,0
JD_11321987,2021-02-28,655,417,383,1,0,0,0
JD_11321986,2021-02-28,1274,812,704,0,2,1,2
JD_11321983,2021-02-28,107,1,102,4,1,0,0
JD_11321979,2021-02-28,1,0,1,0,0,0,0
JD_11321977,2021-02-28,0,0,0,0,0,0,0
JD_11321972,2021-02-28,183,161,89,1,1,0,0
JD_11321970,2021-02-28,27,12,26,0,0,0,0
JD_11321968,2021-02-28,1925,1425,1337,6,5,0,3
JD_11321967,2021-02-28,12,10,7,0,0,0,0
JD_11321966,2021-02-28,4,2,3,0,0,0,0
JD_11321963,2021-02-28,290,78,286,1,3,0,1
JD_11321962,2021-02-28,531,112,524,4,3,0,2
JD_11321960,2021-02-28,0,0,0,0,0,0,0
JD_11321959,2021-02-28,1224,845,931,3,0,0,3
JD_11321958,2021-02-28,1186,786,857,1,1,1,1
JD_11321957,2021-02-28,1487,936,1109,4,4,1,1
JD_11321955,2021-02-28,1,1,0,0,0,0,0
JD_11321952,2021-02-28,0,0,0,0,0,0,0
JD_11321950,2021-02-28,0,0,0,0,0,0,0
JD_11321949,2021-02-28,0,0,0,0,0,0,0
JD_11321947,2021-02-28,2,0,2,0,0,0,0
JD_11321945,2021-02-28,0,0,0,0,0,0,0
JD_11321944,2021-02-28,0,0,0,0,0,0,0
JD_11321943,2021-02-28,0,0,0,0,0,0,0
JD_11321941,2021-02-28,1,0,1,0,0,0,0
JD_11321939,2021-02-28,0,0,0,0,0,0,0
JD_11321938,2021-02-28,0,0,0,0,0,0,0
JD_11321935,2021-02-28,0,0,0,0,0,0,0
JD_11321931,2021-02-28,0,0,0,0,0,0,0
JD_11321930,2021-02-28,39,21,29,0,0,0,0
JD_11321929,2021-02-28,0,0,0,0,0,0,0
JD_11321928,2021-02-28,448,332,234,3,3,1,2
JD_11321926,2021-02-28,25,12,18,1,1,0,0
JD_11321925,2021-02-28,3,1,2,0,0,0,0
JD_11321923,2021-02-28,2,2,0,0,0,0,0
JD_11321922,2021-02-28,5,4,2,0,0,0,0
JD_11321921,2021-02-28,4,3,1,0,0,0,0
JD_11321920,2021-02-28,2,1,2,0,0,0,0
JD_11321919,2021-02-28,3,2,3,0,0,0,0
JD_11321918,2021-02-28,28,12,20,0,0,0,0
JD_11321916,2021-02-28,143,88,96,0,0,0,0
JD_11321912,2021-02-28,934,612,644,1,2,0,4
JD_11321911,2021-02-28,229,0,226,2,1,0,0
JD_11321910,2021-02-28,429,37,416,7,3,0,0
JD_11321909,2021-02-28,4,2,2,0,0,0,0
JD_11321906,2021-02-28,419,3,408,7,4,0,0
JD_11321904,2021-02-28,3,1,3,0,0,0,0
