JD_12446202,2021-02-28,0,0,0,0,0,0,0
JD_12446201,2021-02-28,650,525,179,0,0,0,2
JD_12446200,2021-02-28,0,0,0,0,0,0,0
JD_12446199,2021-02-28,117,99,70,0,0,0,0
JD_12446198,2021-02-28,0,0,0,0,0,0,0
JD_12446196,2021-02-28,1,0,1,0,0,0,0
JD_12446195,2021-02-28,314,275,298,0,0,0,0
JD_12446194,2021-02-28,0,0,0,0,0,0,0
JD_12446193,2021-02-28,320,280,306,1,0,1,0
JD_12446192,2021-02-28,0,0,0,0,0,0,0
JD_12446191,2021-02-28,194,155,57,0,0,0,1
JD_12446190,2021-02-28,4,3,3,0,0,0,0
JD_12446189,2021-02-28,348,287,107,1,1,0,0
JD_12446188,2021-02-28,3,2,2,0,0,0,0
JD_12446187,2021-02-28,45,35,15,0,0,0,0
JD_12446186,2021-02-28,111,98,20,0,0,1,0
JD_12446185,2021-02-28,61,51,17,0,0,0,0
JD_12446184,2021-02-28,1,1,0,0,0,0,0
JD_12446183,2021-02-28,43,33,15,0,0,0,0
JD_12446181,2021-02-28,352,302,54,2,1,0,1
JD_12446180,2021-02-28,114,86,69,0,0,0,0
JD_12446179,2021-02-28,8,5,7,0,0,0,0
JD_12446178,2021-02-28,2,2,2,0,0,0,0
JD_12446177,2021-02-28,31,23,8,0,0,0,0
JD_12446176,2021-02-28,15,14,4,0,0,0,0
JD_12446175,2021-02-28,211,180,45,1,0,0,0
JD_12446174,2021-02-28,9,8,1,0,0,0,0
JD_12446173,2021-02-28,17,14,6,0,0,0,0
JD_12446172,2021-02-28,0,0,0,0,0,0,0
JD_12446171,2021-02-28,2799,2452,579,4,3,2,0
JD_12446170,2021-02-28,10,10,1,0,0,0,0
JD_12446169,2021-02-28,92,82,24,0,0,0,0
JD_12446168,2021-02-28,3,3,1,0,0,0,0
JD_12446167,2021-02-28,16,12,5,0,0,0,0
JD_12446166,2021-02-28,8,8,0,0,0,0,0
JD_12446093,2021-02-28,71,66,25,0,0,0,0
JD_12446092,2021-02-28,327,284,121,0,1,0,0
JD_12446091,2021-02-28,4,4,1,0,0,0,0
JD_12446090,2021-02-28,94,82,34,0,0,0,0
JD_12446089,2021-02-28,572,487,96,1,0,1,0
JD_12446088,2021-02-28,181,159,106,0,0,0,0
JD_12446087,2021-02-28,3,2,1,0,0,0,0
JD_12446086,2021-02-28,3024,2592,651,2,0,6,3
JD_12446085,2021-02-28,7,6,2,0,0,0,0
JD_12446083,2021-02-28,9,8,2,0,0,0,0
JD_12446082,2021-02-28,12886,10405,3848,6,6,11,15
JD_12446081,2021-02-28,700,598,306,1,2,1,4
JD_12446080,2021-02-28,43,35,10,0,0,0,0
JD_12446079,2021-02-28,8,7,3,0,0,0,0
JD_12446078,2021-02-28,41,34,10,0,0,0,0
JD_12446077,2021-02-28,5,4,1,0,0,0,0
JD_12446076,2021-02-28,6,5,2,0,0,0,0
JD_12446075,2021-02-28,11,11,0,0,0,0,0
JD_12446074,2021-02-28,2670,2262,527,0,2,1,6
JD_12446073,2021-02-28,1,1,0,0,0,0,0
JD_12446072,2021-02-28,6,4,2,0,1,0,0
JD_12446071,2021-02-28,5,3,5,0,0,0,0
JD_12446070,2021-02-28,77,56,55,0,0,0,1
JD_12446069,2021-02-28,39,32,10,0,0,0,0
JD_12446068,2021-02-28,0,0,0,0,0,0,0
JD_12446067,2021-02-28,1,1,0,0,0,0,0
JD_12446065,2021-02-28,185,150,54,1,0,0,0
JD_12446064,2021-02-28,19,16,4,0,0,0,0
JD_12446063,2021-02-28,14,10,4,0,0,0,0
JD_12446062,2021-02-28,299,262,87,1,0,0,0
JD_12446061,2021-02-28,565,459,288,4,0,2,0
JD_12446060,2021-02-28,173,154,62,0,0,0,0
JD_12446059,2021-02-28,25,22,5,0,0,0,0
JD_12446058,2021-02-28,810,600,728,2,0,1,1
JD_12446057,2021-02-28,27,24,7,0,0,0,0
