JD_12544696,2021-02-28,22,16,6,0,0,0,0
JD_12544695,2021-02-28,6,6,0,0,0,0,0
JD_12544694,2021-02-28,3,3,0,0,0,0,0
JD_12544693,2021-02-28,0,0,0,0,0,0,0
JD_12544692,2021-02-28,332,271,59,2,0,1,1
JD_12544691,2021-02-28,44,40,4,0,0,0,0
JD_12544690,2021-02-28,1750,1525,223,2,0,0,2
JD_12544689,2021-02-28,28,25,3,0,0,0,0
JD_12544688,2021-02-28,1312,1051,260,1,0,0,3
JD_12544687,2021-02-28,55,48,7,0,0,0,0
JD_12544686,2021-02-28,6648,5824,815,7,6,9,11
JD_12544685,2021-02-28,2,2,0,0,0,0,0
JD_12544684,2021-02-28,11746,9237,2495,8,6,22,15
JD_12544683,2021-02-28,3,3,0,0,0,0,0
JD_12544682,2021-02-28,859,761,95,1,2,1,0
JD_12544681,2021-02-28,3,3,0,0,0,0,0
JD_12544680,2021-02-28,87,74,13,0,0,0,0
JD_12544679,2021-02-28,8,6,2,0,0,0,0
JD_12544678,2021-02-28,26,20,6,0,0,0,0
JD_12544677,2021-02-28,2,2,0,0,0,0,0
JD_12544676,2021-02-28,155,133,23,0,0,0,0
JD_12544675,2021-02-28,9,8,1,0,0,0,0
JD_12544674,2021-02-28,277,252,25,0,0,0,0
JD_12544673,2021-02-28,3,3,0,0,0,0,0
JD_12544672,2021-02-28,10,10,0,0,0,0,0
JD_12544671,2021-02-28,29,25,4,0,0,0,0
JD_12544670,2021-02-28,37,32,5,0,0,0,0
JD_12544669,2021-02-28,13,13,0,0,0,0,0
JD_12544668,2021-02-28,71,62,9,0,0,0,0
JD_12544667,2021-02-28,5,5,0,0,0,0,0
JD_12544666,2021-02-28,11,10,1,0,0,0,0
JD_12544665,2021-02-28,6,6,0,0,0,0,0
JD_12544664,2021-02-28,0,0,0,0,0,0,0
JD_12544663,2021-02-28,4,3,1,0,0,0,0
JD_12544662,2021-02-28,8,7,1,0,0,0,0
JD_12544661,2021-02-28,8,8,0,0,0,0,0
JD_12544660,2021-02-28,510,371,138,1,0,1,0
JD_12544659,2021-02-28,8,6,2,0,0,0,0
JD_12544658,2021-02-28,9,7,2,0,0,0,0
JD_12544657,2021-02-28,0,0,0,0,0,0,0
JD_12544656,2021-02-28,10,10,0,0,0,0,0
JD_12544655,2021-02-28,11,10,1,0,0,0,0
JD_12544654,2021-02-28,91,80,11,0,0,0,0
JD_12544652,2021-02-28,4,1,3,0,0,0,0
JD_12544651,2021-02-28,167,138,29,0,0,0,0
JD_12544650,2021-02-28,1,1,0,0,0,0,0
JD_12544649,2021-02-28,125,107,18,0,0,0,0
JD_12544648,2021-02-28,0,0,0,0,0,0,0
JD_12544647,2021-02-28,17,13,4,0,0,0,0
JD_12544646,2021-02-28,4,2,2,0,0,0,0
JD_12544645,2021-02-28,24,20,4,0,0,0,0
JD_12544644,2021-02-28,18,15,3,0,0,0,0
JD_12544643,2021-02-28,5,2,3,0,0,0,0
JD_12544642,2021-02-28,4,3,1,0,0,0,0
JD_12544641,2021-02-28,51,35,16,0,0,0,0
JD_12544640,2021-02-28,8,8,0,0,0,0,0
JD_12544639,2021-02-28,15,13,2,0,0,0,0
JD_12544638,2021-02-28,47,39,8,0,0,0,0
JD_12544637,2021-02-28,513,410,103,0,0,1,1
JD_12544636,2021-02-28,29,23,6,0,0,0,0
JD_12544635,2021-02-28,8516,7253,1256,5,2,5,7
JD_12544634,2021-02-28,28,24,4,0,0,0,0
JD_12544633,2021-02-28,0,0,0,0,0,0,0
JD_12544632,2021-02-28,2,2,0,0,0,0,0
JD_12544631,2021-02-28,8,8,0,0,0,0,0
JD_12544630,2021-02-28,58,40,18,0,0,0,0
JD_12544629,2021-02-28,2,1,1,0,0,0,0
JD_12544628,2021-02-28,84,57,27,0,0,1,2
JD_12544146,2021-02-28,2,2,0,0,0,0,0
JD_12544145,2021-02-28,40,36,4,0,0,0,0
