JD_11558828,2021-02-28,0,0,0,0,0,0,0
JD_11558827,2021-02-28,264,53,262,2,0,0,0
JD_11558825,2021-02-28,35,11,27,1,1,0,0
JD_11558824,2021-02-28,32,13,22,0,2,0,0
JD_11558823,2021-02-28,42,36,30,0,0,0,0
JD_11558822,2021-02-28,20,13,15,0,0,0,0
JD_11558820,2021-02-28,28,16,17,0,0,0,1
JD_11558819,2021-02-28,2411,0,2374,28,9,0,1
JD_11558818,2021-02-28,226,27,209,4,1,0,0
JD_11558817,2021-02-28,12,8,12,0,0,0,0
JD_11558816,2021-02-28,3,1,2,0,0,0,0
JD_11558814,2021-02-28,40,23,30,0,0,0,0
JD_11558813,2021-02-28,32,18,21,0,0,0,0
JD_11558812,2021-02-28,111,62,88,4,2,0,0
JD_11558811,2021-02-28,7,6,6,0,0,0,0
JD_11558810,2021-02-28,5,2,4,0,0,0,0
JD_11558808,2021-02-28,17,2,15,1,0,0,0
JD_11558806,2021-02-28,3,2,4,0,0,0,0
JD_11558805,2021-02-28,7,2,4,0,1,0,0
JD_11558804,2021-02-28,3,3,2,0,0,0,0
JD_11558802,2021-02-28,19,13,10,0,0,0,0
JD_11558801,2021-02-28,13,5,11,1,0,0,0
JD_11558800,2021-02-28,9,7,3,0,0,0,0
JD_11558799,2021-02-28,2,2,0,0,0,0,0
JD_11558798,2021-02-28,1,1,1,0,0,0,0
JD_11558797,2021-02-28,3,3,0,0,0,0,0
JD_11558796,2021-02-28,7,4,6,0,0,0,0
JD_11558795,2021-02-28,20,11,13,1,0,0,0
JD_11558794,2021-02-28,34,19,26,1,0,0,0
JD_11558793,2021-02-28,3,2,3,0,0,0,0
JD_11558792,2021-02-28,2,1,1,0,0,0,0
JD_11558791,2021-02-28,13,9,8,0,0,0,0
JD_11558790,2021-02-28,2,1,2,0,0,0,0
JD_11558789,2021-02-28,5,2,4,0,0,0,0
JD_11558788,2021-02-28,3,0,3,0,0,0,0
JD_11558787,2021-02-28,3,1,2,0,0,0,0
JD_11558786,2021-02-28,3,1,3,0,0,0,0
JD_11558785,2021-02-28,5,5,2,0,0,0,0
JD_11558783,2021-02-28,3,2,1,0,0,0,0
JD_11558782,2021-02-28,2,1,1,0,0,0,0
JD_11558526,2021-02-28,103,38,75,0,1,0,0
JD_11558524,2021-02-28,469,383,287,1,0,1,0
JD_11558523,2021-02-28,120,61,88,2,0,0,0
JD_11558521,2021-02-28,60,0,60,0,0,0,0
JD_11558519,2021-02-28,118,72,78,0,0,0,0
JD_11558518,2021-02-28,377,227,162,1,0,0,0
JD_11558517,2021-02-28,7,4,5,0,0,0,0
JD_11558516,2021-02-28,54,38,37,0,0,0,0
JD_11558515,2021-02-28,0,0,0,0,0,0,0
JD_11558514,2021-02-28,94,45,68,2,0,0,0
JD_11558513,2021-02-28,2,2,0,0,0,0,0
JD_11558512,2021-02-28,23,13,16,0,0,0,0
JD_11558511,2021-02-28,1,0,1,0,0,0,0
JD_11558509,2021-02-28,12,3,9,0,0,0,0
JD_11558508,2021-02-28,4,3,3,0,0,0,0
JD_11558507,2021-02-28,1,1,0,0,0,0,0
JD_11558506,2021-02-28,193,107,174,2,0,0,1
JD_11558505,2021-02-28,1,1,1,0,0,0,0
JD_11558504,2021-02-28,82,62,40,0,0,1,0
JD_11558503,2021-02-28,73,33,69,1,0,0,0
JD_11558502,2021-02-28,28,16,13,1,0,0,0
JD_11558500,2021-02-28,114,78,66,0,0,0,0
JD_11558499,2021-02-28,12,11,3,0,0,0,0
JD_11558498,2021-02-28,14,10,4,0,1,0,0
JD_11558497,2021-02-28,187,124,134,1,0,0,1
JD_11558496,2021-02-28,22,3,21,0,0,0,0
JD_11558495,2021-02-28,129,0,122,4,3,0,0
JD_11558494,2021-02-28,9,3,8,0,0,0,0
JD_11558493,2021-02-28,210,89,164,0,1,0,3
JD_11558492,2021-02-28,13,5,12,0,0,0,0
