JD_11782753,2021-02-28,9,5,6,0,0,0,0
JD_11782752,2021-02-28,7,4,6,0,0,0,0
JD_11782751,2021-02-28,0,0,0,0,0,0,0
JD_11782749,2021-02-28,13,8,8,0,0,0,0
JD_11782748,2021-02-28,3,0,3,0,0,0,0
JD_11782745,2021-02-28,1,0,1,0,0,0,0
JD_11782744,2021-02-28,3,0,2,0,1,0,0
JD_11782743,2021-02-28,8,5,5,0,0,0,0
JD_11782742,2021-02-28,3,2,1,0,0,0,0
JD_11782741,2021-02-28,2,1,2,0,0,0,0
JD_11782740,2021-02-28,1,0,1,0,0,0,0
JD_11782736,2021-02-28,0,0,0,0,0,0,0
JD_11782735,2021-02-28,3,2,2,0,0,0,0
JD_11782734,2021-02-28,0,0,0,0,0,0,0
JD_11782733,2021-02-28,5,3,3,0,0,0,0
JD_11782732,2021-02-28,4,3,2,0,0,0,0
JD_11782731,2021-02-28,19,14,18,0,0,0,0
JD_11782730,2021-02-28,25,17,24,0,0,0,0
JD_11782728,2021-02-28,1,1,1,0,0,0,0
JD_11782727,2021-02-28,2,1,2,0,0,0,0
JD_11782726,2021-02-28,7,3,5,0,1,0,0
JD_11782724,2021-02-28,4,3,4,0,0,0,0
JD_11782723,2021-02-28,12,10,12,0,0,0,0
JD_11782722,2021-02-28,0,0,0,0,0,0,0
JD_11782721,2021-02-28,11,8,9,0,0,0,0
JD_11782720,2021-02-28,2,1,2,0,0,0,0
JD_11782719,2021-02-28,3,1,3,0,0,0,0
JD_11782718,2021-02-28,8,7,3,0,0,0,0
JD_11782717,2021-02-28,3,1,2,0,0,0,0
JD_11782715,2021-02-28,3,1,3,0,0,0,0
JD_11782714,2021-02-28,8,4,4,0,0,0,0
JD_11782713,2021-02-28,0,0,0,0,0,0,0
JD_11782712,2021-02-28,0,0,0,0,0,0,0
JD_11782711,2021-02-28,1,0,1,0,0,0,0
JD_11782710,2021-02-28,127,44,126,1,0,0,0
JD_11782707,2021-02-28,11,7,10,0,0,0,1
JD_11782706,2021-02-28,128,10,128,0,0,0,0
JD_11782705,2021-02-28,0,0,0,0,0,0,0
JD_11782704,2021-02-28,9,9,7,0,0,0,0
JD_11782701,2021-02-28,25,15,15,0,0,1,0
JD_11782699,2021-02-28,4,3,2,0,0,0,0
JD_11782698,2021-02-28,4,4,4,0,0,0,0
JD_11782691,2021-02-28,3,0,3,0,0,0,0
JD_11782690,2021-02-28,24,11,15,0,2,0,0
JD_11782686,2021-02-28,26,16,18,1,0,0,0
JD_11782272,2021-02-28,2,2,0,0,0,0,0
JD_11782271,2021-02-28,6,1,6,0,0,0,0
JD_11782270,2021-02-28,207,170,122,0,0,0,0
JD_11782269,2021-02-28,329,225,327,1,1,0,0
JD_11782267,2021-02-28,353,108,352,1,0,0,0
JD_11782266,2021-02-28,97,47,96,0,1,0,1
JD_11782265,2021-02-28,5,3,4,0,0,0,0
JD_11782264,2021-02-28,0,0,0,0,0,0,0
JD_11782263,2021-02-28,5,4,4,0,0,0,0
JD_11782262,2021-02-28,11,7,9,1,0,0,0
JD_11782261,2021-02-28,168,92,132,2,1,0,0
JD_11782260,2021-02-28,859,102,852,3,2,0,4
JD_11782259,2021-02-28,9,7,7,0,0,0,0
JD_11782258,2021-02-28,43,30,30,0,1,0,0
JD_11782256,2021-02-28,2100,1302,1163,3,1,3,1
JD_11782255,2021-02-28,5,4,2,0,0,0,0
JD_11782254,2021-02-28,48,37,28,0,0,0,0
JD_11782253,2021-02-28,6,0,6,0,0,0,0
JD_11782252,2021-02-28,106,76,72,2,0,0,0
JD_11782251,2021-02-28,53,37,26,0,0,0,0
JD_11782250,2021-02-28,11,4,9,1,0,0,0
JD_11782249,2021-02-28,5,5,2,0,0,0,0
JD_11782248,2021-02-28,251,176,232,0,1,0,2
JD_11782247,2021-02-28,14,0,14,0,0,0,0
JD_11782246,2021-02-28,15,12,8,0,0,0,0
