JD_12115365,2021-02-28,21,14,21,0,0,0,0
JD_12115364,2021-02-28,41,26,38,0,0,0,0
JD_12115363,2021-02-28,10,7,8,0,0,0,0
JD_12115362,2021-02-28,96,54,84,0,1,0,2
JD_12115361,2021-02-28,24,18,9,0,0,0,0
JD_12115360,2021-02-28,358,198,356,2,0,0,1
JD_12115359,2021-02-28,615,329,610,2,3,1,8
JD_12115358,2021-02-28,15,12,15,0,0,0,0
JD_12115357,2021-02-28,286,189,285,1,0,1,2
JD_12115356,2021-02-28,300,124,300,0,0,0,1
JD_12115355,2021-02-28,88,47,87,0,1,0,0
JD_12115354,2021-02-28,1,0,1,0,0,0,0
JD_12115353,2021-02-28,101,48,100,1,0,0,3
JD_12115352,2021-02-28,58,36,52,0,0,0,0
JD_12115351,2021-02-28,8922,6179,8604,43,29,6,31
JD_12115350,2021-02-28,1652,1342,866,6,5,0,3
JD_12115349,2021-02-28,135,103,100,0,1,0,0
JD_12115348,2021-02-28,80,53,49,1,1,0,1
JD_12115347,2021-02-28,35,18,23,0,0,0,0
JD_12115346,2021-02-28,22,10,17,1,0,0,0
JD_12115345,2021-02-28,437,366,354,1,0,0,0
JD_12115344,2021-02-28,62,33,49,1,0,0,0
JD_12115343,2021-02-28,22,21,3,0,0,0,0
JD_12115342,2021-02-28,457,368,225,1,0,0,1
JD_12115341,2021-02-28,6,3,5,0,0,0,0
JD_12115340,2021-02-28,129,96,77,1,0,0,0
JD_12115339,2021-02-28,64,48,64,0,0,0,0
JD_12115338,2021-02-28,8478,6445,4991,22,15,10,20
JD_12115337,2021-02-28,718,579,425,2,0,0,0
JD_12115335,2021-02-28,10,9,3,0,0,0,0
JD_12115334,2021-02-28,87,55,82,2,1,0,1
JD_12115333,2021-02-28,93,73,72,0,0,0,0
JD_12115332,2021-02-28,66,42,48,1,0,0,1
JD_12115330,2021-02-28,273,218,115,1,1,0,0
JD_12115328,2021-02-28,7,6,5,0,0,0,0
JD_12115326,2021-02-28,242,187,83,0,0,1,0
JD_12115324,2021-02-28,13,8,10,0,0,0,0
JD_12115322,2021-02-28,17,11,7,0,0,0,0
JD_12115320,2021-02-28,65,49,32,0,1,0,1
JD_12115319,2021-02-28,4,4,1,0,0,0,0
JD_12115318,2021-02-28,26,17,18,0,0,0,0
JD_12115316,2021-02-28,51,38,27,0,0,0,0
JD_12115314,2021-02-28,7,4,6,0,0,0,0
JD_12115313,2021-02-28,14,11,13,0,0,0,0
JD_12115312,2021-02-28,74,49,36,0,0,0,0
JD_12115311,2021-02-28,7,5,4,0,0,0,0
JD_12115310,2021-02-28,14,4,12,0,0,0,0
JD_12115308,2021-02-28,133,101,71,1,1,1,1
JD_12115307,2021-02-28,3,2,3,0,0,0,0
JD_12115306,2021-02-28,182,141,73,0,0,0,0
JD_12115305,2021-02-28,10,9,4,0,0,0,0
JD_12115304,2021-02-28,21,9,21,0,0,0,0
JD_12115303,2021-02-28,4,4,2,0,0,0,0
JD_12115301,2021-02-28,248,198,150,1,1,0,2
JD_12115300,2021-02-28,32,20,25,0,0,0,0
JD_12115298,2021-02-28,80,1,80,0,0,0,1
JD_12115296,2021-02-28,32,25,20,0,0,0,0
JD_12115294,2021-02-28,11,8,6,0,0,0,0
JD_12115292,2021-02-28,15,8,14,0,1,0,1
JD_12115290,2021-02-28,71,56,35,0,0,1,0
JD_12115289,2021-02-28,1,1,0,0,0,0,0
JD_12115287,2021-02-28,89,75,49,0,1,0,0
JD_12115286,2021-02-28,48,32,34,1,0,1,0
JD_12115285,2021-02-28,1,1,0,0,0,0,0
JD_12115284,2021-02-28,55,44,20,0,0,0,0
JD_12115283,2021-02-28,37,31,19,0,0,1,1
JD_12115282,2021-02-28,0,0,0,0,0,0,0
JD_12115281,2021-02-28,2940,2292,1104,3,1,10,1
JD_12115280,2021-02-28,11,0,11,0,0,0,1
JD_12115279,2021-02-28,2,1,1,0,0,0,0
