JD_11605690,2021-02-28,444,295,265,2,1,0,1
JD_11605689,2021-02-28,25,19,12,0,0,0,0
JD_11605688,2021-02-28,18,14,9,0,0,0,0
JD_11605687,2021-02-28,34,14,27,0,0,0,0
JD_11605686,2021-02-28,98,46,71,1,0,0,0
JD_11605685,2021-02-28,4,3,1,0,0,0,0
JD_11605684,2021-02-28,841,700,324,1,2,2,0
JD_11605683,2021-02-28,46,34,30,0,0,0,0
JD_11605682,2021-02-28,35,23,20,1,0,1,0
JD_11605681,2021-02-28,8,4,6,0,0,0,0
JD_11605680,2021-02-28,29,16,20,0,1,0,0
JD_11605678,2021-02-28,156,0,153,2,1,0,0
JD_11605677,2021-02-28,240,0,237,3,0,0,0
JD_11605676,2021-02-28,243,0,238,5,0,0,0
JD_11605675,2021-02-28,151,0,151,0,0,0,0
JD_11605674,2021-02-28,51,37,29,0,0,0,0
JD_11605673,2021-02-28,29,20,10,0,0,0,0
JD_11605672,2021-02-28,220,188,112,1,0,0,1
JD_11605671,2021-02-28,100,80,44,2,0,0,0
JD_11605669,2021-02-28,4,4,1,0,0,0,0
JD_11605667,2021-02-28,100,0,97,1,2,0,0
JD_11605666,2021-02-28,141,0,140,1,0,0,0
JD_11605665,2021-02-28,110,0,106,4,0,0,0
JD_11605661,2021-02-28,61,18,56,0,0,0,0
JD_11605659,2021-02-28,140,0,137,2,1,0,0
JD_11605657,2021-02-28,55,12,52,0,0,0,0
JD_11605656,2021-02-28,262,120,213,2,0,0,1
JD_11605655,2021-02-28,244,159,154,2,0,0,1
JD_11605653,2021-02-28,79,16,75,1,0,0,0
JD_11605651,2021-02-28,702,459,421,2,2,0,2
JD_11605650,2021-02-28,11,6,10,1,0,0,0
JD_11605649,2021-02-28,2266,1628,1564,7,6,3,6
JD_11605648,2021-02-28,67662,47862,41651,189,138,74,155
JD_11605647,2021-02-28,2,0,2,0,0,0,0
JD_11605645,2021-02-28,10,2,9,0,0,0,0
JD_11605644,2021-02-28,28,20,14,1,0,0,0
JD_11605642,2021-02-28,79,1,73,2,4,0,0
JD_11605641,2021-02-28,9157,7396,5061,20,10,7,10
JD_11605637,2021-02-28,8,0,8,0,0,0,0
JD_11605634,2021-02-28,4,1,3,0,0,0,0
JD_11605337,2021-02-28,1,0,1,0,0,0,0
JD_11605335,2021-02-28,3,2,0,1,0,0,0
JD_11605333,2021-02-28,48,31,38,0,0,0,0
JD_11605332,2021-02-28,34,22,21,0,0,0,0
JD_11605331,2021-02-28,0,0,0,0,0,0,0
JD_11605330,2021-02-28,116,60,87,0,0,0,0
JD_11605328,2021-02-28,0,0,0,0,0,0,0
JD_11605327,2021-02-28,2,0,2,0,0,0,0
JD_11605326,2021-02-28,42,32,14,0,0,0,0
JD_11605325,2021-02-28,9,5,5,1,0,0,0
JD_11605324,2021-02-28,1,1,1,0,0,0,0
JD_11605322,2021-02-28,17,12,6,0,0,0,0
JD_11605321,2021-02-28,106,75,57,1,1,1,0
JD_11605319,2021-02-28,0,0,0,0,0,0,0
JD_11605318,2021-02-28,4,1,4,0,0,0,0
JD_11605317,2021-02-28,0,0,0,0,0,0,0
JD_11605316,2021-02-28,2,2,1,0,0,0,0
JD_11605315,2021-02-28,93,63,60,1,0,1,0
JD_11605314,2021-02-28,146,91,146,0,0,0,0
JD_11605313,2021-02-28,245,102,239,3,1,1,0
JD_11605312,2021-02-28,36,21,25,0,0,0,0
JD_11605311,2021-02-28,34,22,17,0,1,0,0
JD_11605310,2021-02-28,44,19,39,0,0,0,0
JD_11605309,2021-02-28,92,65,50,0,0,0,0
JD_11605308,2021-02-28,39,15,34,0,1,0,0
JD_11605307,2021-02-28,30,13,30,0,0,0,0
JD_11605306,2021-02-28,47,28,33,0,0,0,0
JD_11605305,2021-02-28,871,403,773,11,4,0,2
JD_11605304,2021-02-28,3,3,0,0,0,0,0
JD_11605302,2021-02-28,0,0,0,0,0,0,0
