JD_12719526,2021-02-28,268,194,74,0,0,0,1
JD_12713151,2021-02-28,0,0,0,0,0,0,0
JD_12713150,2021-02-28,6,6,0,0,0,0,0
JD_12713149,2021-02-28,7,7,0,0,0,0,0
JD_12713148,2021-02-28,0,0,0,0,0,0,0
JD_12713147,2021-02-28,28,24,4,0,0,0,0
JD_12713146,2021-02-28,3,2,1,0,0,0,0
JD_12713145,2021-02-28,94,81,13,0,0,0,0
JD_12713144,2021-02-28,11,10,1,0,0,0,0
JD_12713142,2021-02-28,2,2,0,0,0,0,0
JD_12713140,2021-02-28,0,0,0,0,0,0,0
JD_12713139,2021-02-28,1,0,1,0,0,0,1
JD_12713138,2021-02-28,2,2,0,0,0,0,0
JD_12713136,2021-02-28,2,2,0,0,0,0,0
JD_12713134,2021-02-28,16,12,4,0,0,0,0
JD_12713132,2021-02-28,0,0,0,0,0,0,0
JD_12713131,2021-02-28,0,0,0,0,0,0,0
JD_12713130,2021-02-28,0,0,0,0,0,0,0
JD_12713129,2021-02-28,1,1,0,0,0,0,0
JD_12713128,2021-02-28,0,0,0,0,0,0,0
JD_12713126,2021-02-28,0,0,0,0,0,0,0
JD_12713125,2021-02-28,24,23,1,0,0,0,0
JD_12713124,2021-02-28,1,1,0,0,0,0,0
JD_12713122,2021-02-28,2,2,0,0,0,0,0
JD_12713120,2021-02-28,4,4,0,0,0,0,0
JD_12713118,2021-02-28,26,25,1,0,0,0,0
JD_12713116,2021-02-28,3,3,0,0,0,0,0
JD_12713115,2021-02-28,3,3,0,0,0,0,0
JD_12713114,2021-02-28,0,0,0,0,0,0,0
JD_12713113,2021-02-28,0,0,0,0,0,0,0
JD_12713112,2021-02-28,0,0,0,0,0,0,0
JD_12713111,2021-02-28,16,16,0,0,0,0,0
JD_12713110,2021-02-28,0,0,0,0,0,0,0
JD_12713109,2021-02-28,22,21,1,0,0,0,0
JD_12713108,2021-02-28,12,11,1,0,0,0,0
JD_12713107,2021-02-28,18,16,2,0,0,0,0
JD_12713106,2021-02-28,0,0,0,0,0,0,0
JD_12713105,2021-02-28,3852,3474,375,1,2,0,4
JD_12713104,2021-02-28,7,6,1,0,0,0,0
JD_12713103,2021-02-28,700,636,63,1,0,0,1
JD_12713102,2021-02-28,0,0,0,0,0,0,0
JD_12713101,2021-02-28,19,17,2,0,0,0,0
JD_12713100,2021-02-28,1,1,0,0,0,0,0
JD_12713099,2021-02-28,0,0,0,0,0,0,0
JD_12713098,2021-02-28,0,0,0,0,0,0,0
JD_12713097,2021-02-28,9,8,1,0,0,0,0
JD_12710649,2021-02-28,18,16,2,0,0,0,0
JD_12710648,2021-02-28,6386,5344,1042,0,0,10,8
JD_12710647,2021-02-28,117,95,22,0,0,1,0
JD_12710646,2021-02-28,67,46,21,0,0,0,0
JD_12710645,2021-02-28,0,0,0,0,0,0,0
JD_12710644,2021-02-28,36,29,7,0,0,0,0
JD_12710643,2021-02-28,0,0,0,0,0,0,0
JD_12710642,2021-02-28,30,25,5,0,0,0,0
JD_12710641,2021-02-28,201,181,20,0,0,0,1
JD_12710640,2021-02-28,11,8,3,0,0,0,0
JD_12710639,2021-02-28,79,70,9,0,0,0,0
JD_12710638,2021-02-28,3,3,0,0,0,0,0
JD_12710637,2021-02-28,153,131,22,0,0,0,0
JD_12710636,2021-02-28,5,5,0,0,0,0,0
JD_12710635,2021-02-28,212,170,42,0,0,1,1
JD_12710634,2021-02-28,30,24,6,0,0,0,0
JD_12710632,2021-02-28,31,24,7,0,0,0,0
JD_12710631,2021-02-28,267,232,31,1,3,1,2
JD_12710630,2021-02-28,72,62,10,0,0,0,0
JD_12710629,2021-02-28,0,0,0,0,0,0,0
JD_12710628,2021-02-28,24,23,1,0,0,0,0
JD_12710627,2021-02-28,177,162,15,0,0,0,0
JD_12710626,2021-02-28,25,20,5,0,0,0,0
JD_12710624,2021-02-28,117,101,16,0,0,0,0
