JD_11363271,2021-02-28,32,7,32,0,0,0,0
JD_11363270,2021-02-28,1,1,1,0,0,0,0
JD_11363269,2021-02-28,120,32,120,0,0,0,0
JD_11363268,2021-02-28,26,4,26,0,0,0,0
JD_11363266,2021-02-28,0,0,0,0,0,0,0
JD_11363258,2021-02-28,328,0,320,8,0,0,0
JD_11363255,2021-02-28,183,3,182,2,0,0,0
JD_11363254,2021-02-28,117,0,116,1,0,0,0
JD_11363251,2021-02-28,1223,5,1202,14,6,0,0
JD_11363245,2021-02-28,7,1,6,0,1,0,0
JD_11363243,2021-02-28,6,0,5,0,1,0,0
JD_11363238,2021-02-28,6,2,6,0,0,0,0
JD_11363236,2021-02-28,35,17,29,0,0,0,0
JD_11363231,2021-02-28,23,11,23,0,0,0,0
JD_11363230,2021-02-28,2,1,1,0,0,0,0
JD_11363229,2021-02-28,29,22,11,0,0,0,0
JD_11363227,2021-02-28,0,0,0,0,0,0,0
JD_11363226,2021-02-28,7,5,5,0,0,0,0
JD_11363225,2021-02-28,627,36,604,16,7,0,0
JD_11363223,2021-02-28,30,3,29,1,0,0,0
JD_11363222,2021-02-28,37,28,25,0,0,0,0
JD_11363221,2021-02-28,5,0,5,0,0,0,0
JD_11363219,2021-02-28,7,4,3,1,0,0,0
JD_11363218,2021-02-28,10,3,10,0,0,0,0
JD_11363217,2021-02-28,4,0,4,0,0,0,0
JD_11363216,2021-02-28,32,7,32,0,0,0,0
JD_11363215,2021-02-28,15,0,13,1,1,0,0
JD_11363214,2021-02-28,34,0,33,0,1,0,0
JD_11363213,2021-02-28,16,0,14,2,0,0,0
JD_11363212,2021-02-28,1,1,0,0,0,0,0
JD_11363211,2021-02-28,17,10,17,0,0,0,0
JD_11363210,2021-02-28,275,199,141,1,0,2,1
JD_11363209,2021-02-28,12,0,11,1,0,0,0
JD_11363208,2021-02-28,9,7,3,0,0,0,0
JD_11363207,2021-02-28,3,2,2,0,0,0,0
JD_11363206,2021-02-28,21,20,5,0,0,0,0
JD_11363205,2021-02-28,31,22,14,0,0,0,0
JD_11363204,2021-02-28,16,10,7,0,0,0,0
JD_11363203,2021-02-28,7,5,4,0,0,0,0
JD_11363201,2021-02-28,29,22,14,1,1,0,0
JD_11363200,2021-02-28,5,5,1,0,0,0,0
JD_11363199,2021-02-28,10,6,9,0,0,0,0
JD_11363198,2021-02-28,9,2,9,0,0,0,0
JD_11363197,2021-02-28,4,4,3,0,0,0,0
JD_11363195,2021-02-28,2,1,1,0,0,0,0
JD_11363194,2021-02-28,156,118,61,0,0,0,1
JD_11363189,2021-02-28,3,1,3,0,0,0,0
JD_11363188,2021-02-28,17,9,9,1,1,0,0
JD_11363187,2021-02-28,135,16,131,2,2,0,1
JD_11363186,2021-02-28,329,57,303,15,6,0,1
JD_11363165,2021-02-28,98,28,90,1,0,0,0
JD_11363164,2021-02-28,286,117,279,3,1,0,1
JD_11363159,2021-02-28,122,33,117,1,0,0,0
JD_11363158,2021-02-28,94,35,84,0,0,0,1
JD_11363152,2021-02-28,7,4,3,0,0,0,0
JD_11363150,2021-02-28,0,0,0,0,0,0,0
JD_11363146,2021-02-28,30,20,28,0,1,0,0
JD_11363145,2021-02-28,4,3,1,0,0,0,0
JD_11363144,2021-02-28,6,3,6,0,0,0,0
JD_11363141,2021-02-28,296,148,255,4,2,0,0
JD_11363115,2021-02-28,102,1,99,0,3,0,0
JD_11363113,2021-02-28,137,24,132,0,2,0,0
JD_11363112,2021-02-28,12,3,11,0,0,0,0
JD_11363101,2021-02-28,43,35,12,0,0,0,0
JD_11363100,2021-02-28,10,5,6,0,0,0,0
JD_11363099,2021-02-28,2,2,2,0,0,0,0
JD_11363098,2021-02-28,3,1,2,0,0,0,0
JD_11363097,2021-02-28,2,2,0,0,0,0,0
JD_11363095,2021-02-28,11,0,11,0,0,0,0
JD_11363094,2021-02-28,0,0,0,0,0,0,0
