JD_11384469,2021-02-28,61,22,59,1,1,0,0
JD_11384468,2021-02-28,13,7,6,0,0,0,0
JD_11384467,2021-02-28,34,7,31,0,0,0,0
JD_11384466,2021-02-28,35,22,26,0,0,0,0
JD_11384465,2021-02-28,37,18,29,0,0,0,0
JD_11384464,2021-02-28,85,32,66,1,1,0,0
JD_11384463,2021-02-28,57,26,43,0,0,0,0
JD_11384460,2021-02-28,22,11,19,0,0,0,0
JD_11384458,2021-02-28,20,11,18,0,0,0,0
JD_11384452,2021-02-28,23,11,19,0,0,0,0
JD_11384448,2021-02-28,19,9,16,1,0,0,0
JD_11384444,2021-02-28,320,3,316,4,0,0,0
JD_11384443,2021-02-28,557,0,549,7,1,0,1
JD_11384435,2021-02-28,0,0,0,0,0,0,0
JD_11384434,2021-02-28,1,1,1,0,0,0,0
JD_11384433,2021-02-28,11,3,11,0,0,0,0
JD_11384432,2021-02-28,67,41,45,0,0,0,0
JD_11384431,2021-02-28,8,4,8,0,0,0,0
JD_11384429,2021-02-28,23,10,23,0,0,0,0
JD_11384427,2021-02-28,4,3,2,0,0,0,0
JD_11384426,2021-02-28,4,2,3,0,0,0,0
JD_11384425,2021-02-28,132,97,85,1,0,0,1
JD_11384424,2021-02-28,25,16,24,0,0,0,0
JD_11384422,2021-02-28,40,24,27,0,0,0,0
JD_11384421,2021-02-28,4,2,3,0,0,0,0
JD_11384415,2021-02-28,0,0,0,0,0,0,0
JD_11384414,2021-02-28,2,0,2,0,0,0,0
JD_11384413,2021-02-28,0,0,0,0,0,0,0
JD_11384412,2021-02-28,2,1,2,0,0,0,0
JD_11384407,2021-02-28,2,1,2,0,0,0,0
JD_11384406,2021-02-28,0,0,0,0,0,0,0
JD_11384395,2021-02-28,220,139,184,1,1,0,4
JD_11384394,2021-02-28,16,0,13,2,1,0,0
JD_11384393,2021-02-28,3,0,3,0,0,0,0
JD_11384392,2021-02-28,17,0,16,1,0,0,0
JD_11384388,2021-02-28,248,182,188,1,0,0,1
JD_11384386,2021-02-28,2,2,1,0,0,0,0
JD_11384382,2021-02-28,8,3,7,0,0,0,0
JD_11384378,2021-02-28,10,9,6,0,0,0,0
JD_11384375,2021-02-28,20,7,19,1,0,0,0
JD_11384374,2021-02-28,7,3,6,0,0,0,0
JD_11384373,2021-02-28,2155,1728,834,2,0,1,0
JD_11384371,2021-02-28,36,5,36,0,0,0,0
JD_11384369,2021-02-28,3,2,2,0,0,0,0
JD_11384367,2021-02-28,1,0,1,0,0,0,0
JD_11384366,2021-02-28,4,0,4,0,0,0,0
JD_11384363,2021-02-28,0,0,0,0,0,0,0
JD_11384362,2021-02-28,11,7,4,0,1,0,0
JD_11384360,2021-02-28,287,203,216,2,0,1,1
JD_11384359,2021-02-28,0,0,0,0,0,0,0
JD_11384358,2021-02-28,2507,780,2474,19,13,0,8
JD_11384356,2021-02-28,394,274,211,0,1,0,1
JD_11384355,2021-02-28,1,1,0,0,0,0,0
JD_11384354,2021-02-28,79,52,48,2,1,0,0
JD_11384352,2021-02-28,53,29,34,1,0,0,0
JD_11384346,2021-02-28,664,231,571,7,1,1,0
JD_11384345,2021-02-28,506,322,503,1,1,0,1
JD_11384343,2021-02-28,366,6,355,9,2,0,0
JD_11384342,2021-02-28,95,64,53,0,0,0,0
JD_11384341,2021-02-28,37,22,25,0,0,0,0
JD_11384340,2021-02-28,2031,0,1924,66,41,0,0
JD_11384339,2021-02-28,286,18,279,5,2,0,1
JD_11384338,2021-02-28,159,16,149,3,3,0,0
JD_11384337,2021-02-28,33,4,33,0,0,0,0
JD_11384336,2021-02-28,40,1,39,1,0,0,0
JD_11384335,2021-02-28,26,0,26,0,0,0,0
JD_11384334,2021-02-28,115,0,112,3,0,0,0
JD_11384332,2021-02-28,4,2,4,0,0,0,0
JD_11384331,2021-02-28,5,3,4,0,0,0,0
JD_11384329,2021-02-28,3,3,2,0,0,0,0
