JD_11455388,2021-02-28,10,6,7,0,0,0,0
JD_11455387,2021-02-28,4,3,3,0,0,0,0
JD_11455383,2021-02-28,12,0,11,1,0,0,0
JD_11455382,2021-02-28,21,4,17,2,0,0,1
JD_11455381,2021-02-28,0,0,0,0,0,0,0
JD_11455377,2021-02-28,4,2,1,0,1,0,0
JD_11455374,2021-02-28,17,0,17,0,0,0,0
JD_11455369,2021-02-28,3,2,3,0,0,0,0
JD_11455368,2021-02-28,4,2,4,0,0,0,0
JD_11455367,2021-02-28,4,4,4,0,0,0,0
JD_11455366,2021-02-28,0,0,0,0,0,0,0
JD_11455365,2021-02-28,0,0,0,0,0,0,0
JD_11455363,2021-02-28,2,0,2,0,0,0,0
JD_11455362,2021-02-28,5,2,5,0,0,0,0
JD_11455360,2021-02-28,3,3,1,0,0,0,0
JD_11455359,2021-02-28,0,0,0,0,0,0,0
JD_11455356,2021-02-28,9,0,9,0,0,0,0
JD_11455355,2021-02-28,2,0,2,0,0,0,0
JD_11455352,2021-02-28,8,8,1,0,0,0,0
JD_11455350,2021-02-28,1,1,0,0,0,0,0
JD_11455349,2021-02-28,329,12,301,16,9,0,0
JD_11455348,2021-02-28,0,0,0,0,0,0,0
JD_11455345,2021-02-28,0,0,0,0,0,0,0
JD_11455344,2021-02-28,133,69,103,1,0,1,0
JD_11455343,2021-02-28,333,203,232,1,0,0,3
JD_11455341,2021-02-28,0,0,0,0,0,0,0
JD_11455340,2021-02-28,5,1,4,0,1,0,0
JD_11455338,2021-02-28,0,0,0,0,0,0,0
JD_11455337,2021-02-28,255,9,247,3,5,0,1
JD_11455336,2021-02-28,5,3,3,0,0,0,0
JD_11455335,2021-02-28,6,3,4,0,0,0,0
JD_11455334,2021-02-28,2,2,1,0,0,0,0
JD_11455333,2021-02-28,7,6,5,0,0,0,0
JD_11455332,2021-02-28,0,0,0,0,0,0,0
JD_11455328,2021-02-28,8,2,7,0,0,0,0
JD_11455325,2021-02-28,32,0,31,1,0,0,0
JD_11455322,2021-02-28,4,2,4,0,0,0,0
JD_11455321,2021-02-28,28,22,14,0,0,0,0
JD_11455320,2021-02-28,22,14,15,0,0,0,0
JD_11455319,2021-02-28,0,0,0,0,0,0,0
JD_11455315,2021-02-28,8,4,5,0,0,0,0
JD_11455314,2021-02-28,3,1,3,0,0,0,0
JD_11455313,2021-02-28,61,43,40,0,0,0,0
JD_11455312,2021-02-28,14,7,11,0,0,0,1
JD_11455310,2021-02-28,7,5,6,0,0,0,0
JD_11455309,2021-02-28,10,2,9,0,0,0,0
JD_11455308,2021-02-28,1,1,0,0,0,0,0
JD_11455307,2021-02-28,3,2,1,0,0,0,0
JD_11455305,2021-02-28,5,5,5,0,0,0,0
JD_11455304,2021-02-28,0,0,0,0,0,0,0
JD_11455298,2021-02-28,0,0,0,0,0,0,0
JD_11455297,2021-02-28,0,0,0,0,0,0,0
JD_11455293,2021-02-28,621,417,372,3,2,0,0
JD_11455289,2021-02-28,15,6,10,1,0,0,0
JD_11455285,2021-02-28,96,53,74,0,0,0,1
JD_11455284,2021-02-28,212,173,109,0,0,0,0
JD_11455283,2021-02-28,199,135,123,1,0,1,1
JD_11455280,2021-02-28,254,188,123,0,0,0,1
JD_11455275,2021-02-28,4220,3104,2829,3,2,3,4
JD_11455272,2021-02-28,2207,1751,1419,0,1,0,5
JD_11455268,2021-02-28,181,99,174,0,0,0,1
JD_11455267,2021-02-28,4999,3942,3047,2,4,3,4
JD_11455263,2021-02-28,782,500,642,6,2,0,3
JD_11455261,2021-02-28,1,1,0,0,0,0,0
JD_11455260,2021-02-28,414,186,322,15,12,0,0
JD_11455257,2021-02-28,6,2,3,0,1,0,0
JD_11455256,2021-02-28,12,5,10,0,0,0,0
JD_11455254,2021-02-28,12,6,9,0,0,0,0
JD_11455253,2021-02-28,6,4,2,0,1,0,0
JD_11455251,2021-02-28,112,83,88,0,0,0,0
