JD_11344607,2021-02-28,0,0,0,0,0,0,0
JD_11344606,2021-02-28,0,0,0,0,0,0,0
JD_11344605,2021-02-28,0,0,0,0,0,0,0
JD_11344604,2021-02-28,4,4,1,0,0,0,0
JD_11344603,2021-02-28,0,0,0,0,0,0,0
JD_11344602,2021-02-28,10,6,8,0,0,0,0
JD_11344599,2021-02-28,0,0,0,0,0,0,0
JD_11344598,2021-02-28,94,41,87,0,0,0,0
JD_11344595,2021-02-28,1,0,1,0,0,0,0
JD_11344594,2021-02-28,24,17,14,0,0,0,0
JD_11344592,2021-02-28,0,0,0,0,0,0,0
JD_11344590,2021-02-28,0,0,0,0,0,0,0
JD_11344589,2021-02-28,1,1,0,0,0,0,0
JD_11344588,2021-02-28,0,0,0,0,0,0,0
JD_11344586,2021-02-28,3,2,3,0,0,0,0
JD_11344585,2021-02-28,3,2,3,0,0,0,0
JD_11344584,2021-02-28,0,0,0,0,0,0,0
JD_11344583,2021-02-28,2,2,2,0,0,0,0
JD_11344582,2021-02-28,0,0,0,0,0,0,0
JD_11344581,2021-02-28,3,1,2,0,0,0,0
JD_11344580,2021-02-28,4,1,4,0,0,0,0
JD_11344577,2021-02-28,11,8,10,0,0,0,0
JD_11344575,2021-02-28,33,16,24,0,0,0,1
JD_11344574,2021-02-28,2,0,2,0,0,0,0
JD_11344573,2021-02-28,3,3,2,0,0,0,0
JD_11344570,2021-02-28,0,0,0,0,0,0,0
JD_11344569,2021-02-28,81,49,79,0,2,0,0
JD_11344568,2021-02-28,11,8,10,0,0,0,0
JD_11344564,2021-02-28,9,0,9,0,0,0,0
JD_11344561,2021-02-28,110,27,107,1,1,0,0
JD_11344560,2021-02-28,59,33,49,0,0,0,0
JD_11344557,2021-02-28,309,157,264,0,0,0,0
JD_11344554,2021-02-28,150,101,116,2,1,0,0
JD_11344553,2021-02-28,59,35,38,0,0,0,0
JD_11344544,2021-02-28,986,0,948,36,2,0,0
JD_11344543,2021-02-28,238,0,233,4,1,0,0
JD_11344542,2021-02-28,43,30,23,1,0,0,0
JD_11344541,2021-02-28,84,52,48,0,1,0,0
JD_11344540,2021-02-28,43,14,32,1,0,0,0
JD_11344536,2021-02-28,64,43,36,1,0,0,0
JD_11344535,2021-02-28,28,9,19,1,0,0,0
JD_11344534,2021-02-28,1,0,1,0,0,0,0
JD_11344533,2021-02-28,100,73,39,0,0,0,0
JD_11344532,2021-02-28,8,0,8,0,0,0,0
JD_11344531,2021-02-28,57,34,43,0,0,0,0
JD_11344530,2021-02-28,9,5,4,0,1,0,0
JD_11344529,2021-02-28,26,9,17,1,0,0,0
JD_11344528,2021-02-28,30,27,5,0,1,0,0
JD_11344527,2021-02-28,0,0,0,0,0,0,0
JD_11344526,2021-02-28,17,12,10,0,0,0,0
JD_11344525,2021-02-28,35,25,16,0,0,0,0
JD_11344522,2021-02-28,254,0,247,6,1,0,0
JD_11344520,2021-02-28,4,2,4,0,0,0,0
JD_11344518,2021-02-28,19,3,16,3,0,0,0
JD_11344514,2021-02-28,2,2,2,0,0,0,0
JD_11344512,2021-02-28,70,0,65,4,1,0,0
JD_11344511,2021-02-28,0,0,0,0,0,0,0
JD_11344510,2021-02-28,0,0,0,0,0,0,0
JD_11344509,2021-02-28,0,0,0,0,0,0,0
JD_11344504,2021-02-28,0,0,0,0,0,0,0
JD_11344484,2021-02-28,10,4,10,0,0,0,0
JD_11344483,2021-02-28,22,8,22,0,0,0,0
JD_11344482,2021-02-28,33,21,33,0,0,0,0
JD_11344481,2021-02-28,284,0,279,5,0,0,0
JD_11344477,2021-02-28,9,1,9,0,0,0,0
JD_11344474,2021-02-28,27,13,19,0,0,0,0
JD_11344473,2021-02-28,75,41,67,2,0,0,0
JD_11344472,2021-02-28,14,2,12,1,0,0,0
JD_11344471,2021-02-28,1,0,1,0,0,0,0
JD_11344470,2021-02-28,1,0,1,0,0,0,0
