JD_11351480,2021-02-28,3,3,0,0,0,0,0
JD_11351477,2021-02-28,41,29,20,0,0,0,0
JD_11351476,2021-02-28,1,0,1,0,0,0,0
JD_11351475,2021-02-28,6,2,6,0,0,0,0
JD_11351474,2021-02-28,2,1,2,0,0,0,0
JD_11351473,2021-02-28,0,0,0,0,0,0,0
JD_11351472,2021-02-28,12,6,11,0,0,0,0
JD_11351471,2021-02-28,16,8,16,0,0,0,1
JD_11351470,2021-02-28,66,31,62,2,1,0,2
JD_11351469,2021-02-28,28,9,23,1,1,0,0
JD_11351467,2021-02-28,0,0,0,0,0,0,0
JD_11351466,2021-02-28,18,8,15,1,1,0,0
JD_11351465,2021-02-28,133,89,74,0,1,0,0
JD_11351464,2021-02-28,31,19,14,1,1,0,0
JD_11351463,2021-02-28,2,2,0,0,0,0,0
JD_11351461,2021-02-28,364,52,320,8,3,0,1
JD_11351459,2021-02-28,576,275,559,10,7,1,1
JD_11351458,2021-02-28,525,316,501,2,3,0,1
JD_11351457,2021-02-28,5,0,5,0,0,0,0
JD_11351456,2021-02-28,34,0,33,1,0,0,0
JD_11351455,2021-02-28,11,0,10,1,0,0,0
JD_11351454,2021-02-28,613,310,606,6,1,0,2
JD_11351453,2021-02-28,426,256,413,5,2,0,0
JD_11351452,2021-02-28,42,0,41,1,0,0,0
JD_11351451,2021-02-28,0,0,0,0,0,0,0
JD_11351448,2021-02-28,0,0,0,0,0,0,0
JD_11351447,2021-02-28,49,3,49,0,0,0,1
JD_11351443,2021-02-28,1,1,0,0,0,0,0
JD_11351442,2021-02-28,270,183,251,0,0,0,2
JD_11351438,2021-02-28,1592,1216,838,1,0,3,2
JD_11351433,2021-02-28,0,0,0,0,0,0,0
JD_11351431,2021-02-28,0,0,0,0,0,0,0
JD_11351430,2021-02-28,7,0,7,0,0,0,0
JD_11351425,2021-02-28,64,13,55,1,1,0,1
JD_11351423,2021-02-28,1,0,1,0,0,0,0
JD_11351422,2021-02-28,103,75,55,1,0,0,0
JD_11351419,2021-02-28,1,1,0,0,0,0,0
JD_11351417,2021-02-28,0,0,0,0,0,0,0
JD_11351416,2021-02-28,1,0,0,1,0,0,0
JD_11351410,2021-02-28,4,2,4,0,0,0,0
JD_11351409,2021-02-28,2,1,2,0,0,0,0
JD_11351407,2021-02-28,0,0,0,0,0,0,0
JD_11351402,2021-02-28,8,5,5,0,0,0,0
JD_11351401,2021-02-28,1,1,0,0,0,0,0
JD_11351400,2021-02-28,0,0,0,0,0,0,0
JD_11351399,2021-02-28,6,3,4,0,0,0,0
JD_11351398,2021-02-28,0,0,0,0,0,0,0
JD_11351396,2021-02-28,3,3,0,0,0,0,0
JD_11351392,2021-02-28,433,295,336,5,4,1,3
JD_11351390,2021-02-28,0,0,0,0,0,0,0
JD_11351389,2021-02-28,1,1,1,0,0,0,0
JD_11351387,2021-02-28,0,0,0,0,0,0,0
JD_11351386,2021-02-28,0,0,0,0,0,0,0
JD_11351383,2021-02-28,3,1,3,0,0,0,0
JD_11351382,2021-02-28,1,0,0,1,0,0,0
JD_11351377,2021-02-28,0,0,0,0,0,0,0
JD_11351376,2021-02-28,37,26,22,0,1,0,0
JD_11351374,2021-02-28,0,0,0,0,0,0,0
JD_11351371,2021-02-28,100,75,55,1,0,0,0
JD_11351370,2021-02-28,25,14,17,0,0,0,0
JD_11351369,2021-02-28,3,0,3,0,0,0,0
JD_11351367,2021-02-28,0,0,0,0,0,0,0
JD_11351365,2021-02-28,35,21,24,0,0,0,0
JD_11351363,2021-02-28,0,0,0,0,0,0,0
JD_11351362,2021-02-28,0,0,0,0,0,0,0
JD_11351361,2021-02-28,1,1,1,0,0,0,0
JD_11351360,2021-02-28,3,1,3,0,0,0,0
JD_11351358,2021-02-28,9,3,9,0,0,0,0
JD_11351357,2021-02-28,20,3,19,0,1,0,0
JD_11351356,2021-02-28,0,0,0,0,0,0,0
