JD_12440264,2021-02-28,459,370,127,1,0,1,0
JD_12440263,2021-02-28,0,0,0,0,0,0,0
JD_12440262,2021-02-28,41,32,13,0,0,0,0
JD_12440261,2021-02-28,0,0,0,0,0,0,0
JD_12440260,2021-02-28,1,1,0,0,0,0,0
JD_12440259,2021-02-28,5,5,4,0,0,0,0
JD_12440258,2021-02-28,52,40,20,0,0,0,1
JD_12440257,2021-02-28,31,27,7,0,0,0,0
JD_12440256,2021-02-28,35,24,20,0,0,0,0
JD_12440255,2021-02-28,193,163,116,0,1,0,0
JD_12440254,2021-02-28,31,23,12,0,0,0,0
JD_12440253,2021-02-28,150,119,44,0,0,1,0
JD_12440252,2021-02-28,583,345,337,1,0,1,4
JD_12440251,2021-02-28,486,402,141,1,0,0,0
JD_12440250,2021-02-28,518,296,321,4,0,1,6
JD_12440249,2021-02-28,115,95,28,0,0,0,1
JD_12440248,2021-02-28,95,67,35,0,0,0,0
JD_12440247,2021-02-28,31,26,30,0,0,0,1
JD_12440246,2021-02-28,136,109,38,0,0,1,0
JD_12440245,2021-02-28,70,58,19,0,0,0,0
JD_12440244,2021-02-28,440,271,258,6,1,1,2
JD_12440243,2021-02-28,9,9,1,0,0,0,0
JD_12440242,2021-02-28,0,0,0,0,0,0,0
JD_12440241,2021-02-28,16,12,6,0,0,0,0
JD_12440239,2021-02-28,4,4,1,0,0,0,0
JD_12440238,2021-02-28,32,23,11,0,0,0,0
JD_12440237,2021-02-28,154,129,37,0,0,0,0
JD_12440236,2021-02-28,3,2,1,0,0,0,0
JD_12440235,2021-02-28,22,17,5,0,0,0,0
JD_12440234,2021-02-28,79,62,35,0,0,0,0
JD_12440233,2021-02-28,94,78,76,0,0,0,1
JD_12440232,2021-02-28,96,76,32,0,0,1,0
JD_12440231,2021-02-28,1,0,1,0,0,0,0
JD_12440230,2021-02-28,59,48,20,0,0,0,0
JD_12440229,2021-02-28,5,4,1,0,0,0,0
JD_12439989,2021-02-28,62,52,18,0,0,0,0
JD_12439988,2021-02-28,19,15,8,0,0,0,0
JD_12439987,2021-02-28,3,1,2,0,0,0,0
JD_12439986,2021-02-28,1665,1377,627,0,0,0,4
JD_12439985,2021-02-28,3,2,1,0,0,0,0
JD_12439984,2021-02-28,425,355,176,0,0,0,2
JD_12439983,2021-02-28,1,1,0,0,0,0,0
JD_12439982,2021-02-28,749,620,426,0,0,0,2
JD_12439981,2021-02-28,10,8,4,0,0,0,0
JD_12439980,2021-02-28,20,15,6,0,0,0,0
JD_12439979,2021-02-28,47,42,7,0,0,0,0
JD_12439978,2021-02-28,0,0,0,0,0,0,0
JD_12439977,2021-02-28,3,3,1,0,0,0,0
JD_12439976,2021-02-28,5,5,0,0,0,0,0
JD_12439975,2021-02-28,190,160,49,1,0,0,0
JD_12439974,2021-02-28,8,5,5,0,0,0,0
JD_12439973,2021-02-28,120562,103930,67617,114,67,126,119
JD_12439972,2021-02-28,75,62,24,0,0,0,0
JD_12439971,2021-02-28,688,562,183,0,1,0,2
JD_12439970,2021-02-28,124,104,45,0,0,1,0
JD_12439969,2021-02-28,39,30,10,0,0,0,0
JD_12439968,2021-02-28,38,32,9,0,0,0,0
JD_12439967,2021-02-28,4374,3643,2529,7,4,9,2
JD_12439966,2021-02-28,76,69,21,0,0,0,0
JD_12439965,2021-02-28,9,9,3,0,0,0,0
JD_12439964,2021-02-28,610,403,415,0,1,0,1
JD_12439963,2021-02-28,11,9,2,0,0,0,0
JD_12439962,2021-02-28,356,174,316,0,0,0,5
JD_12439961,2021-02-28,27,26,2,0,0,0,0
JD_12439960,2021-02-28,361,302,92,0,0,1,1
JD_12439959,2021-02-28,1123,883,371,1,0,2,1
JD_12439958,2021-02-28,1814,1556,452,1,0,5,0
JD_12439957,2021-02-28,1,1,0,0,0,0,0
JD_12439956,2021-02-28,23,22,3,0,0,0,0
JD_12439955,2021-02-28,1,0,1,0,0,0,0
