JD_11619048,2021-02-28,0,0,0,0,0,0,0
JD_11619047,2021-02-28,38,11,37,0,0,0,0
JD_11619046,2021-02-28,5,2,5,0,0,0,0
JD_11619045,2021-02-28,25,10,16,0,0,0,0
JD_11619042,2021-02-28,1158,0,1114,30,14,0,0
JD_11619041,2021-02-28,19,3,17,0,1,0,0
JD_11619040,2021-02-28,25,13,18,0,0,0,0
JD_11619039,2021-02-28,15,1,14,1,0,0,0
JD_11619038,2021-02-28,31,12,25,0,0,0,0
JD_11619035,2021-02-28,100,52,99,0,0,0,1
JD_11619034,2021-02-28,17,2,16,0,1,0,0
JD_11619031,2021-02-28,0,0,0,0,0,0,0
JD_11619030,2021-02-28,169,99,166,0,0,0,2
JD_11619027,2021-02-28,38,10,36,0,0,0,0
JD_11619025,2021-02-28,33,11,30,1,0,0,0
JD_11619024,2021-02-28,97,5,95,1,0,0,0
JD_11619023,2021-02-28,81,36,79,0,0,0,0
JD_11619022,2021-02-28,27,5,27,0,0,0,0
JD_11619021,2021-02-28,29,11,29,0,0,0,0
JD_11619020,2021-02-28,70,1,70,0,0,0,0
JD_11619019,2021-02-28,216,123,205,4,0,0,0
JD_11619018,2021-02-28,579,423,363,4,1,0,1
JD_11619017,2021-02-28,77,33,64,2,0,0,0
JD_11619016,2021-02-28,412,267,225,3,1,0,0
JD_11619015,2021-02-28,6,2,6,0,0,0,0
JD_11619014,2021-02-28,20,1,20,0,0,0,0
JD_11619013,2021-02-28,20,3,20,0,0,0,0
JD_11619012,2021-02-28,45,20,44,0,1,0,1
JD_11619011,2021-02-28,50,15,48,1,1,0,0
JD_11619010,2021-02-28,0,0,0,0,0,0,0
JD_11619009,2021-02-28,112,64,111,0,0,0,0
JD_11619008,2021-02-28,48,2,48,0,0,0,0
JD_11619007,2021-02-28,25,0,25,0,0,0,0
JD_11619006,2021-02-28,41,0,40,0,1,0,1
JD_11619005,2021-02-28,11,4,7,0,0,0,1
JD_11619004,2021-02-28,20,14,17,1,0,0,0
JD_11619003,2021-02-28,58,25,41,1,0,0,0
JD_11619002,2021-02-28,175,70,150,2,0,0,0
JD_11619001,2021-02-28,596,230,583,4,0,0,1
JD_11619000,2021-02-28,47,35,27,0,0,0,0
JD_11618692,2021-02-28,238,116,235,3,0,0,1
JD_11618691,2021-02-28,685,467,487,2,1,1,2
JD_11618689,2021-02-28,5,0,5,0,0,0,0
JD_11618688,2021-02-28,46,21,41,1,0,0,0
JD_11618687,2021-02-28,10,2,8,0,1,0,0
JD_11618686,2021-02-28,3,0,3,0,0,0,0
JD_11618685,2021-02-28,4,4,2,0,0,0,0
JD_11618684,2021-02-28,0,0,0,0,0,0,0
JD_11618682,2021-02-28,6,2,6,0,0,0,0
JD_11618681,2021-02-28,76,30,72,2,1,0,1
JD_11618680,2021-02-28,28,16,14,1,0,0,0
JD_11618679,2021-02-28,15,9,14,0,0,0,0
JD_11618678,2021-02-28,66,26,65,0,0,0,0
JD_11618677,2021-02-28,14,4,14,0,0,0,0
JD_11618676,2021-02-28,2,2,0,0,0,0,0
JD_11618674,2021-02-28,103,57,77,1,0,0,0
JD_11618673,2021-02-28,65,43,42,0,0,0,0
JD_11618671,2021-02-28,31,21,15,1,0,0,0
JD_11618670,2021-02-28,16,8,13,1,0,0,0
JD_11618669,2021-02-28,0,0,0,0,0,0,0
JD_11618668,2021-02-28,2,0,2,0,0,0,0
JD_11618667,2021-02-28,5,3,3,0,0,0,0
JD_11618665,2021-02-28,0,0,0,0,0,0,0
JD_11618664,2021-02-28,2,2,1,0,0,0,0
JD_11618663,2021-02-28,2,2,1,0,0,0,0
JD_11618662,2021-02-28,70,54,42,0,0,0,1
JD_11618661,2021-02-28,0,0,0,0,0,0,0
JD_11618658,2021-02-28,29,9,29,0,0,0,0
JD_11618656,2021-02-28,0,0,0,0,0,0,0
JD_11618654,2021-02-28,5,1,5,0,0,0,0
