JD_11487188,2021-02-28,14,3,14,0,0,0,0
JD_11487187,2021-02-28,7,6,4,0,0,0,0
JD_11487186,2021-02-28,2,2,1,0,0,0,0
JD_11487185,2021-02-28,210,124,144,2,1,0,0
JD_11487184,2021-02-28,1,1,0,0,0,0,0
JD_11487183,2021-02-28,8,3,6,0,0,0,0
JD_11487182,2021-02-28,5,5,2,0,0,0,0
JD_11487181,2021-02-28,3,1,2,0,0,0,0
JD_11487180,2021-02-28,29,17,18,0,0,0,0
JD_11487178,2021-02-28,1710,988,1285,8,3,0,7
JD_11487177,2021-02-28,1856,1131,1554,6,1,5,4
JD_11487176,2021-02-28,31,11,27,1,0,0,0
JD_11487175,2021-02-28,119,83,67,0,1,0,0
JD_11487174,2021-02-28,132,0,125,5,2,0,0
JD_11487173,2021-02-28,9,3,8,1,0,0,0
JD_11487172,2021-02-28,440,258,398,7,3,0,1
JD_11487171,2021-02-28,11,1,10,1,0,0,0
JD_11487170,2021-02-28,85,24,73,1,0,0,0
JD_11487169,2021-02-28,0,0,0,0,0,0,0
JD_11487166,2021-02-28,0,0,0,0,0,0,0
JD_11487165,2021-02-28,0,0,0,0,0,0,0
JD_11487163,2021-02-28,0,0,0,0,0,0,0
JD_11487162,2021-02-28,1,0,1,0,0,0,0
JD_11487161,2021-02-28,13,10,6,0,0,0,0
JD_11487160,2021-02-28,46,19,40,0,0,0,0
JD_11487158,2021-02-28,63,6,62,1,0,0,1
JD_11487157,2021-02-28,810,450,722,3,4,1,2
JD_11487156,2021-02-28,26,9,21,0,1,0,0
JD_11487155,2021-02-28,263,40,254,5,4,0,0
JD_11487154,2021-02-28,68,13,63,2,2,0,1
JD_11487153,2021-02-28,51,46,19,0,0,0,0
JD_11487152,2021-02-28,9,5,6,1,0,0,0
JD_11487151,2021-02-28,144,85,89,2,1,0,2
JD_11487150,2021-02-28,4155,1872,3292,77,69,1,11
JD_11487149,2021-02-28,5,1,5,0,0,0,0
JD_11487148,2021-02-28,5,0,5,0,0,0,0
JD_11487147,2021-02-28,19,7,15,1,0,0,0
JD_11487146,2021-02-28,182,103,117,1,2,0,0
JD_11487145,2021-02-28,127,67,86,1,0,0,0
JD_11487144,2021-02-28,108,58,76,2,0,0,1
JD_11487143,2021-02-28,156,86,89,2,0,0,2
JD_11487142,2021-02-28,143,69,89,1,1,0,1
JD_11487141,2021-02-28,7,5,4,0,0,0,0
JD_11487140,2021-02-28,0,0,0,0,0,0,0
JD_11487139,2021-02-28,196,90,155,1,2,0,0
JD_11487138,2021-02-28,444,155,362,10,2,0,0
JD_11487137,2021-02-28,139,67,105,4,0,0,0
JD_11487136,2021-02-28,5,3,2,0,0,0,0
JD_11487135,2021-02-28,0,0,0,0,0,0,0
JD_11487134,2021-02-28,207,178,133,2,0,0,0
JD_11487133,2021-02-28,190,135,128,0,0,1,0
JD_11487132,2021-02-28,23,19,8,0,0,0,0
JD_11487131,2021-02-28,501,394,185,3,2,1,1
JD_11487130,2021-02-28,136,67,95,1,1,0,0
JD_11487129,2021-02-28,303,246,181,0,0,2,0
JD_11487128,2021-02-28,271,208,195,0,0,0,1
JD_11487127,2021-02-28,231,128,158,1,3,0,1
JD_11487126,2021-02-28,12,0,11,1,0,0,0
JD_11487125,2021-02-28,4,1,4,0,0,0,0
JD_11487124,2021-02-28,9,3,9,0,0,0,0
JD_11487123,2021-02-28,7,1,7,0,0,0,0
JD_11487121,2021-02-28,0,0,0,0,0,0,0
JD_11487117,2021-02-28,137,9,133,4,0,0,0
JD_11487115,2021-02-28,106,19,91,1,0,0,0
JD_11487111,2021-02-28,661,324,535,2,0,0,2
JD_11487110,2021-02-28,871,401,697,7,6,1,4
JD_11487108,2021-02-28,3556,2349,1965,1,3,3,9
JD_11487107,2021-02-28,234,2,226,7,1,0,0
JD_11487105,2021-02-28,3,2,1,0,0,0,0
JD_11487104,2021-02-28,6,1,6,0,0,0,0
