JD_11498597,2021-02-28,1,1,0,0,0,0,0
JD_11498595,2021-02-28,17,12,17,0,0,0,0
JD_11498594,2021-02-28,69,50,30,0,0,0,0
JD_11498593,2021-02-28,5,3,2,0,0,0,0
JD_11498592,2021-02-28,1,1,0,0,0,0,0
JD_11498591,2021-02-28,49,16,48,0,0,0,1
JD_11498577,2021-02-28,0,0,0,0,0,0,0
JD_11498576,2021-02-28,812,665,524,1,1,1,1
JD_11498575,2021-02-28,24,19,7,0,1,0,0
JD_11498574,2021-02-28,0,0,0,0,0,0,0
JD_11498573,2021-02-28,113,71,64,0,0,0,0
JD_11498572,2021-02-28,101,8,99,0,1,0,0
JD_11498571,2021-02-28,11,9,2,0,1,0,0
JD_11498569,2021-02-28,55,51,29,0,0,0,0
JD_11498568,2021-02-28,21,17,11,0,0,0,0
JD_11498567,2021-02-28,0,0,0,0,0,0,0
JD_11498566,2021-02-28,7,5,4,0,0,0,0
JD_11498565,2021-02-28,1,1,1,0,0,0,0
JD_11498564,2021-02-28,16,15,6,0,1,0,0
JD_11498563,2021-02-28,6,3,5,0,0,0,0
JD_11498562,2021-02-28,1,1,1,0,0,0,0
JD_11498561,2021-02-28,0,0,0,0,0,0,0
JD_11498560,2021-02-28,0,0,0,0,0,0,0
JD_11498559,2021-02-28,2,1,2,0,0,0,0
JD_11498558,2021-02-28,3,1,3,0,0,0,0
JD_11498556,2021-02-28,1,0,1,0,0,0,0
JD_11498554,2021-02-28,60,33,60,0,0,0,0
JD_11498551,2021-02-28,23,15,13,0,0,0,0
JD_11498550,2021-02-28,66,41,36,0,0,0,0
JD_11498545,2021-02-28,24,13,18,0,0,0,0
JD_11498544,2021-02-28,1,1,0,0,0,0,0
JD_11498543,2021-02-28,7,6,5,0,0,0,0
JD_11498542,2021-02-28,50,29,50,0,0,0,1
JD_11498541,2021-02-28,11,9,5,0,0,0,0
JD_11498540,2021-02-28,12,9,8,0,0,0,0
JD_11498539,2021-02-28,10,7,7,0,0,0,1
JD_11498538,2021-02-28,46,40,19,0,0,0,0
JD_11498537,2021-02-28,4,1,3,0,0,0,0
JD_11498536,2021-02-28,9947,5401,7424,28,14,6,15
JD_11498535,2021-02-28,2,0,2,0,0,0,0
JD_11498534,2021-02-28,32,19,21,0,0,0,0
JD_11498533,2021-02-28,1,0,1,0,0,0,0
JD_11498532,2021-02-28,11,0,11,0,0,0,0
JD_11498531,2021-02-28,84,65,57,0,0,0,1
JD_11498530,2021-02-28,30,18,15,0,0,0,1
JD_11498529,2021-02-28,21,14,10,1,0,0,0
JD_11498528,2021-02-28,5,0,5,0,0,0,0
JD_11498527,2021-02-28,53,38,36,0,0,0,0
JD_11498526,2021-02-28,4,4,2,0,0,0,0
JD_11498525,2021-02-28,22,15,11,0,0,0,0
JD_11498524,2021-02-28,1,0,1,0,0,0,0
JD_11498523,2021-02-28,12,10,6,0,0,0,0
JD_11498522,2021-02-28,15,12,10,0,0,0,0
JD_11498521,2021-02-28,9,5,6,1,0,0,0
JD_11498520,2021-02-28,7,4,6,0,0,0,0
JD_11498519,2021-02-28,22,14,13,0,0,0,0
JD_11498517,2021-02-28,1,1,0,0,0,0,0
JD_11498516,2021-02-28,12,9,6,0,0,0,0
JD_11498515,2021-02-28,13,5,9,1,0,0,0
JD_11498514,2021-02-28,13,10,7,0,0,0,0
JD_11498513,2021-02-28,8,6,4,1,0,0,0
JD_11498512,2021-02-28,6,4,3,0,0,0,0
JD_11498511,2021-02-28,18,11,9,1,0,0,0
JD_11498510,2021-02-28,21,15,13,0,0,0,0
JD_11498509,2021-02-28,14,9,7,1,0,0,0
JD_11498508,2021-02-28,16,10,9,1,0,0,0
JD_11498507,2021-02-28,17,10,9,1,0,0,0
JD_11498506,2021-02-28,1,1,0,0,0,0,0
JD_11498505,2021-02-28,0,0,0,0,0,0,0
JD_11498503,2021-02-28,2,2,1,0,0,0,0
