JD_11582298,2021-02-28,0,0,0,0,0,0,0
JD_11582297,2021-02-28,0,0,0,0,0,0,0
JD_11582296,2021-02-28,0,0,0,0,0,0,0
JD_11582295,2021-02-28,1,1,0,0,0,0,0
JD_11582294,2021-02-28,0,0,0,0,0,0,0
JD_11582293,2021-02-28,0,0,0,0,0,0,0
JD_11582292,2021-02-28,1,1,0,0,0,0,0
JD_11582290,2021-02-28,0,0,0,0,0,0,0
JD_11582289,2021-02-28,2,2,0,0,0,0,0
JD_11582288,2021-02-28,2,1,1,0,0,0,0
JD_11582287,2021-02-28,0,0,0,0,0,0,0
JD_11582286,2021-02-28,1,1,1,0,0,0,0
JD_11582285,2021-02-28,0,0,0,0,0,0,0
JD_11582284,2021-02-28,3,2,2,0,0,0,1
JD_11582282,2021-02-28,1,0,1,0,0,0,0
JD_11582281,2021-02-28,0,0,0,0,0,0,0
JD_11582280,2021-02-28,0,0,0,0,0,0,0
JD_11582279,2021-02-28,0,0,0,0,0,0,0
JD_11582278,2021-02-28,2,0,2,0,0,0,0
JD_11582277,2021-02-28,0,0,0,0,0,0,0
JD_11582276,2021-02-28,0,0,0,0,0,0,0
JD_11582275,2021-02-28,1,0,1,0,0,0,0
JD_11582274,2021-02-28,1,1,0,0,0,0,0
JD_11582273,2021-02-28,1,1,1,0,0,0,0
JD_11582272,2021-02-28,0,0,0,0,0,0,0
JD_11582270,2021-02-28,0,0,0,0,0,0,0
JD_11582269,2021-02-28,0,0,0,0,0,0,0
JD_11582268,2021-02-28,1,0,1,0,0,0,0
JD_11582267,2021-02-28,0,0,0,0,0,0,0
JD_11582265,2021-02-28,1,1,1,0,0,0,0
JD_11582264,2021-02-28,1,0,1,0,0,0,0
JD_11582263,2021-02-28,0,0,0,0,0,0,0
JD_11582262,2021-02-28,0,0,0,0,0,0,0
JD_11582261,2021-02-28,3,2,3,0,0,0,0
JD_11582260,2021-02-28,4,2,4,0,0,0,0
JD_11582259,2021-02-28,2,1,1,0,0,0,0
JD_11582258,2021-02-28,2,1,1,0,0,0,0
JD_11582257,2021-02-28,0,0,0,0,0,0,0
JD_11582256,2021-02-28,0,0,0,0,0,0,0
JD_11582255,2021-02-28,2,1,1,0,0,0,0
JD_11581936,2021-02-28,0,0,0,0,0,0,0
JD_11581935,2021-02-28,0,0,0,0,0,0,0
JD_11581934,2021-02-28,14,7,10,1,0,0,0
JD_11581933,2021-02-28,11,7,9,0,0,0,0
JD_11581932,2021-02-28,62,6,61,1,0,0,0
JD_11581931,2021-02-28,3,0,2,1,0,0,0
JD_11581930,2021-02-28,0,0,0,0,0,0,0
JD_11581929,2021-02-28,0,0,0,0,0,0,0
JD_11581928,2021-02-28,1,1,0,0,0,0,0
JD_11581927,2021-02-28,2,2,0,0,0,0,0
JD_11581926,2021-02-28,0,0,0,0,0,0,0
JD_11581925,2021-02-28,0,0,0,0,0,0,0
JD_11581924,2021-02-28,0,0,0,0,0,0,0
JD_11581923,2021-02-28,0,0,0,0,0,0,0
JD_11581922,2021-02-28,3,1,3,0,0,0,0
JD_11581921,2021-02-28,0,0,0,0,0,0,0
JD_11581920,2021-02-28,0,0,0,0,0,0,0
JD_11581919,2021-02-28,0,0,0,0,0,0,0
JD_11581918,2021-02-28,0,0,0,0,0,0,0
JD_11581917,2021-02-28,0,0,0,0,0,0,0
JD_11581916,2021-02-28,0,0,0,0,0,0,0
JD_11581915,2021-02-28,11,8,4,0,0,0,0
JD_11581914,2021-02-28,0,0,0,0,0,0,0
JD_11581913,2021-02-28,0,0,0,0,0,0,0
JD_11581912,2021-02-28,0,0,0,0,0,0,0
JD_11581911,2021-02-28,2,1,1,0,0,0,0
JD_11581909,2021-02-28,0,0,0,0,0,0,0
JD_11581908,2021-02-28,0,0,0,0,0,0,0
JD_11581907,2021-02-28,0,0,0,0,0,0,0
JD_11581906,2021-02-28,0,0,0,0,0,0,0
