JD_11496374,2021-02-28,0,0,0,0,0,0,0
JD_11496373,2021-02-28,1,0,1,0,0,0,0
JD_11496372,2021-02-28,3,3,0,0,0,0,0
JD_11496371,2021-02-28,1,1,1,0,0,0,0
JD_11496370,2021-02-28,0,0,0,0,0,0,0
JD_11496369,2021-02-28,1,1,0,0,0,0,0
JD_11496366,2021-02-28,3,3,1,0,0,0,0
JD_11496363,2021-02-28,0,0,0,0,0,0,0
JD_11496361,2021-02-28,9,0,9,0,0,0,0
JD_11496360,2021-02-28,1,1,0,0,0,0,0
JD_11496356,2021-02-28,2,1,1,1,0,0,0
JD_11496346,2021-02-28,7,5,4,0,0,0,0
JD_11496345,2021-02-28,7,1,7,0,0,0,0
JD_11496343,2021-02-28,2,1,2,0,0,0,0
JD_11496341,2021-02-28,0,0,0,0,0,0,0
JD_11496339,2021-02-28,50,8,45,0,1,0,0
JD_11496338,2021-02-28,1,1,0,0,0,0,0
JD_11496336,2021-02-28,0,0,0,0,0,0,0
JD_11496335,2021-02-28,14,10,7,0,0,0,1
JD_11496334,2021-02-28,22,6,20,0,0,0,0
JD_11496329,2021-02-28,0,0,0,0,0,0,0
JD_11496327,2021-02-28,8,1,8,0,0,0,0
JD_11496325,2021-02-28,43,36,15,0,0,0,0
JD_11496320,2021-02-28,7,1,7,0,0,0,0
JD_11496318,2021-02-28,29,0,27,2,0,0,0
JD_11496313,2021-02-28,27,2,26,1,0,0,0
JD_11496312,2021-02-28,34,23,12,0,0,0,0
JD_11496311,2021-02-28,65,44,55,0,1,0,0
JD_11496310,2021-02-28,290,211,254,0,1,0,0
JD_11496309,2021-02-28,2,2,1,0,0,0,0
JD_11496307,2021-02-28,13,2,13,0,0,0,0
JD_11496306,2021-02-28,940,647,920,3,3,1,4
JD_11496304,2021-02-28,3,0,3,0,0,0,0
JD_11496303,2021-02-28,16,10,8,1,0,0,0
JD_11496300,2021-02-28,46,16,40,0,1,0,0
JD_11496299,2021-02-28,3,1,2,0,0,0,0
JD_11496298,2021-02-28,5,4,4,0,0,0,0
JD_11496297,2021-02-28,4,3,4,0,0,0,0
JD_11496296,2021-02-28,1,0,1,0,0,0,0
JD_11496295,2021-02-28,0,0,0,0,0,0,0
JD_11496294,2021-02-28,0,0,0,0,0,0,0
JD_11496291,2021-02-28,44,34,43,0,1,0,0
JD_11496290,2021-02-28,36,28,21,0,0,0,0
JD_11496288,2021-02-28,5,3,4,1,0,0,0
JD_11496287,2021-02-28,2,0,2,0,0,0,0
JD_11496286,2021-02-28,7,3,7,0,0,0,0
JD_11496285,2021-02-28,1,0,1,0,0,0,0
JD_11496284,2021-02-28,6,1,5,0,0,0,0
JD_11496283,2021-02-28,34,13,27,0,0,0,0
JD_11496282,2021-02-28,542,402,229,5,3,1,2
JD_11496281,2021-02-28,1,0,1,0,0,0,0
JD_11496280,2021-02-28,18,14,9,0,0,0,0
JD_11496279,2021-02-28,8,5,5,0,0,0,0
JD_11496277,2021-02-28,1884,1581,733,7,7,0,2
JD_11496276,2021-02-28,6,3,5,0,0,0,0
JD_11496274,2021-02-28,43,30,22,0,0,0,0
JD_11496273,2021-02-28,32,17,28,0,0,0,0
JD_11496272,2021-02-28,576,430,431,1,2,0,1
JD_11496271,2021-02-28,1,1,0,0,0,0,0
JD_11496270,2021-02-28,1,1,0,0,0,0,0
JD_11496269,2021-02-28,7,4,4,0,0,0,0
JD_11496268,2021-02-28,88,65,48,0,1,0,0
JD_11496267,2021-02-28,45,15,44,0,0,0,0
JD_11496266,2021-02-28,204,0,189,7,8,0,0
JD_11496265,2021-02-28,79,2,72,4,2,0,1
JD_11496264,2021-02-28,96,1,90,4,2,0,0
JD_11496262,2021-02-28,69,2,62,4,2,0,1
JD_11496261,2021-02-28,1669,1255,944,9,3,1,4
JD_11496259,2021-02-28,56,24,39,1,0,0,0
JD_11496258,2021-02-28,246,87,242,0,3,0,0
