JD_11436296,2021-02-28,3,2,2,0,0,0,0
JD_11436295,2021-02-28,1,0,1,0,0,0,0
JD_11436294,2021-02-28,255,37,222,4,3,0,0
JD_11436293,2021-02-28,24,20,15,0,1,0,0
JD_11436292,2021-02-28,61,44,39,0,0,0,0
JD_11436291,2021-02-28,1,1,1,0,0,0,0
JD_11436290,2021-02-28,94,70,47,1,1,0,1
JD_11436289,2021-02-28,395,327,207,2,2,0,1
JD_11436288,2021-02-28,28,20,17,0,0,0,0
JD_11436287,2021-02-28,51,0,48,1,2,0,0
JD_11436286,2021-02-28,75,40,54,1,1,0,0
JD_11436285,2021-02-28,33,2,32,1,0,0,0
JD_11436284,2021-02-28,4,1,2,1,0,0,0
JD_11436283,2021-02-28,26,14,25,0,0,0,0
JD_11436282,2021-02-28,402,12,388,10,3,0,0
JD_11436276,2021-02-28,222,8,219,1,2,0,1
JD_11436275,2021-02-28,1,1,1,0,0,0,0
JD_11436273,2021-02-28,5,2,5,0,0,0,0
JD_11436272,2021-02-28,6,0,6,0,0,0,0
JD_11436271,2021-02-28,1,1,1,0,0,0,0
JD_11436270,2021-02-28,9,7,3,0,1,0,0
JD_11436269,2021-02-28,17,11,8,0,0,0,0
JD_11436268,2021-02-28,0,0,0,0,0,0,0
JD_11436266,2021-02-28,10,0,10,0,0,0,0
JD_11436265,2021-02-28,6,4,5,0,0,0,0
JD_11436264,2021-02-28,14,0,14,0,0,0,0
JD_11436263,2021-02-28,311,101,295,8,6,0,1
JD_11436262,2021-02-28,23,11,21,0,1,0,0
JD_11436261,2021-02-28,17,15,13,0,0,0,0
JD_11436260,2021-02-28,4,2,4,0,0,0,0
JD_11436259,2021-02-28,3,1,1,0,1,0,0
JD_11436258,2021-02-28,2,0,2,0,0,0,0
JD_11436257,2021-02-28,5,0,4,1,0,0,0
JD_11436254,2021-02-28,2,0,2,0,0,0,0
JD_11436252,2021-02-28,1,1,1,0,0,0,0
JD_11436251,2021-02-28,1,1,1,0,0,0,0
JD_11436250,2021-02-28,2,1,2,0,0,0,0
JD_11436249,2021-02-28,66,48,45,0,0,0,0
JD_11436248,2021-02-28,0,0,0,0,0,0,0
JD_11436246,2021-02-28,1,1,1,0,0,0,0
JD_11436243,2021-02-28,8,5,4,0,0,0,0
JD_11436242,2021-02-28,82,56,51,0,0,0,1
JD_11436241,2021-02-28,40,24,21,0,0,0,0
JD_11436240,2021-02-28,0,0,0,0,0,0,0
JD_11436235,2021-02-28,0,0,0,0,0,0,0
JD_11436234,2021-02-28,13,11,9,0,0,0,0
JD_11436233,2021-02-28,33,26,16,0,0,0,0
JD_11436229,2021-02-28,0,0,0,0,0,0,0
JD_11436226,2021-02-28,9,9,0,0,0,0,0
JD_11436225,2021-02-28,0,0,0,0,0,0,0
JD_11436223,2021-02-28,0,0,0,0,0,0,0
JD_11436222,2021-02-28,11,3,10,1,0,0,0
JD_11436220,2021-02-28,530,382,320,1,0,1,1
JD_11436218,2021-02-28,24,18,16,0,0,0,0
JD_11436214,2021-02-28,0,0,0,0,0,0,0
JD_11436213,2021-02-28,31,23,16,1,0,0,0
JD_11436212,2021-02-28,495,352,316,1,1,0,0
JD_11436210,2021-02-28,21,14,9,0,0,0,0
JD_11436209,2021-02-28,14,3,12,1,1,0,0
JD_11436208,2021-02-28,0,0,0,0,0,0,0
JD_11436207,2021-02-28,115,90,108,0,0,0,0
JD_11436205,2021-02-28,0,0,0,0,0,0,0
JD_11436200,2021-02-28,1,0,0,1,0,0,0
JD_11436199,2021-02-28,0,0,0,0,0,0,0
JD_11436197,2021-02-28,6,0,5,1,0,0,0
JD_11436195,2021-02-28,9,0,7,1,1,0,0
JD_11436193,2021-02-28,13,3,10,0,0,0,0
JD_11436192,2021-02-28,0,0,0,0,0,0,0
JD_11436191,2021-02-28,1,1,0,0,0,0,0
JD_11436189,2021-02-28,12,3,11,1,0,0,0
