JD_11402831,2021-02-28,3,2,1,0,0,0,0
JD_11402830,2021-02-28,2,2,0,0,0,0,0
JD_11402829,2021-02-28,107,84,62,0,0,1,1
JD_11402828,2021-02-28,7,4,4,0,0,0,0
JD_11402827,2021-02-28,3,3,2,0,0,0,0
JD_11402826,2021-02-28,296,250,116,0,0,0,0
JD_11402825,2021-02-28,11,6,5,1,0,0,0
JD_11402824,2021-02-28,648,512,359,0,0,0,0
JD_11402823,2021-02-28,106,89,46,0,0,0,0
JD_11402822,2021-02-28,2,2,2,0,0,0,0
JD_11402820,2021-02-28,74,27,72,0,2,0,0
JD_11402819,2021-02-28,8,2,7,0,0,0,0
JD_11402818,2021-02-28,13,11,6,0,0,0,0
JD_11402817,2021-02-28,0,0,0,0,0,0,0
JD_11402815,2021-02-28,11,6,8,0,0,0,0
JD_11402814,2021-02-28,21,6,20,1,0,0,0
JD_11402812,2021-02-28,5,3,3,0,0,0,0
JD_11402811,2021-02-28,4,3,4,0,0,0,0
JD_11402810,2021-02-28,46,0,43,3,0,0,0
JD_11402809,2021-02-28,5,2,3,0,0,0,0
JD_11402808,2021-02-28,29,9,29,0,0,0,0
JD_11402807,2021-02-28,35,0,35,0,0,0,0
JD_11402806,2021-02-28,32,0,31,1,0,0,0
JD_11402805,2021-02-28,33,0,33,0,0,0,0
JD_11402804,2021-02-28,28,5,26,1,1,0,0
JD_11402803,2021-02-28,13,8,6,0,0,0,0
JD_11402802,2021-02-28,6,2,3,1,0,0,0
JD_11402801,2021-02-28,343,150,286,2,1,0,0
JD_11402800,2021-02-28,0,0,0,0,0,0,0
JD_11402798,2021-02-28,108,0,102,6,0,0,0
JD_11402797,2021-02-28,6,2,6,0,0,0,0
JD_11402796,2021-02-28,5,1,5,0,0,0,0
JD_11402795,2021-02-28,5,0,5,0,0,0,0
JD_11402790,2021-02-28,1,1,0,0,0,0,0
JD_11402789,2021-02-28,134,103,70,1,0,0,0
JD_11402787,2021-02-28,142,35,126,1,0,0,0
JD_11402786,2021-02-28,3592,2403,2077,8,3,1,5
JD_11402785,2021-02-28,27,2,25,0,0,0,0
JD_11402784,2021-02-28,723,296,609,3,0,2,2
JD_11402783,2021-02-28,63,1,57,5,1,0,0
JD_11402782,2021-02-28,32,2,30,2,0,0,0
JD_11402781,2021-02-28,3,1,2,0,0,0,0
JD_11402778,2021-02-28,88,16,87,0,1,0,0
JD_11402777,2021-02-28,66,7,63,2,1,0,0
JD_11402776,2021-02-28,29,18,14,0,0,0,0
JD_11402775,2021-02-28,32,4,31,0,0,0,0
JD_11402774,2021-02-28,32,12,29,1,0,0,0
JD_11402773,2021-02-28,42,25,27,0,0,0,0
JD_11402772,2021-02-28,32,21,15,0,0,0,2
JD_11402771,2021-02-28,12,10,6,1,0,0,0
JD_11402770,2021-02-28,12,7,12,0,0,0,0
JD_11402769,2021-02-28,81,39,56,0,0,0,1
JD_11402768,2021-02-28,10,4,10,0,0,0,0
JD_11402767,2021-02-28,1,1,0,0,0,0,0
JD_11402766,2021-02-28,8,0,8,0,0,0,0
JD_11402765,2021-02-28,43,12,41,0,0,0,0
JD_11402763,2021-02-28,18,0,17,0,1,0,0
JD_11402758,2021-02-28,11,6,7,0,0,0,0
JD_11402752,2021-02-28,28,9,24,0,0,0,0
JD_11402750,2021-02-28,424,0,417,5,2,0,0
JD_11402747,2021-02-28,11,5,6,2,0,0,0
JD_11402745,2021-02-28,3,3,0,0,0,0,0
JD_11402744,2021-02-28,24,0,23,1,0,0,0
JD_11402743,2021-02-28,10,4,6,1,0,0,0
JD_11402741,2021-02-28,43,24,28,1,0,0,0
JD_11402740,2021-02-28,8,5,5,0,0,0,0
JD_11402739,2021-02-28,150,96,122,0,0,0,0
JD_11402738,2021-02-28,6,5,5,0,0,0,0
JD_11402735,2021-02-28,2,2,2,0,0,0,0
JD_11402734,2021-02-28,14,8,11,0,0,0,0
