JD_11320820,2021-02-28,30,14,22,0,0,0,0
JD_11320814,2021-02-28,4,3,3,0,0,0,0
JD_11320812,2021-02-28,0,0,0,0,0,0,0
JD_11320811,2021-02-28,0,0,0,0,0,0,0
JD_11320810,2021-02-28,0,0,0,0,0,0,0
JD_11320808,2021-02-28,6,2,6,0,0,0,0
JD_11320807,2021-02-28,5,2,3,0,0,0,0
JD_11320805,2021-02-28,0,0,0,0,0,0,0
JD_11320800,2021-02-28,0,0,0,0,0,0,0
JD_11320796,2021-02-28,0,0,0,0,0,0,0
JD_11320793,2021-02-28,0,0,0,0,0,0,0
JD_11320791,2021-02-28,0,0,0,0,0,0,0
JD_11320788,2021-02-28,0,0,0,0,0,0,0
JD_11320787,2021-02-28,0,0,0,0,0,0,0
JD_11320786,2021-02-28,0,0,0,0,0,0,0
JD_11320784,2021-02-28,0,0,0,0,0,0,0
JD_11320783,2021-02-28,0,0,0,0,0,0,0
JD_11320780,2021-02-28,149,0,147,2,0,0,0
JD_11320779,2021-02-28,0,0,0,0,0,0,0
JD_11320778,2021-02-28,0,0,0,0,0,0,0
JD_11320776,2021-02-28,32,0,32,0,0,0,0
JD_11320775,2021-02-28,117,0,107,6,4,0,0
JD_11320774,2021-02-28,104,14,101,2,0,0,0
JD_11320773,2021-02-28,84,0,81,1,2,0,0
JD_11320772,2021-02-28,27,8,26,0,1,0,0
JD_11320771,2021-02-28,65,14,64,1,0,0,0
JD_11320769,2021-02-28,3,1,3,0,0,0,0
JD_11320768,2021-02-28,76,34,74,0,0,1,0
JD_11320767,2021-02-28,374,192,313,5,0,0,0
JD_11320765,2021-02-28,1,0,1,0,0,0,0
JD_11320764,2021-02-28,124,98,60,0,0,0,1
JD_11320762,2021-02-28,83,9,82,0,0,0,0
JD_11320761,2021-02-28,131,59,124,1,0,0,0
JD_11320760,2021-02-28,1,1,1,0,0,0,0
JD_11320759,2021-02-28,6,3,3,1,1,0,0
JD_11320758,2021-02-28,3,2,3,0,0,0,0
JD_11320757,2021-02-28,0,0,0,0,0,0,0
JD_11320756,2021-02-28,3,3,0,0,0,0,0
JD_11320754,2021-02-28,2,2,2,0,0,0,0
JD_11320753,2021-02-28,3,0,3,0,0,0,0
JD_11320751,2021-02-28,3,1,3,0,0,0,0
JD_11320750,2021-02-28,2,1,1,0,0,0,0
JD_11320749,2021-02-28,4,4,1,0,0,0,0
JD_11320748,2021-02-28,32,0,30,0,2,0,0
JD_11320747,2021-02-28,19,12,16,0,0,0,0
JD_11320746,2021-02-28,5,4,5,0,0,0,0
JD_11320745,2021-02-28,6,2,5,1,0,0,0
JD_11320744,2021-02-28,40,21,39,0,0,0,0
JD_11320742,2021-02-28,13,7,13,0,0,0,0
JD_11320741,2021-02-28,13,7,13,0,0,0,0
JD_11320740,2021-02-28,9,4,8,0,0,0,0
JD_11320739,2021-02-28,15,6,15,0,0,0,0
JD_11320738,2021-02-28,38,27,29,0,0,0,0
JD_11320737,2021-02-28,6,2,4,0,0,0,0
JD_11320736,2021-02-28,4,2,2,0,0,0,0
JD_11320735,2021-02-28,16,0,16,0,0,0,0
JD_11320734,2021-02-28,63,43,46,0,0,0,0
JD_11320733,2021-02-28,12,5,10,2,0,0,0
JD_11320732,2021-02-28,2,1,1,0,0,0,0
JD_11320731,2021-02-28,1,1,1,0,0,0,0
JD_11320730,2021-02-28,7,6,3,0,0,0,0
JD_11320729,2021-02-28,1,1,0,0,0,0,0
JD_11320727,2021-02-28,4,3,1,0,0,0,0
JD_11320726,2021-02-28,0,0,0,0,0,0,0
JD_11320725,2021-02-28,2,0,2,0,0,0,0
JD_11320724,2021-02-28,9,5,5,0,0,0,1
JD_11320722,2021-02-28,7,5,2,0,0,0,0
JD_11320721,2021-02-28,1,0,1,0,0,0,0
JD_11320720,2021-02-28,5,0,4,1,0,0,0
JD_11320718,2021-02-28,0,0,0,0,0,0,0
