JD_12069718,2021-02-28,0,0,0,0,0,0,0
JD_12069717,2021-02-28,3,3,2,0,0,0,0
JD_12069716,2021-02-28,116,72,96,0,0,0,1
JD_12069715,2021-02-28,2,2,0,0,0,0,0
JD_12069713,2021-02-28,1,1,0,0,0,0,0
JD_12069711,2021-02-28,5,4,2,0,0,0,0
JD_12069710,2021-02-28,0,0,0,0,0,0,0
JD_12069709,2021-02-28,4,2,3,0,0,0,0
JD_12069708,2021-02-28,1,1,1,0,0,0,0
JD_12069707,2021-02-28,1468,1205,920,4,2,0,5
JD_12069706,2021-02-28,50,0,50,0,0,0,0
JD_12069705,2021-02-28,208,138,153,0,0,0,2
JD_12069704,2021-02-28,14,7,11,0,0,0,0
JD_12069703,2021-02-28,59,0,59,0,0,0,1
JD_12069702,2021-02-28,1,1,1,0,0,0,0
JD_12069701,2021-02-28,30,2,30,0,0,0,0
JD_12069700,2021-02-28,6,5,2,0,0,0,0
JD_12069699,2021-02-28,4,1,3,0,1,0,0
JD_12069698,2021-02-28,7,7,5,0,0,0,0
JD_12069697,2021-02-28,83,66,81,0,0,1,0
JD_12069696,2021-02-28,3,3,3,0,0,0,0
JD_12069695,2021-02-28,0,0,0,0,0,0,0
JD_12069694,2021-02-28,39,33,13,0,0,0,0
JD_12069693,2021-02-28,39,30,39,0,0,0,0
JD_12069692,2021-02-28,122,92,67,0,0,0,0
JD_12069691,2021-02-28,28,24,28,0,0,0,0
JD_12069690,2021-02-28,31,25,11,0,0,0,0
JD_12069689,2021-02-28,10,8,8,0,0,0,0
JD_12069688,2021-02-28,50,42,17,0,0,0,0
JD_12069687,2021-02-28,4,4,1,0,0,0,0
JD_12069686,2021-02-28,24,14,18,0,0,0,0
JD_12069685,2021-02-28,3,2,1,0,0,0,0
JD_12069684,2021-02-28,49,9,47,2,0,0,1
JD_12069683,2021-02-28,12,8,8,0,0,0,0
JD_12069682,2021-02-28,2,0,2,0,0,0,0
JD_12069681,2021-02-28,13,13,13,0,0,0,0
JD_12069680,2021-02-28,5,0,5,0,0,0,0
JD_12069679,2021-02-28,6,3,6,0,0,0,0
JD_12069678,2021-02-28,113,101,34,0,0,0,0
JD_12064066,2021-02-28,18,14,7,0,0,0,0
JD_12064065,2021-02-28,8,0,8,0,0,0,0
JD_12064064,2021-02-28,21,17,10,0,0,0,0
JD_12064063,2021-02-28,0,0,0,0,0,0,0
JD_12064062,2021-02-28,33,20,30,1,1,0,0
JD_12064061,2021-02-28,23,0,22,1,0,0,0
JD_12064060,2021-02-28,0,0,0,0,0,0,0
JD_12064059,2021-02-28,25,14,25,0,0,0,0
JD_12064057,2021-02-28,17,0,17,0,0,0,0
JD_12064056,2021-02-28,46,37,24,0,0,0,0
JD_12064055,2021-02-28,47,11,47,0,0,0,0
JD_12064054,2021-02-28,7,6,4,0,0,0,0
JD_12064053,2021-02-28,0,0,0,0,0,0,0
JD_12064052,2021-02-28,0,0,0,0,0,0,0
JD_12064051,2021-02-28,1137,722,829,4,1,3,4
JD_12064050,2021-02-28,0,0,0,0,0,0,0
JD_12064049,2021-02-28,24936,20155,18332,39,18,16,57
JD_12064048,2021-02-28,0,0,0,0,0,0,0
JD_12064047,2021-02-28,1200,668,1185,9,5,1,6
JD_12064046,2021-02-28,24,17,16,0,0,0,0
JD_12064045,2021-02-28,11,0,11,0,0,0,0
JD_12064044,2021-02-28,2,2,0,0,0,0,0
JD_12064043,2021-02-28,4,4,1,0,0,0,0
JD_12064042,2021-02-28,18,9,18,0,0,0,0
JD_12064041,2021-02-28,62,52,33,0,0,0,0
JD_12064040,2021-02-28,2,1,2,0,0,0,0
JD_12064039,2021-02-28,31,24,16,0,1,1,0
JD_12064038,2021-02-28,7,6,4,0,0,0,0
JD_12064037,2021-02-28,0,0,0,0,0,0,0
JD_12064036,2021-02-28,68,49,39,1,0,0,0
JD_12064035,2021-02-28,27,23,14,0,0,0,0
