JD_11518719,2021-02-28,0,0,0,0,0,0,0
JD_11518717,2021-02-28,11,10,1,0,0,0,0
JD_11518716,2021-02-28,43,25,43,0,0,0,0
JD_11518715,2021-02-28,98,51,70,2,0,0,1
JD_11518714,2021-02-28,0,0,0,0,0,0,0
JD_11518712,2021-02-28,38,22,25,1,0,1,0
JD_11518711,2021-02-28,86,33,69,0,0,0,0
JD_11518710,2021-02-28,62,22,51,2,0,0,1
JD_11518709,2021-02-28,114,53,93,0,0,0,1
JD_11518708,2021-02-28,0,0,0,0,0,0,0
JD_11518707,2021-02-28,0,0,0,0,0,0,0
JD_11518706,2021-02-28,1,0,0,1,0,0,0
JD_11518705,2021-02-28,2,1,2,0,0,0,0
JD_11518704,2021-02-28,0,0,0,0,0,0,0
JD_11518701,2021-02-28,10,7,9,0,0,0,0
JD_11518700,2021-02-28,5,3,3,0,0,0,0
JD_11518699,2021-02-28,190,0,185,4,1,0,0
JD_11518698,2021-02-28,80,67,13,0,0,0,0
JD_11518695,2021-02-28,12,10,7,0,0,0,0
JD_11518693,2021-02-28,1,0,1,0,0,0,0
JD_11518692,2021-02-28,0,0,0,0,0,0,0
JD_11518690,2021-02-28,19,11,11,0,1,0,1
JD_11518688,2021-02-28,37,27,12,0,0,0,0
JD_11518687,2021-02-28,16,12,6,0,0,0,0
JD_11518686,2021-02-28,0,0,0,0,0,0,0
JD_11518683,2021-02-28,4185,2792,2716,25,10,2,6
JD_11518682,2021-02-28,34,2,32,1,0,0,0
JD_11518681,2021-02-28,0,0,0,0,0,0,0
JD_11518680,2021-02-28,0,0,0,0,0,0,0
JD_11518679,2021-02-28,0,0,0,0,0,0,0
JD_11518677,2021-02-28,0,0,0,0,0,0,0
JD_11518676,2021-02-28,5,4,2,0,0,0,0
JD_11518675,2021-02-28,0,0,0,0,0,0,0
JD_11518674,2021-02-28,29,20,15,0,0,0,0
JD_11518673,2021-02-28,5,1,5,0,0,0,0
JD_11518672,2021-02-28,0,0,0,0,0,0,0
JD_11518670,2021-02-28,5,0,4,1,0,0,0
JD_11518668,2021-02-28,29,4,28,0,0,0,0
JD_11518667,2021-02-28,32,5,32,0,0,0,0
JD_11518663,2021-02-28,22,1,22,0,0,0,0
JD_11518662,2021-02-28,31,2,31,0,0,0,0
JD_11518658,2021-02-28,10,9,3,0,0,0,0
JD_11518640,2021-02-28,4,1,4,0,0,0,0
JD_11518639,2021-02-28,9,6,8,0,0,0,0
JD_11518637,2021-02-28,48,12,44,3,0,0,0
JD_11518636,2021-02-28,0,0,0,0,0,0,0
JD_11518635,2021-02-28,14,6,14,0,0,0,0
JD_11518633,2021-02-28,1,0,1,0,0,0,0
JD_11518631,2021-02-28,96,63,60,0,0,0,0
JD_11518630,2021-02-28,0,0,0,0,0,0,0
JD_11518629,2021-02-28,8,3,8,0,0,0,0
JD_11518627,2021-02-28,174,46,166,6,2,1,1
JD_11518626,2021-02-28,45,22,30,2,0,0,0
JD_11518625,2021-02-28,131,89,78,0,3,0,0
JD_11518623,2021-02-28,0,0,0,0,0,0,0
JD_11518621,2021-02-28,120,0,116,3,1,0,0
JD_11518619,2021-02-28,3,1,2,0,0,0,0
JD_11518618,2021-02-28,119,4,111,2,2,0,1
JD_11518617,2021-02-28,190,4,177,6,3,0,0
JD_11518615,2021-02-28,0,0,0,0,0,0,0
JD_11518609,2021-02-28,3,2,2,0,0,0,0
JD_11518605,2021-02-28,0,0,0,0,0,0,0
JD_11518599,2021-02-28,0,0,0,0,0,0,0
JD_11518594,2021-02-28,0,0,0,0,0,0,0
JD_11518586,2021-02-28,5,1,4,0,0,0,0
JD_11518584,2021-02-28,0,0,0,0,0,0,0
JD_11518581,2021-02-28,0,0,0,0,0,0,0
JD_11518579,2021-02-28,4,0,4,0,0,0,0
JD_11518577,2021-02-28,31,8,27,1,1,0,0
JD_11518576,2021-02-28,11,7,7,0,0,0,0
