JD_11477465,2021-02-28,68,10,65,3,0,0,0
JD_11477464,2021-02-28,180,22,173,3,4,0,0
JD_11477463,2021-02-28,140,22,134,0,1,0,0
JD_11477459,2021-02-28,178,0,171,4,3,0,0
JD_11477458,2021-02-28,63,41,35,0,0,0,0
JD_11477457,2021-02-28,18,4,17,1,0,0,0
JD_11477456,2021-02-28,142,65,126,2,0,0,0
JD_11477455,2021-02-28,118,77,70,0,0,0,0
JD_11477454,2021-02-28,11,5,9,0,0,0,0
JD_11477453,2021-02-28,29,16,29,0,0,0,1
JD_11477451,2021-02-28,73,45,48,0,1,0,0
JD_11477450,2021-02-28,22,3,20,1,0,0,0
JD_11477449,2021-02-28,0,0,0,0,0,0,0
JD_11477448,2021-02-28,0,0,0,0,0,0,0
JD_11477447,2021-02-28,2437,1090,2409,14,9,3,10
JD_11477445,2021-02-28,7,6,6,0,0,0,0
JD_11477444,2021-02-28,5,2,4,0,0,0,0
JD_11477443,2021-02-28,1,0,0,1,0,0,0
JD_11477441,2021-02-28,6,3,4,0,0,0,0
JD_11477440,2021-02-28,3,3,0,0,0,0,0
JD_11477439,2021-02-28,4,2,3,0,0,0,0
JD_11477438,2021-02-28,5,4,5,0,0,0,0
JD_11477437,2021-02-28,63,46,41,0,0,0,0
JD_11477436,2021-02-28,44,26,44,0,0,0,0
JD_11477435,2021-02-28,3,2,1,0,0,0,0
JD_11477434,2021-02-28,132,73,107,3,3,0,0
JD_11477433,2021-02-28,5,2,4,0,0,0,0
JD_11477432,2021-02-28,11,2,8,1,0,0,0
JD_11477431,2021-02-28,1,0,1,0,0,0,0
JD_11477430,2021-02-28,3,3,1,0,0,0,0
JD_11477429,2021-02-28,1,1,1,0,0,0,0
JD_11477428,2021-02-28,25,15,16,2,0,0,0
JD_11477427,2021-02-28,10,7,7,1,0,0,0
JD_11477426,2021-02-28,35,13,28,1,0,0,0
JD_11477425,2021-02-28,19,4,16,0,0,0,0
JD_11477424,2021-02-28,36,20,24,0,0,0,0
JD_11477423,2021-02-28,31,1,28,1,1,0,0
JD_11477421,2021-02-28,5,2,3,0,0,0,0
JD_11477420,2021-02-28,13,4,12,0,0,0,0
JD_11477419,2021-02-28,18,3,17,1,0,0,0
JD_11477418,2021-02-28,5,2,3,0,0,0,0
JD_11477417,2021-02-28,6,2,4,0,0,0,0
JD_11477416,2021-02-28,7,2,6,0,0,0,0
JD_11477415,2021-02-28,9,2,8,0,0,0,0
JD_11477414,2021-02-28,296,134,202,5,1,0,0
JD_11477413,2021-02-28,2160,806,1940,12,4,0,4
JD_11477411,2021-02-28,81,26,79,1,0,0,0
JD_11477405,2021-02-28,3,0,2,1,0,0,0
JD_11477402,2021-02-28,4,2,4,0,0,0,0
JD_11477401,2021-02-28,9,0,9,0,0,0,0
JD_11477400,2021-02-28,11,10,11,0,0,0,0
JD_11477399,2021-02-28,7,0,6,1,0,0,0
JD_11477398,2021-02-28,3,1,2,0,0,0,0
JD_11477395,2021-02-28,194,10,189,2,3,0,0
JD_11477393,2021-02-28,1361,757,1353,7,1,1,0
JD_11477392,2021-02-28,450,267,448,0,1,0,0
JD_11477391,2021-02-28,960,484,953,6,1,0,1
JD_11477390,2021-02-28,546,343,544,1,1,1,0
JD_11477387,2021-02-28,10837,2382,10105,429,70,4,3
JD_11477386,2021-02-28,19954,11073,12055,117,31,22,23
JD_11477385,2021-02-28,787,482,783,4,0,0,1
JD_11477384,2021-02-28,589,365,584,2,2,0,0
JD_11477376,2021-02-28,327,113,273,2,2,0,0
JD_11477373,2021-02-28,1073,705,661,4,2,0,3
JD_11477372,2021-02-28,5,0,4,0,1,0,0
JD_11477371,2021-02-28,311,106,285,5,0,0,0
JD_11477370,2021-02-28,173,63,150,0,3,1,2
JD_11477369,2021-02-28,276,66,273,2,0,0,0
JD_11477368,2021-02-28,954,347,780,7,4,2,2
JD_11477367,2021-02-28,181,0,177,3,1,0,0
