JD_12628997,2021-02-28,1,0,1,0,0,0,0
JD_12628996,2021-02-28,10,9,1,0,0,0,0
JD_12628995,2021-02-28,1,1,0,0,0,0,0
JD_12628994,2021-02-28,120,89,31,0,0,1,0
JD_12628993,2021-02-28,25,23,2,0,0,0,0
JD_12628992,2021-02-28,104,79,25,0,0,0,0
JD_12628991,2021-02-28,0,0,0,0,0,0,0
JD_12628990,2021-02-28,49,46,3,0,0,0,0
JD_12628989,2021-02-28,0,0,0,0,0,0,0
JD_12628988,2021-02-28,448,332,116,0,0,1,0
JD_12628987,2021-02-28,4,3,1,0,0,0,0
JD_12628986,2021-02-28,155,125,30,0,0,0,1
JD_12628985,2021-02-28,5,3,2,0,0,0,0
JD_12628984,2021-02-28,291,256,35,0,0,0,0
JD_12628983,2021-02-28,272,243,29,0,0,0,0
JD_12628982,2021-02-28,17,10,7,0,0,0,0
JD_12628981,2021-02-28,0,0,0,0,0,0,0
JD_12628980,2021-02-28,253,215,37,1,0,0,0
JD_12628979,2021-02-28,23,23,0,0,0,0,0
JD_12628978,2021-02-28,415,361,52,2,0,1,0
JD_12628977,2021-02-28,4,2,2,0,0,0,0
JD_12628976,2021-02-28,565,469,96,0,0,1,0
JD_12628975,2021-02-28,40,36,4,0,0,0,0
JD_12628974,2021-02-28,11,6,5,0,0,0,0
JD_12628973,2021-02-28,13,10,3,0,0,0,0
JD_12628972,2021-02-28,34,24,10,0,0,0,0
JD_12628971,2021-02-28,52,48,4,0,0,0,0
JD_12628970,2021-02-28,74,61,13,0,0,0,0
JD_12628969,2021-02-28,40,32,8,0,0,0,0
JD_12628968,2021-02-28,264,213,51,0,0,0,0
JD_12628967,2021-02-28,13,8,5,0,0,0,0
JD_12628966,2021-02-28,424,278,145,0,1,0,2
JD_12628965,2021-02-28,23,21,2,0,0,0,0
JD_12628964,2021-02-28,82,71,10,0,1,1,0
JD_12628963,2021-02-28,0,0,0,0,0,0,0
JD_12628962,2021-02-28,2363,1993,361,5,4,2,4
JD_12628961,2021-02-28,0,0,0,0,0,0,0
JD_12628960,2021-02-28,294,259,34,1,0,0,0
JD_12628959,2021-02-28,0,0,0,0,0,0,0
JD_12628958,2021-02-28,27,15,12,0,0,0,0
JD_12628957,2021-02-28,21,18,3,0,0,0,0
JD_12628956,2021-02-28,537,452,85,0,0,0,1
JD_12628955,2021-02-28,25,22,3,0,0,0,0
JD_12628954,2021-02-28,0,0,0,0,0,0,0
JD_12628953,2021-02-28,47,38,9,0,0,0,0
JD_12628952,2021-02-28,262,215,47,0,0,0,0
JD_12628951,2021-02-28,12,9,3,0,0,0,0
JD_12628950,2021-02-28,192,149,43,0,0,0,0
JD_12628949,2021-02-28,20,18,2,0,0,0,0
JD_12628948,2021-02-28,16,11,5,0,0,0,0
JD_12628947,2021-02-28,47,45,2,0,0,0,0
JD_12628946,2021-02-28,479,423,55,1,0,0,1
JD_12628054,2021-02-28,166,133,33,0,0,0,0
JD_12628053,2021-02-28,6,4,2,0,0,0,0
JD_12628052,2021-02-28,348,268,80,0,0,0,0
JD_12628051,2021-02-28,6,5,1,0,0,0,0
JD_12628050,2021-02-28,0,0,0,0,0,0,0
JD_12628049,2021-02-28,14,12,1,1,0,0,0
JD_12628048,2021-02-28,440,337,102,1,0,0,2
JD_12628047,2021-02-28,13,8,4,1,0,0,0
JD_12628046,2021-02-28,175,130,45,0,0,0,1
JD_12628045,2021-02-28,3,2,1,0,0,0,0
JD_12628044,2021-02-28,165,126,39,0,0,0,0
JD_12628043,2021-02-28,11,10,1,0,0,0,0
JD_12628042,2021-02-28,432,343,89,0,0,0,0
JD_12628041,2021-02-28,11,10,1,0,0,0,0
JD_12628040,2021-02-28,8,8,0,0,0,0,0
JD_12628039,2021-02-28,90,71,19,0,0,0,0
JD_12626408,2021-02-28,0,0,0,0,0,0,0
JD_12626407,2021-02-28,258,225,33,0,0,0,0
