JD_11323181,2021-02-28,32,2,31,1,0,0,0
JD_11323177,2021-02-28,0,0,0,0,0,0,0
JD_11323176,2021-02-28,0,0,0,0,0,0,0
JD_11323173,2021-02-28,1,1,1,0,0,0,0
JD_11323172,2021-02-28,1,1,1,0,0,0,0
JD_11323171,2021-02-28,0,0,0,0,0,0,0
JD_11323170,2021-02-28,0,0,0,0,0,0,0
JD_11323169,2021-02-28,0,0,0,0,0,0,0
JD_11323168,2021-02-28,5,3,2,0,1,0,0
JD_11323163,2021-02-28,0,0,0,0,0,0,0
JD_11323162,2021-02-28,0,0,0,0,0,0,0
JD_11323161,2021-02-28,0,0,0,0,0,0,0
JD_11323160,2021-02-28,19,7,17,0,0,0,0
JD_11323159,2021-02-28,32,9,32,0,0,0,0
JD_11323158,2021-02-28,14,11,4,0,0,0,0
JD_11323157,2021-02-28,21,15,8,0,0,0,0
JD_11323155,2021-02-28,0,0,0,0,0,0,0
JD_11323154,2021-02-28,15,14,12,0,0,0,0
JD_11323153,2021-02-28,1,0,1,0,0,0,0
JD_11323151,2021-02-28,98,59,87,1,0,0,1
JD_11323150,2021-02-28,1,1,0,0,0,0,0
JD_11323149,2021-02-28,221,152,113,2,2,0,0
JD_11323146,2021-02-28,0,0,0,0,0,0,0
JD_11323145,2021-02-28,0,0,0,0,0,0,0
JD_11323144,2021-02-28,0,0,0,0,0,0,0
JD_11323143,2021-02-28,0,0,0,0,0,0,0
JD_11323142,2021-02-28,0,0,0,0,0,0,0
JD_11323140,2021-02-28,17,7,13,0,0,0,0
JD_11323139,2021-02-28,6,3,5,0,0,0,0
JD_11323138,2021-02-28,9,1,9,0,0,0,0
JD_11323135,2021-02-28,0,0,0,0,0,0,0
JD_11323132,2021-02-28,3,1,2,1,0,0,0
JD_11323126,2021-02-28,0,0,0,0,0,0,0
JD_11323125,2021-02-28,0,0,0,0,0,0,0
JD_11323124,2021-02-28,65,28,52,1,0,0,0
JD_11323123,2021-02-28,1,0,1,0,0,0,0
JD_11323122,2021-02-28,32,26,18,0,0,0,0
JD_11323118,2021-02-28,0,0,0,0,0,0,0
JD_11323116,2021-02-28,0,0,0,0,0,0,0
JD_11323115,2021-02-28,0,0,0,0,0,0,0
JD_11323109,2021-02-28,1,1,0,0,0,0,0
JD_11323096,2021-02-28,11,6,9,0,0,0,0
JD_11323051,2021-02-28,10,9,3,0,0,0,0
JD_11323050,2021-02-28,0,0,0,0,0,0,0
JD_11323045,2021-02-28,2,2,2,0,0,0,0
JD_11323043,2021-02-28,22,0,22,0,0,0,0
JD_11323042,2021-02-28,6,1,6,0,0,0,0
JD_11323039,2021-02-28,16,0,16,0,0,0,0
JD_11323038,2021-02-28,0,0,0,0,0,0,0
JD_11323004,2021-02-28,21,7,19,1,0,0,0
JD_11323002,2021-02-28,0,0,0,0,0,0,0
JD_11323001,2021-02-28,54,1,46,8,0,0,0
JD_11323000,2021-02-28,1041,857,428,5,3,0,2
JD_11322996,2021-02-28,16,0,15,1,0,0,0
JD_11322995,2021-02-28,2,1,1,0,1,0,0
JD_11322994,2021-02-28,20,16,6,0,0,0,0
JD_11322992,2021-02-28,4,2,4,0,0,0,0
JD_11322989,2021-02-28,15,0,14,1,0,0,0
JD_11322988,2021-02-28,8,1,8,0,0,0,0
JD_11322986,2021-02-28,92,75,41,0,0,0,0
JD_11322984,2021-02-28,10,4,8,0,0,0,0
JD_11322983,2021-02-28,66,31,64,0,2,0,0
JD_11322977,2021-02-28,1,1,1,0,0,0,0
JD_11322972,2021-02-28,25948,14962,19625,395,186,9,41
JD_11322971,2021-02-28,24,4,24,0,0,0,0
JD_11322970,2021-02-28,6,5,2,0,0,0,0
JD_11322969,2021-02-28,49,0,48,1,0,0,0
JD_11322968,2021-02-28,6,3,4,0,0,0,0
JD_11322967,2021-02-28,4,1,4,0,0,0,0
JD_11322966,2021-02-28,8,4,6,1,0,0,0
