JD_11362036,2021-02-28,5,4,1,0,0,0,0
JD_11362033,2021-02-28,12,5,12,0,0,0,0
JD_11362032,2021-02-28,53,40,39,0,0,0,0
JD_11362031,2021-02-28,64,48,40,0,0,0,0
JD_11362030,2021-02-28,67,49,39,0,0,1,0
JD_11362029,2021-02-28,109,81,67,0,0,1,0
JD_11362028,2021-02-28,67,47,36,0,0,0,0
JD_11362027,2021-02-28,68,54,48,0,0,0,1
JD_11362026,2021-02-28,147,118,80,0,0,0,1
JD_11362024,2021-02-28,88,69,54,0,0,0,1
JD_11362023,2021-02-28,105,83,60,1,0,0,0
JD_11362022,2021-02-28,73,60,32,1,0,0,0
JD_11362021,2021-02-28,70,61,30,0,0,0,0
JD_11362019,2021-02-28,87,64,46,1,0,0,0
JD_11362018,2021-02-28,150,110,85,1,0,0,0
JD_11362014,2021-02-28,3097,222,2962,60,21,0,6
JD_11362013,2021-02-28,5723,4348,5454,20,20,1,9
JD_11362012,2021-02-28,1409,981,998,1,1,5,3
JD_11362011,2021-02-28,11,5,8,0,0,0,0
JD_11362010,2021-02-28,5,3,3,0,0,0,0
JD_11362008,2021-02-28,0,0,0,0,0,0,0
JD_11362007,2021-02-28,990,641,622,13,3,0,3
JD_11362006,2021-02-28,4,0,4,0,0,0,0
JD_11362005,2021-02-28,0,0,0,0,0,0,0
JD_11362003,2021-02-28,88,41,57,0,0,0,0
JD_11362002,2021-02-28,0,0,0,0,0,0,0
JD_11361998,2021-02-28,0,0,0,0,0,0,0
JD_11361997,2021-02-28,0,0,0,0,0,0,0
JD_11361996,2021-02-28,3,0,3,0,0,0,0
JD_11361995,2021-02-28,3,0,3,0,0,0,0
JD_11361992,2021-02-28,0,0,0,0,0,0,0
JD_11361991,2021-02-28,0,0,0,0,0,0,0
JD_11361989,2021-02-28,0,0,0,0,0,0,0
JD_11361986,2021-02-28,0,0,0,0,0,0,0
JD_11361983,2021-02-28,0,0,0,0,0,0,0
JD_11361974,2021-02-28,0,0,0,0,0,0,0
JD_11361972,2021-02-28,0,0,0,0,0,0,0
JD_11361945,2021-02-28,0,0,0,0,0,0,0
JD_11361936,2021-02-28,5,3,3,0,0,0,0
JD_11361935,2021-02-28,6,3,4,0,0,0,0
JD_11361934,2021-02-28,0,0,0,0,0,0,0
JD_11361931,2021-02-28,117,0,116,1,0,0,0
JD_11361930,2021-02-28,16,13,8,0,0,0,0
JD_11361929,2021-02-28,5,4,4,0,0,0,0
JD_11361928,2021-02-28,169,127,64,3,0,0,0
JD_11361927,2021-02-28,43,0,42,1,0,0,0
JD_11361926,2021-02-28,19,0,18,1,0,0,0
JD_11361924,2021-02-28,623,263,488,9,4,0,1
JD_11361920,2021-02-28,28,10,26,0,0,0,0
JD_11361919,2021-02-28,52,31,40,1,0,0,0
JD_11361918,2021-02-28,131,0,124,6,1,0,0
JD_11361916,2021-02-28,2,1,2,0,0,0,0
JD_11361915,2021-02-28,2623,2182,702,1,1,1,4
JD_11361914,2021-02-28,224,128,192,3,1,0,0
JD_11361908,2021-02-28,2906,637,2838,35,17,3,3
JD_11361900,2021-02-28,416,272,359,2,1,2,1
JD_11361896,2021-02-28,536,112,498,23,11,0,1
JD_11361894,2021-02-28,38,6,38,0,0,0,0
JD_11361893,2021-02-28,396,172,289,4,1,0,1
JD_11361892,2021-02-28,788,435,498,2,1,0,2
JD_11361891,2021-02-28,18,9,10,1,0,0,0
JD_11361890,2021-02-28,361,192,260,6,1,1,1
JD_11361889,2021-02-28,698,376,529,4,1,1,1
JD_11361887,2021-02-28,22,13,18,0,0,0,0
JD_11361885,2021-02-28,72,7,72,0,0,0,0
JD_11361884,2021-02-28,919,540,702,5,2,1,2
JD_11361883,2021-02-28,152,79,124,0,1,0,1
JD_11361879,2021-02-28,117,59,77,1,0,0,1
JD_11361877,2021-02-28,168,19,165,1,0,0,2
JD_11361875,2021-02-28,154,103,87,0,0,0,3
