JD_11417115,2021-02-28,34,2,31,2,1,0,0
JD_11417114,2021-02-28,8,2,6,1,0,0,0
JD_11417111,2021-02-28,6,2,4,0,0,0,0
JD_11417110,2021-02-28,295,76,269,3,0,0,1
JD_11417108,2021-02-28,17,3,16,0,1,0,0
JD_11417107,2021-02-28,25,7,20,0,0,0,0
JD_11417106,2021-02-28,4,0,4,0,0,0,0
JD_11417105,2021-02-28,2643,410,2553,53,13,0,5
JD_11417104,2021-02-28,8,1,7,1,0,0,0
JD_11417103,2021-02-28,10,1,8,1,0,0,0
JD_11417102,2021-02-28,1,1,1,0,0,0,0
JD_11417101,2021-02-28,2,1,1,0,0,0,0
JD_11417099,2021-02-28,4,0,4,0,0,0,0
JD_11417098,2021-02-28,17,0,17,0,0,0,0
JD_11417089,2021-02-28,18,0,17,1,0,0,0
JD_11417087,2021-02-28,0,0,0,0,0,0,0
JD_11417079,2021-02-28,0,0,0,0,0,0,0
JD_11417075,2021-02-28,3,1,3,0,0,0,0
JD_11417070,2021-02-28,0,0,0,0,0,0,0
JD_11417069,2021-02-28,0,0,0,0,0,0,0
JD_11417068,2021-02-28,4,4,4,0,0,0,0
JD_11417067,2021-02-28,22,12,12,0,0,0,0
JD_11417066,2021-02-28,0,0,0,0,0,0,0
JD_11417060,2021-02-28,170,0,167,2,1,0,0
JD_11417058,2021-02-28,2,2,0,0,0,0,0
JD_11417055,2021-02-28,0,0,0,0,0,0,0
JD_11417045,2021-02-28,22,7,17,0,0,0,0
JD_11417041,2021-02-28,90,45,87,1,0,0,0
JD_11417040,2021-02-28,4,0,4,0,0,0,0
JD_11417039,2021-02-28,4363,2425,2900,13,8,3,7
JD_11417038,2021-02-28,4,3,4,0,0,0,0
JD_11417037,2021-02-28,13,11,5,1,0,0,0
JD_11417035,2021-02-28,9,4,7,0,0,0,0
JD_11417033,2021-02-28,2,1,1,0,0,0,0
JD_11417032,2021-02-28,3,1,2,0,0,0,0
JD_11417031,2021-02-28,3,1,2,0,0,0,0
JD_11417030,2021-02-28,4,3,3,0,0,0,0
JD_11417029,2021-02-28,12,6,7,0,1,0,0
JD_11417028,2021-02-28,2,1,1,0,0,0,0
JD_11417027,2021-02-28,3,2,2,0,0,0,0
JD_11417026,2021-02-28,4,3,2,0,0,0,0
JD_11417025,2021-02-28,5,3,3,0,0,0,0
JD_11417024,2021-02-28,4,2,4,0,0,0,0
JD_11417023,2021-02-28,28,16,16,0,0,0,0
JD_11417022,2021-02-28,39,24,22,0,0,0,0
JD_11417021,2021-02-28,12,4,10,0,1,0,0
JD_11417020,2021-02-28,196,95,134,3,1,0,3
JD_11417019,2021-02-28,8,5,4,0,0,0,0
JD_11417018,2021-02-28,68,35,48,2,0,0,0
JD_11417017,2021-02-28,56,35,43,1,0,0,0
JD_11417016,2021-02-28,66,48,35,1,0,0,0
JD_11417015,2021-02-28,7,3,5,0,0,0,0
JD_11417014,2021-02-28,4,2,2,0,0,0,0
JD_11417013,2021-02-28,954,503,734,3,2,0,7
JD_11417012,2021-02-28,1175,646,879,7,2,0,4
JD_11417011,2021-02-28,39,21,24,0,0,0,0
JD_11417010,2021-02-28,8,3,5,0,0,0,0
JD_11417009,2021-02-28,5,1,4,0,0,0,1
JD_11417008,2021-02-28,1,1,0,0,0,0,0
JD_11417007,2021-02-28,2,2,0,0,0,0,0
JD_11417005,2021-02-28,0,0,0,0,0,0,0
JD_11417004,2021-02-28,113,18,110,2,1,0,0
JD_11417003,2021-02-28,0,0,0,0,0,0,0
JD_11417002,2021-02-28,0,0,0,0,0,0,0
JD_11417001,2021-02-28,0,0,0,0,0,0,0
JD_11417000,2021-02-28,0,0,0,0,0,0,0
JD_11416999,2021-02-28,4,3,2,0,0,0,0
JD_11416998,2021-02-28,6,2,4,0,0,0,0
JD_11416997,2021-02-28,8,2,8,0,0,0,0
JD_11416996,2021-02-28,18,12,11,0,0,0,0
