JD_11367290,2021-02-28,0,0,0,0,0,0,0
JD_11367289,2021-02-28,0,0,0,0,0,0,0
JD_11367287,2021-02-28,0,0,0,0,0,0,0
JD_11367286,2021-02-28,0,0,0,0,0,0,0
JD_11367284,2021-02-28,0,0,0,0,0,0,0
JD_11367283,2021-02-28,5,2,5,0,0,0,0
JD_11367281,2021-02-28,2,1,2,0,0,0,0
JD_11367279,2021-02-28,0,0,0,0,0,0,0
JD_11367277,2021-02-28,0,0,0,0,0,0,0
JD_11367276,2021-02-28,0,0,0,0,0,0,0
JD_11367275,2021-02-28,0,0,0,0,0,0,0
JD_11367269,2021-02-28,0,0,0,0,0,0,0
JD_11367268,2021-02-28,0,0,0,0,0,0,0
JD_11367266,2021-02-28,9,5,7,0,0,0,0
JD_11367265,2021-02-28,9,6,4,1,0,0,0
JD_11367263,2021-02-28,3,2,2,0,0,0,0
JD_11367262,2021-02-28,1,1,1,0,0,0,0
JD_11367259,2021-02-28,1,0,1,0,0,0,0
JD_11367258,2021-02-28,17,12,11,0,0,0,0
JD_11367255,2021-02-28,31,17,23,1,0,0,1
JD_11367254,2021-02-28,20,8,20,0,0,0,0
JD_11367252,2021-02-28,1,1,0,0,0,0,0
JD_11367251,2021-02-28,27,4,25,0,0,0,0
JD_11367250,2021-02-28,0,0,0,0,0,0,0
JD_11367249,2021-02-28,0,0,0,0,0,0,0
JD_11367248,2021-02-28,43,21,33,1,1,0,1
JD_11367247,2021-02-28,1,1,1,0,0,0,0
JD_11367246,2021-02-28,0,0,0,0,0,0,0
JD_11367245,2021-02-28,0,0,0,0,0,0,0
JD_11367244,2021-02-28,0,0,0,0,0,0,0
JD_11367243,2021-02-28,0,0,0,0,0,0,0
JD_11367241,2021-02-28,26,0,25,1,0,0,0
JD_11367240,2021-02-28,8,6,4,0,0,0,0
JD_11367237,2021-02-28,0,0,0,0,0,0,0
JD_11367234,2021-02-28,5,1,5,0,0,0,0
JD_11367233,2021-02-28,3,0,2,0,1,0,0
JD_11367232,2021-02-28,0,0,0,0,0,0,0
JD_11367231,2021-02-28,0,0,0,0,0,0,0
JD_11367228,2021-02-28,5,2,3,0,0,0,0
JD_11367224,2021-02-28,31,23,28,1,0,0,0
JD_11367223,2021-02-28,0,0,0,0,0,0,0
JD_11367222,2021-02-28,1,0,1,0,0,0,0
JD_11367221,2021-02-28,4,0,4,0,0,0,0
JD_11367218,2021-02-28,260,0,256,1,3,0,0
JD_11367217,2021-02-28,255,0,253,2,0,0,0
JD_11367216,2021-02-28,124,0,120,2,2,0,0
JD_11367206,2021-02-28,142,0,138,2,2,0,0
JD_11367205,2021-02-28,17,11,13,0,0,0,0
JD_11367202,2021-02-28,36,29,19,0,0,0,0
JD_11367201,2021-02-28,15,10,10,0,0,0,0
JD_11367200,2021-02-28,5,4,4,0,0,0,0
JD_11367199,2021-02-28,22,4,21,0,0,0,0
JD_11367198,2021-02-28,130,0,122,6,2,0,0
JD_11367196,2021-02-28,36,4,33,1,0,0,0
JD_11367195,2021-02-28,127,46,125,0,0,0,0
JD_11367194,2021-02-28,5,0,5,0,0,0,0
JD_11367193,2021-02-28,99,26,98,0,0,0,0
JD_11367192,2021-02-28,244,118,196,1,0,0,1
JD_11367191,2021-02-28,181,61,179,2,0,0,0
JD_11367189,2021-02-28,163,84,124,1,0,0,1
JD_11367188,2021-02-28,7,7,3,0,0,0,0
JD_11367187,2021-02-28,87,35,86,0,0,0,0
JD_11367186,2021-02-28,15,12,8,0,0,0,0
JD_11367181,2021-02-28,167,47,163,3,1,0,1
JD_11367180,2021-02-28,41,13,39,0,0,0,0
JD_11367175,2021-02-28,44,28,26,0,1,0,0
JD_11367174,2021-02-28,13,8,9,0,0,0,0
JD_11367173,2021-02-28,9,6,4,0,0,0,0
JD_11367172,2021-02-28,8,5,7,0,0,0,0
JD_11367171,2021-02-28,9,7,3,0,0,0,0
