JD_11538342,2021-02-28,86,47,70,0,0,0,0
JD_11538336,2021-02-28,5,1,4,1,0,0,0
JD_11538335,2021-02-28,5,3,2,0,0,0,0
JD_11538333,2021-02-28,0,0,0,0,0,0,0
JD_11538332,2021-02-28,15,9,13,1,0,0,0
JD_11538331,2021-02-28,13,11,13,0,0,0,0
JD_11538330,2021-02-28,10,5,10,0,0,0,0
JD_11538329,2021-02-28,1,1,1,0,0,0,0
JD_11538328,2021-02-28,1,1,0,0,0,0,0
JD_11538322,2021-02-28,11,6,11,0,0,0,0
JD_11538319,2021-02-28,22,12,20,0,0,0,0
JD_11538312,2021-02-28,0,0,0,0,0,0,0
JD_11538304,2021-02-28,1,1,0,0,0,0,0
JD_11538303,2021-02-28,4,1,4,0,0,0,0
JD_11538302,2021-02-28,72,44,54,1,0,0,0
JD_11538301,2021-02-28,266,217,152,0,0,1,1
JD_11538300,2021-02-28,202,154,171,0,0,1,1
JD_11538299,2021-02-28,5,2,5,0,0,0,0
JD_11538295,2021-02-28,0,0,0,0,0,0,0
JD_11538294,2021-02-28,76,52,48,0,0,1,1
JD_11538292,2021-02-28,0,0,0,0,0,0,0
JD_11538290,2021-02-28,0,0,0,0,0,0,0
JD_11538289,2021-02-28,0,0,0,0,0,0,0
JD_11538288,2021-02-28,0,0,0,0,0,0,0
JD_11538287,2021-02-28,0,0,0,0,0,0,0
JD_11538286,2021-02-28,0,0,0,0,0,0,0
JD_11538285,2021-02-28,1,1,0,0,0,0,0
JD_11538282,2021-02-28,0,0,0,0,0,0,0
JD_11538279,2021-02-28,0,0,0,0,0,0,0
JD_11538278,2021-02-28,0,0,0,0,0,0,0
JD_11538276,2021-02-28,0,0,0,0,0,0,0
JD_11538275,2021-02-28,0,0,0,0,0,0,0
JD_11538273,2021-02-28,1,1,0,0,0,0,0
JD_11538272,2021-02-28,0,0,0,0,0,0,0
JD_11538269,2021-02-28,0,0,0,0,0,0,0
JD_11538268,2021-02-28,1,1,0,0,0,0,0
JD_11538267,2021-02-28,0,0,0,0,0,0,0
JD_11538262,2021-02-28,0,0,0,0,0,0,0
JD_11538261,2021-02-28,0,0,0,0,0,0,0
JD_11538260,2021-02-28,0,0,0,0,0,0,0
JD_11538258,2021-02-28,1,1,1,0,0,0,0
JD_11538255,2021-02-28,0,0,0,0,0,0,0
JD_11538254,2021-02-28,1,1,1,0,0,0,0
JD_11538252,2021-02-28,2,1,2,0,0,0,0
JD_11538251,2021-02-28,60,33,59,0,0,0,0
JD_11538250,2021-02-28,0,0,0,0,0,0,0
JD_11538249,2021-02-28,0,0,0,0,0,0,0
JD_11538247,2021-02-28,38,20,36,1,0,0,1
JD_11538245,2021-02-28,200,162,90,0,0,0,0
JD_11538244,2021-02-28,303,215,256,2,0,0,2
JD_11538242,2021-02-28,9,4,6,0,0,0,0
JD_11538237,2021-02-28,2725,1984,1692,14,15,3,11
JD_11538231,2021-02-28,58,33,39,0,0,0,0
JD_11538230,2021-02-28,0,0,0,0,0,0,0
JD_11538229,2021-02-28,0,0,0,0,0,0,0
JD_11538228,2021-02-28,73,44,46,0,0,0,1
JD_11538227,2021-02-28,38,22,21,0,0,0,0
JD_11538226,2021-02-28,194,112,138,0,0,0,0
JD_11538224,2021-02-28,5,1,4,0,0,0,0
JD_11538223,2021-02-28,36,16,33,0,0,0,0
JD_11538220,2021-02-28,0,0,0,0,0,0,0
JD_11538218,2021-02-28,40,21,28,0,0,0,0
JD_11538217,2021-02-28,2,1,1,0,0,0,0
JD_11538213,2021-02-28,0,0,0,0,0,0,0
JD_11538209,2021-02-28,4,2,3,0,0,0,0
JD_11538208,2021-02-28,1,0,1,0,0,0,0
JD_11538207,2021-02-28,156,94,105,3,0,0,0
JD_11538199,2021-02-28,25,16,14,0,0,0,0
JD_11538193,2021-02-28,13,0,13,0,0,0,0
JD_11538192,2021-02-28,0,0,0,0,0,0,0
