JD_11297787,2021-02-28,60,37,39,0,0,0,0
JD_11297786,2021-02-28,82,58,45,0,0,0,0
JD_11297785,2021-02-28,31,18,17,0,0,0,0
JD_11297784,2021-02-28,49,32,32,0,0,0,1
JD_11297783,2021-02-28,1307,6,1173,99,29,0,0
JD_11297782,2021-02-28,1023,230,976,36,10,0,2
JD_11297781,2021-02-28,5407,4303,3501,7,8,2,8
JD_11297780,2021-02-28,845,595,482,0,4,1,2
JD_11297779,2021-02-28,10563,7190,7054,36,24,14,13
JD_11297778,2021-02-28,2642,1594,2431,20,11,1,9
JD_11297777,2021-02-28,0,0,0,0,0,0,0
JD_11297776,2021-02-28,3,2,1,0,0,0,0
JD_11297775,2021-02-28,14,7,9,0,0,0,0
JD_11297774,2021-02-28,12,10,7,0,0,0,0
JD_11297773,2021-02-28,2,1,2,0,0,0,0
JD_11297772,2021-02-28,4,0,4,0,0,0,0
JD_11297771,2021-02-28,26,1,25,1,0,0,0
JD_11297770,2021-02-28,13,9,12,0,0,0,0
JD_11297767,2021-02-28,19,7,18,1,0,0,0
JD_11297766,2021-02-28,13,7,12,0,1,0,0
JD_11297765,2021-02-28,6,1,5,0,0,0,0
JD_11297764,2021-02-28,5,1,4,0,0,0,0
JD_11297763,2021-02-28,5,2,5,0,0,0,0
JD_11297758,2021-02-28,6,6,2,0,0,0,0
JD_11297757,2021-02-28,0,0,0,0,0,0,0
JD_11297756,2021-02-28,47,17,43,1,2,0,0
JD_11297755,2021-02-28,7,0,7,0,0,0,0
JD_11297754,2021-02-28,8,0,6,2,0,0,0
JD_11297753,2021-02-28,18,6,12,0,2,0,0
JD_11297751,2021-02-28,6,6,2,0,0,0,0
JD_11297749,2021-02-28,96,49,95,1,0,0,0
JD_11297748,2021-02-28,4,3,1,0,0,0,0
JD_11297747,2021-02-28,10,8,2,0,0,0,0
JD_11297745,2021-02-28,0,0,0,0,0,0,0
JD_11297744,2021-02-28,40,30,17,0,1,1,0
JD_11297743,2021-02-28,0,0,0,0,0,0,0
JD_11297742,2021-02-28,4,2,2,0,0,0,0
JD_11297741,2021-02-28,121,95,57,1,2,0,1
JD_11297740,2021-02-28,1758,1326,734,9,6,3,2
JD_11297737,2021-02-28,2,1,2,0,0,0,0
JD_11297736,2021-02-28,0,0,0,0,0,0,0
JD_11297731,2021-02-28,10,7,7,0,0,0,0
JD_11297726,2021-02-28,1,0,1,0,0,0,0
JD_11297724,2021-02-28,45,23,42,1,0,0,0
JD_11297721,2021-02-28,3,3,2,0,0,0,0
JD_11297720,2021-02-28,6,3,4,0,0,0,0
JD_11297718,2021-02-28,3,3,0,0,0,0,0
JD_11297717,2021-02-28,34,25,13,0,0,0,0
JD_11297715,2021-02-28,6,1,5,1,0,0,0
JD_11297714,2021-02-28,95,63,84,1,0,0,0
JD_11297712,2021-02-28,8,4,6,0,0,0,0
JD_11297707,2021-02-28,2,1,1,0,0,0,0
JD_11297706,2021-02-28,2,0,2,0,0,0,0
JD_11297705,2021-02-28,0,0,0,0,0,0,0
JD_11297703,2021-02-28,23,15,16,0,0,0,0
JD_11297702,2021-02-28,7,1,7,0,0,0,0
JD_11297689,2021-02-28,9,6,4,1,0,0,0
JD_11297688,2021-02-28,66,46,52,0,0,0,1
JD_11297687,2021-02-28,6,3,6,0,0,0,0
JD_11297684,2021-02-28,4,2,4,0,0,0,0
JD_11297683,2021-02-28,6,2,4,0,0,0,0
JD_11297682,2021-02-28,5,5,3,0,0,0,0
JD_11297681,2021-02-28,1,1,1,0,0,0,0
JD_11297680,2021-02-28,2,2,2,0,0,0,0
JD_11297679,2021-02-28,8,6,5,0,0,0,0
JD_11297678,2021-02-28,2,2,2,0,0,0,0
JD_11297676,2021-02-28,16,11,16,0,0,0,0
JD_11297675,2021-02-28,0,0,0,0,0,0,0
JD_11297670,2021-02-28,112,92,52,0,0,0,0
JD_11297665,2021-02-28,6,4,4,0,0,0,0
