JD_11318480,2021-02-28,2,1,1,0,0,0,0
JD_11318478,2021-02-28,29,5,29,0,0,0,1
JD_11318477,2021-02-28,0,0,0,0,0,0,0
JD_11318476,2021-02-28,6,5,4,0,0,0,0
JD_11318474,2021-02-28,5,4,4,0,0,0,0
JD_11318473,2021-02-28,3,1,2,0,0,0,0
JD_11318472,2021-02-28,1,1,0,0,0,0,0
JD_11318471,2021-02-28,7,2,6,0,0,0,0
JD_11318470,2021-02-28,28,20,18,0,0,0,0
JD_11318469,2021-02-28,0,0,0,0,0,0,0
JD_11318468,2021-02-28,0,0,0,0,0,0,0
JD_11318466,2021-02-28,65,31,56,1,0,0,0
JD_11318465,2021-02-28,1,1,0,0,0,0,0
JD_11318464,2021-02-28,5,4,2,0,0,0,0
JD_11318463,2021-02-28,13,9,11,0,0,0,0
JD_11318462,2021-02-28,14,11,7,0,0,0,0
JD_11318461,2021-02-28,38,29,16,0,1,0,0
JD_11318460,2021-02-28,68,43,39,1,0,0,0
JD_11318459,2021-02-28,4,1,4,0,0,0,0
JD_11318457,2021-02-28,36,17,30,0,0,0,0
JD_11318456,2021-02-28,7,4,4,0,0,0,0
JD_11318455,2021-02-28,66,45,26,0,0,0,0
JD_11318454,2021-02-28,8,3,7,1,0,0,1
JD_11318449,2021-02-28,7,5,7,0,0,0,0
JD_11318448,2021-02-28,1,1,1,0,0,0,0
JD_11318447,2021-02-28,32,17,26,0,1,0,0
JD_11318446,2021-02-28,0,0,0,0,0,0,0
JD_11318445,2021-02-28,5,4,1,0,0,0,0
JD_11318444,2021-02-28,19,11,14,0,0,0,0
JD_11318442,2021-02-28,1,0,1,0,0,0,0
JD_11318441,2021-02-28,6,5,2,0,0,0,0
JD_11318439,2021-02-28,4,3,2,0,0,0,0
JD_11318438,2021-02-28,12,6,7,0,0,0,0
JD_11318437,2021-02-28,5,4,4,0,0,0,0
JD_11318436,2021-02-28,4,3,2,0,0,0,0
JD_11318435,2021-02-28,1,1,0,0,0,0,0
JD_11318434,2021-02-28,6,4,5,0,0,0,0
JD_11318433,2021-02-28,11,10,5,0,0,0,0
JD_11318432,2021-02-28,1,1,0,0,0,0,0
JD_11318431,2021-02-28,2,1,1,0,0,0,0
JD_11318430,2021-02-28,423,297,308,1,1,0,0
JD_11318429,2021-02-28,1,1,0,0,0,0,0
JD_11318428,2021-02-28,0,0,0,0,0,0,0
JD_11318427,2021-02-28,2,1,1,0,0,0,0
JD_11318426,2021-02-28,7,4,5,0,0,0,0
JD_11318425,2021-02-28,46,32,30,0,0,0,0
JD_11318422,2021-02-28,13,11,4,0,0,0,0
JD_11318421,2021-02-28,34,20,23,0,0,0,1
JD_11318420,2021-02-28,5,4,5,0,0,0,0
JD_11318419,2021-02-28,1,0,1,0,0,0,0
JD_11318417,2021-02-28,32,27,12,0,0,0,0
JD_11318415,2021-02-28,12,6,7,0,1,0,0
JD_11318414,2021-02-28,2,2,1,0,0,0,0
JD_11318413,2021-02-28,13,8,7,0,0,1,0
JD_11318412,2021-02-28,10,7,7,0,0,0,0
JD_11318408,2021-02-28,4,2,2,0,0,0,0
JD_11318404,2021-02-28,5,3,4,0,0,0,0
JD_11318403,2021-02-28,4,2,4,0,0,0,0
JD_11318402,2021-02-28,2,0,2,0,0,0,0
JD_11318400,2021-02-28,6,2,4,1,0,0,0
JD_11318399,2021-02-28,12,4,10,0,0,0,0
JD_11318398,2021-02-28,15,5,15,0,0,0,0
JD_11318397,2021-02-28,9,4,8,0,0,0,0
JD_11318396,2021-02-28,4,3,2,0,0,0,0
JD_11318393,2021-02-28,18,7,18,0,0,0,0
JD_11318389,2021-02-28,2,2,1,0,0,0,0
JD_11318387,2021-02-28,1,1,1,0,0,0,0
JD_11318386,2021-02-28,298,108,295,2,0,0,0
JD_11318385,2021-02-28,18,4,16,0,0,0,0
JD_11318384,2021-02-28,5,2,5,0,0,0,0
