JD_11656738,2021-02-28,3,1,2,0,0,0,0
JD_11656737,2021-02-28,4,3,4,0,0,0,0
JD_11656736,2021-02-28,20,18,5,0,0,0,0
JD_11656735,2021-02-28,15,11,8,0,0,0,0
JD_11656733,2021-02-28,17,9,10,0,0,0,0
JD_11656732,2021-02-28,0,0,0,0,0,0,0
JD_11656731,2021-02-28,88,57,55,2,0,0,2
JD_11656730,2021-02-28,11,8,6,0,0,0,0
JD_11656729,2021-02-28,10,8,9,0,0,0,0
JD_11656728,2021-02-28,5,4,2,0,0,0,0
JD_11656727,2021-02-28,1,0,1,0,0,0,0
JD_11656726,2021-02-28,6,1,5,1,0,0,0
JD_11656725,2021-02-28,3,3,1,0,0,0,0
JD_11656724,2021-02-28,4,2,3,0,0,0,0
JD_11656723,2021-02-28,20,15,8,0,0,0,0
JD_11656722,2021-02-28,9,6,4,0,0,0,0
JD_11656721,2021-02-28,4,4,2,0,0,0,0
JD_11656720,2021-02-28,0,0,0,0,0,0,0
JD_11656719,2021-02-28,10,9,6,0,0,0,0
JD_11656718,2021-02-28,13,12,7,0,0,0,0
JD_11656717,2021-02-28,0,0,0,0,0,0,0
JD_11656715,2021-02-28,2,0,2,0,0,0,0
JD_11656714,2021-02-28,126,96,126,0,0,0,0
JD_11656712,2021-02-28,0,0,0,0,0,0,0
JD_11656710,2021-02-28,0,0,0,0,0,0,0
JD_11656709,2021-02-28,0,0,0,0,0,0,0
JD_11656708,2021-02-28,24,8,23,1,0,0,0
JD_11656707,2021-02-28,22,1,22,0,0,0,0
JD_11656706,2021-02-28,110,54,77,2,0,0,0
JD_11656512,2021-02-28,5,2,4,0,0,0,0
JD_11656511,2021-02-28,2,2,1,0,0,0,0
JD_11656509,2021-02-28,4,4,0,0,0,0,0
JD_11656508,2021-02-28,774,21,753,12,8,0,2
JD_11656507,2021-02-28,537,0,522,12,3,0,2
JD_11656506,2021-02-28,29,17,26,1,0,0,0
JD_11656504,2021-02-28,1,0,1,0,0,0,0
JD_11656493,2021-02-28,13,0,13,0,0,0,0
JD_11656487,2021-02-28,8,0,8,0,0,0,0
JD_11656486,2021-02-28,3,0,2,0,1,0,0
JD_11656485,2021-02-28,4,0,4,0,0,0,0
JD_11656482,2021-02-28,5,1,5,0,0,0,0
JD_11656481,2021-02-28,2,0,1,0,1,0,0
JD_11656480,2021-02-28,10,0,10,0,0,0,0
JD_11656477,2021-02-28,22,0,20,1,1,0,0
JD_11656476,2021-02-28,18,1,16,2,0,0,0
JD_11656475,2021-02-28,4,0,4,0,0,0,0
JD_11656474,2021-02-28,2,0,2,0,0,0,0
JD_11656473,2021-02-28,72,0,69,2,1,0,0
JD_11656472,2021-02-28,5,2,5,0,0,0,0
JD_11656471,2021-02-28,3,2,3,0,0,0,0
JD_11656470,2021-02-28,4,0,4,0,0,0,0
JD_11656469,2021-02-28,2,0,2,0,0,0,0
JD_11656468,2021-02-28,1,0,1,0,0,0,0
JD_11656467,2021-02-28,6,0,6,0,0,0,0
JD_11656466,2021-02-28,3,1,2,0,0,0,0
JD_11656465,2021-02-28,5,3,2,0,0,0,0
JD_11656464,2021-02-28,3,0,3,0,0,0,0
JD_11656463,2021-02-28,24,0,23,1,0,0,0
JD_11656462,2021-02-28,5,0,4,1,0,0,0
JD_11656460,2021-02-28,0,0,0,0,0,0,0
JD_11656459,2021-02-28,19,0,19,0,0,0,0
JD_11656458,2021-02-28,3,3,0,0,0,0,0
JD_11656457,2021-02-28,31,22,17,0,0,0,1
JD_11656455,2021-02-28,13,8,8,0,1,0,0
JD_11656454,2021-02-28,33,30,15,0,0,0,0
JD_11656452,2021-02-28,0,0,0,0,0,0,0
JD_11656451,2021-02-28,5,5,3,0,0,0,0
JD_11656449,2021-02-28,0,0,0,0,0,0,0
JD_11656447,2021-02-28,43,0,43,0,0,0,0
JD_11656446,2021-02-28,95,76,78,0,0,0,0
