JD_11317199,2021-02-28,4,3,2,0,0,0,0
JD_11317197,2021-02-28,1,1,1,0,0,0,0
JD_11317194,2021-02-28,1,1,1,0,0,0,0
JD_11317193,2021-02-28,0,0,0,0,0,0,0
JD_11317192,2021-02-28,2,1,2,0,0,0,0
JD_11317186,2021-02-28,2,0,2,0,0,0,0
JD_11317185,2021-02-28,0,0,0,0,0,0,0
JD_11317183,2021-02-28,5,2,5,0,0,0,0
JD_11317179,2021-02-28,0,0,0,0,0,0,0
JD_11317177,2021-02-28,4,0,4,0,0,0,0
JD_11317175,2021-02-28,0,0,0,0,0,0,0
JD_11317174,2021-02-28,0,0,0,0,0,0,0
JD_11317172,2021-02-28,9,9,3,0,0,0,0
JD_11317171,2021-02-28,11,7,8,0,0,0,0
JD_11317170,2021-02-28,0,0,0,0,0,0,0
JD_11317169,2021-02-28,1,0,1,0,0,0,0
JD_11317168,2021-02-28,1,0,1,0,0,0,0
JD_11317167,2021-02-28,0,0,0,0,0,0,0
JD_11317165,2021-02-28,0,0,0,0,0,0,0
JD_11317163,2021-02-28,0,0,0,0,0,0,0
JD_11317160,2021-02-28,0,0,0,0,0,0,0
JD_11317159,2021-02-28,6,3,3,0,0,0,0
JD_11317158,2021-02-28,0,0,0,0,0,0,0
JD_11317157,2021-02-28,15,12,8,0,0,0,0
JD_11317156,2021-02-28,6337,708,6027,174,55,2,8
JD_11317155,2021-02-28,0,0,0,0,0,0,0
JD_11317151,2021-02-28,5,5,3,0,0,0,0
JD_11317150,2021-02-28,3,0,3,0,0,0,0
JD_11317147,2021-02-28,0,0,0,0,0,0,0
JD_11317146,2021-02-28,0,0,0,0,0,0,0
JD_11317139,2021-02-28,0,0,0,0,0,0,0
JD_11317137,2021-02-28,16,0,16,0,0,0,0
JD_11317135,2021-02-28,1,1,0,0,0,0,0
JD_11317134,2021-02-28,2,1,2,0,0,0,0
JD_11317133,2021-02-28,0,0,0,0,0,0,0
JD_11317132,2021-02-28,1,1,0,0,0,0,0
JD_11317131,2021-02-28,2,2,1,0,0,0,0
JD_11317130,2021-02-28,1,1,1,0,0,0,0
JD_11317128,2021-02-28,2,0,2,0,0,0,0
JD_11317127,2021-02-28,3,2,2,0,0,0,0
JD_11317125,2021-02-28,0,0,0,0,0,0,0
JD_11317124,2021-02-28,16,15,5,0,0,0,0
JD_11317123,2021-02-28,1,1,1,0,0,0,0
JD_11317122,2021-02-28,10,9,5,0,0,0,0
JD_11317121,2021-02-28,0,0,0,0,0,0,0
JD_11317120,2021-02-28,88,0,85,2,1,0,0
JD_11317119,2021-02-28,4,0,4,0,0,0,0
JD_11317118,2021-02-28,4,0,4,0,0,0,0
JD_11317117,2021-02-28,0,0,0,0,0,0,0
JD_11317116,2021-02-28,94,0,94,0,0,0,0
JD_11317115,2021-02-28,52,0,52,0,0,0,0
JD_11317114,2021-02-28,99,4,97,1,0,0,0
JD_11317113,2021-02-28,3,2,1,0,0,0,0
JD_11317112,2021-02-28,829,478,733,6,2,4,3
JD_11317111,2021-02-28,175,47,171,3,1,0,0
JD_11317110,2021-02-28,127,45,126,1,0,0,1
JD_11317108,2021-02-28,151,56,149,2,0,0,0
JD_11317107,2021-02-28,119,46,118,1,0,0,0
JD_11317106,2021-02-28,184,60,181,2,1,0,3
JD_11317103,2021-02-28,0,0,0,0,0,0,0
JD_11317102,2021-02-28,0,0,0,0,0,0,0
JD_11317101,2021-02-28,3,0,3,0,0,0,0
JD_11317100,2021-02-28,1,0,1,0,0,0,0
JD_11317097,2021-02-28,0,0,0,0,0,0,0
JD_11317096,2021-02-28,0,0,0,0,0,0,0
JD_11317093,2021-02-28,101,48,74,0,0,0,1
JD_11317091,2021-02-28,0,0,0,0,0,0,0
JD_11317089,2021-02-28,6,4,2,0,0,0,0
JD_11317087,2021-02-28,0,0,0,0,0,0,0
JD_11317084,2021-02-28,232,134,226,2,3,1,1
