JD_11437524,2021-02-28,0,0,0,0,0,0,0
JD_11437522,2021-02-28,49,4,46,2,1,0,0
JD_11437521,2021-02-28,176,15,167,5,1,0,0
JD_11437520,2021-02-28,0,0,0,0,0,0,0
JD_11437519,2021-02-28,52,0,51,1,0,0,0
JD_11437518,2021-02-28,383,197,378,3,1,0,1
JD_11437517,2021-02-28,7,5,3,0,1,0,0
JD_11437514,2021-02-28,7,0,7,0,0,0,0
JD_11437513,2021-02-28,350,33,338,5,2,0,0
JD_11437512,2021-02-28,149,4,143,4,2,0,0
JD_11437510,2021-02-28,480,0,453,16,11,0,0
JD_11437508,2021-02-28,2416,1151,2289,21,7,1,12
JD_11437507,2021-02-28,437,0,416,13,8,0,0
JD_11437505,2021-02-28,8,0,7,0,1,0,0
JD_11437502,2021-02-28,29,0,28,0,1,0,0
JD_11437501,2021-02-28,14,9,8,0,0,0,0
JD_11437500,2021-02-28,71,0,67,3,1,0,0
JD_11437499,2021-02-28,18,0,17,0,1,0,0
JD_11437498,2021-02-28,15,0,15,0,0,0,0
JD_11437497,2021-02-28,2,1,3,0,0,0,0
JD_11437495,2021-02-28,11,4,11,0,0,0,0
JD_11437494,2021-02-28,62,33,48,0,0,0,0
JD_11437493,2021-02-28,16,7,13,0,0,0,0
JD_11437489,2021-02-28,149,91,144,2,0,0,1
JD_11437487,2021-02-28,4,3,4,0,0,0,0
JD_11437482,2021-02-28,25,0,23,1,1,0,0
JD_11437481,2021-02-28,28,3,28,0,0,0,0
JD_11437480,2021-02-28,24,6,21,0,1,0,0
JD_11437478,2021-02-28,30,14,29,1,0,0,1
JD_11437477,2021-02-28,283,8,270,8,4,0,0
JD_11437475,2021-02-28,588,352,530,8,2,0,3
JD_11437474,2021-02-28,24,0,23,0,1,0,0
JD_11437473,2021-02-28,195,4,175,14,6,0,0
JD_11437472,2021-02-28,67,41,59,0,0,0,0
JD_11437471,2021-02-28,143,88,143,0,0,0,1
JD_11437470,2021-02-28,4,2,2,0,0,0,0
JD_11437469,2021-02-28,652,332,528,12,5,0,2
JD_11437468,2021-02-28,56,0,54,1,1,0,0
JD_11437467,2021-02-28,56,30,40,1,0,0,0
JD_11437466,2021-02-28,5,4,4,0,0,0,0
JD_11437465,2021-02-28,8,7,5,0,0,0,0
JD_11437464,2021-02-28,2,0,2,0,0,0,0
JD_11437463,2021-02-28,60,27,44,0,0,1,0
JD_11437462,2021-02-28,64,38,46,0,0,0,0
JD_11437461,2021-02-28,43,30,18,1,0,0,0
JD_11437460,2021-02-28,2,0,2,0,0,0,0
JD_11437459,2021-02-28,5,3,3,0,0,0,0
JD_11437458,2021-02-28,1,0,1,0,0,0,0
JD_11437457,2021-02-28,7,5,4,0,0,0,0
JD_11437456,2021-02-28,32,19,20,0,1,0,0
JD_11437455,2021-02-28,93,39,83,0,0,0,1
JD_11437454,2021-02-28,24,3,22,1,0,0,0
JD_11437453,2021-02-28,26,6,23,0,0,0,0
JD_11437452,2021-02-28,13,2,11,0,1,0,0
JD_11437451,2021-02-28,18,5,13,0,0,0,0
JD_11437450,2021-02-28,1,0,1,0,0,0,0
JD_11437449,2021-02-28,13,2,13,0,0,0,1
JD_11437445,2021-02-28,36,4,36,0,0,0,0
JD_11437444,2021-02-28,18,12,14,0,1,0,0
JD_11437443,2021-02-28,14,10,13,0,0,0,0
JD_11437441,2021-02-28,1,1,1,0,0,0,0
JD_11437440,2021-02-28,10,9,3,0,0,0,0
JD_11437439,2021-02-28,53,17,42,1,0,0,0
JD_11437438,2021-02-28,29,15,25,0,0,0,0
JD_11437436,2021-02-28,25,10,23,0,1,0,0
JD_11437435,2021-02-28,4,3,2,0,0,0,0
JD_11437434,2021-02-28,4,3,1,0,0,0,0
JD_11437433,2021-02-28,3,2,2,0,0,0,0
JD_11437432,2021-02-28,0,0,0,0,0,0,0
JD_11437430,2021-02-28,1,1,1,0,0,0,0
