JD_11438652,2021-02-28,0,0,0,0,0,0,0
JD_11438651,2021-02-28,0,0,0,0,0,0,0
JD_11438645,2021-02-28,0,0,0,0,0,0,0
JD_11438641,2021-02-28,0,0,0,0,0,0,0
JD_11438639,2021-02-28,0,0,0,0,0,0,0
JD_11438637,2021-02-28,0,0,0,0,0,0,0
JD_11438636,2021-02-28,1,1,1,0,0,0,0
JD_11438632,2021-02-28,0,0,0,0,0,0,0
JD_11438630,2021-02-28,1,1,0,0,0,0,0
JD_11438629,2021-02-28,0,0,0,0,0,0,0
JD_11438628,2021-02-28,1,1,1,0,0,0,0
JD_11438624,2021-02-28,0,0,0,0,0,0,0
JD_11438622,2021-02-28,0,0,0,0,0,0,0
JD_11438621,2021-02-28,0,0,0,0,0,0,0
JD_11438620,2021-02-28,14,9,10,0,0,0,0
JD_11438619,2021-02-28,1,1,0,0,0,0,0
JD_11438618,2021-02-28,0,0,0,0,0,0,0
JD_11438617,2021-02-28,17,8,15,1,0,0,0
JD_11438615,2021-02-28,0,0,0,0,0,0,0
JD_11438614,2021-02-28,49,25,42,1,0,0,0
JD_11438612,2021-02-28,4,3,1,0,0,0,0
JD_11438610,2021-02-28,0,0,0,0,0,0,0
JD_11438608,2021-02-28,0,0,0,0,0,0,0
JD_11438607,2021-02-28,53,14,49,1,0,0,0
JD_11438605,2021-02-28,47,39,20,1,0,0,0
JD_11438604,2021-02-28,12,6,9,0,0,0,0
JD_11438603,2021-02-28,6,4,4,0,0,0,0
JD_11438602,2021-02-28,0,0,0,0,0,0,0
JD_11438601,2021-02-28,1,0,1,0,0,0,0
JD_11438600,2021-02-28,13,7,8,1,0,0,0
JD_11438599,2021-02-28,85,64,41,1,0,0,1
JD_11438598,2021-02-28,47,37,13,0,0,0,0
JD_11438594,2021-02-28,155,0,153,1,1,0,0
JD_11438593,2021-02-28,5,0,5,0,0,0,0
JD_11438592,2021-02-28,11,1,11,0,0,0,0
JD_11438590,2021-02-28,5,0,5,0,0,0,0
JD_11438589,2021-02-28,4,0,4,0,0,0,0
JD_11438588,2021-02-28,20,16,18,0,0,0,0
JD_11438587,2021-02-28,6,0,6,0,0,0,0
JD_11438586,2021-02-28,5,0,5,0,0,0,0
JD_11438585,2021-02-28,11,0,10,0,1,0,0
JD_11438583,2021-02-28,9,4,9,0,0,0,0
JD_11438579,2021-02-28,218,39,197,10,3,0,1
JD_11438578,2021-02-28,116,1,113,1,2,0,0
JD_11438577,2021-02-28,9,0,9,0,0,0,0
JD_11438573,2021-02-28,0,0,0,0,0,0,0
JD_11438572,2021-02-28,8,6,4,0,0,0,0
JD_11438569,2021-02-28,313,0,304,8,1,0,0
JD_11438563,2021-02-28,14,1,14,0,0,0,0
JD_11438558,2021-02-28,55,3,52,3,0,0,0
JD_11438557,2021-02-28,35,2,34,1,0,0,0
JD_11438556,2021-02-28,318,135,295,4,2,1,1
JD_11438555,2021-02-28,111,2,104,5,2,0,0
JD_11438554,2021-02-28,27,0,25,1,1,0,0
JD_11438553,2021-02-28,31,0,29,2,0,0,0
JD_11438552,2021-02-28,7,1,5,0,1,0,0
JD_11438551,2021-02-28,57,3,47,6,3,0,0
JD_11438550,2021-02-28,41,15,39,2,0,0,0
JD_11438549,2021-02-28,39,3,35,3,1,0,1
JD_11438548,2021-02-28,117,0,112,4,1,0,0
JD_11438547,2021-02-28,2,1,2,0,0,0,0
JD_11438546,2021-02-28,31,2,28,3,0,0,0
JD_11438545,2021-02-28,52,7,50,1,0,0,1
JD_11438541,2021-02-28,2362,1688,1310,12,19,1,9
JD_11438538,2021-02-28,3,0,3,0,0,0,0
JD_11438537,2021-02-28,18,0,18,0,0,0,0
JD_11438535,2021-02-28,28,0,28,0,0,0,0
JD_11438534,2021-02-28,2,0,1,1,0,0,0
JD_11438533,2021-02-28,1,0,1,0,0,0,0
JD_11438532,2021-02-28,28,0,28,0,0,0,0
