JD_11348968,2021-02-28,844,110,795,34,6,0,0
JD_11348967,2021-02-28,1329,715,842,16,4,1,1
JD_11348966,2021-02-28,3838,2056,2518,28,12,2,6
JD_11348965,2021-02-28,198,0,193,3,2,0,0
JD_11348964,2021-02-28,79,62,25,0,0,0,0
JD_11348963,2021-02-28,33,22,14,0,0,0,0
JD_11348962,2021-02-28,37,22,26,1,0,0,0
JD_11348961,2021-02-28,34,8,30,0,0,0,0
JD_11348960,2021-02-28,48,19,39,0,0,0,0
JD_11348959,2021-02-28,16846,13883,7634,33,12,10,19
JD_11348958,2021-02-28,39,33,14,0,0,0,0
JD_11348957,2021-02-28,35,10,31,1,0,0,0
JD_11348956,2021-02-28,788,167,765,17,2,1,1
JD_11348955,2021-02-28,24,9,23,0,0,0,0
JD_11348954,2021-02-28,302,130,264,1,1,0,0
JD_11348953,2021-02-28,11,3,9,0,0,0,0
JD_11348952,2021-02-28,1,0,1,0,0,0,0
JD_11348951,2021-02-28,16,4,12,0,0,0,0
JD_11348950,2021-02-28,1859,0,1760,79,20,0,0
JD_11348949,2021-02-28,7,0,7,0,0,0,0
JD_11348948,2021-02-28,14,0,14,0,0,0,0
JD_11348945,2021-02-28,43,25,28,0,1,0,0
JD_11348944,2021-02-28,53,27,39,1,2,0,0
JD_11348943,2021-02-28,56,22,45,3,2,0,0
JD_11348942,2021-02-28,52,39,20,0,0,0,0
JD_11348941,2021-02-28,37,3,34,2,0,0,0
JD_11348940,2021-02-28,25,1,23,1,0,0,0
JD_11348939,2021-02-28,340,0,328,10,2,0,0
JD_11348938,2021-02-28,45,15,40,1,0,0,0
JD_11348937,2021-02-28,13,7,6,0,0,0,0
JD_11348936,2021-02-28,74,4,68,2,0,0,0
JD_11348935,2021-02-28,53,6,47,6,0,0,0
JD_11348932,2021-02-28,189,72,188,1,0,0,0
JD_11348931,2021-02-28,15,0,14,1,0,0,0
JD_11348930,2021-02-28,148,0,136,8,4,0,0
JD_11348929,2021-02-28,19,2,19,0,0,0,0
JD_11348928,2021-02-28,7,3,7,0,0,0,0
JD_11348926,2021-02-28,163,74,144,2,2,1,1
JD_11348925,2021-02-28,15,5,14,1,0,0,0
JD_11348924,2021-02-28,248,97,198,2,2,0,1
JD_11348919,2021-02-28,14,2,13,0,0,0,0
JD_11348916,2021-02-28,158,0,142,14,2,0,0
JD_11348910,2021-02-28,413,80,406,3,1,0,0
JD_11348909,2021-02-28,25,3,22,3,0,0,0
JD_11348908,2021-02-28,18,7,18,0,0,0,0
JD_11348907,2021-02-28,29,21,29,0,0,0,0
JD_11348905,2021-02-28,48,0,48,0,0,0,0
JD_11348904,2021-02-28,105,0,102,2,1,0,0
JD_11348903,2021-02-28,16,3,16,0,0,0,0
JD_11348902,2021-02-28,19,9,18,0,0,0,0
JD_11348890,2021-02-28,1570,989,990,18,11,3,8
JD_11348887,2021-02-28,5,2,5,0,0,0,0
JD_11348886,2021-02-28,14,6,12,1,0,0,0
JD_11348884,2021-02-28,15,13,10,0,0,0,0
JD_11348883,2021-02-28,3,2,1,0,0,0,0
JD_11348882,2021-02-28,2,0,2,0,0,0,0
JD_11348881,2021-02-28,3,1,3,0,0,0,0
JD_11348880,2021-02-28,6,0,4,1,1,0,0
JD_11348879,2021-02-28,42,22,24,0,1,0,0
JD_11348878,2021-02-28,4,3,4,0,0,0,0
JD_11348875,2021-02-28,7,2,6,0,1,0,0
JD_11348874,2021-02-28,38,2,37,0,1,0,0
JD_11348873,2021-02-28,6503,1931,5685,241,122,5,17
JD_11348872,2021-02-28,1661,492,1516,21,4,1,4
JD_11348870,2021-02-28,27,2,27,0,0,0,0
JD_11348869,2021-02-28,907,7,883,19,5,0,0
JD_11348868,2021-02-28,37,10,36,0,0,0,0
JD_11348867,2021-02-28,30,10,29,0,0,0,0
JD_11348866,2021-02-28,29,9,28,0,0,0,1
JD_11348862,2021-02-28,19,1,19,0,0,0,0
