JD_12499632,2021-02-28,655,560,222,1,1,1,0
JD_12499631,2021-02-28,217,182,34,0,1,1,0
JD_12499630,2021-02-28,14,10,7,0,0,0,0
JD_12499629,2021-02-28,821,688,131,1,1,0,3
JD_12499628,2021-02-28,327,271,132,1,0,2,0
JD_12499627,2021-02-28,143,119,24,0,0,0,1
JD_12499375,2021-02-28,19,11,8,0,0,0,1
JD_12499374,2021-02-28,130,98,50,0,0,0,0
JD_12499373,2021-02-28,127,107,20,0,0,0,0
JD_12499372,2021-02-28,380,329,90,1,0,1,1
JD_12499371,2021-02-28,16,16,0,0,0,0,0
JD_12499370,2021-02-28,434,361,92,0,0,1,0
JD_12499369,2021-02-28,69,62,7,0,0,0,0
JD_12499368,2021-02-28,165,135,55,0,1,0,0
JD_12499367,2021-02-28,17,14,3,0,0,0,0
JD_12499366,2021-02-28,382,327,80,0,0,1,0
JD_12499365,2021-02-28,43,38,5,0,0,0,0
JD_12499364,2021-02-28,3,2,1,0,0,0,0
JD_12499363,2021-02-28,1661,1292,366,1,2,3,7
JD_12499362,2021-02-28,425,319,162,2,1,2,3
JD_12499361,2021-02-28,41,27,14,0,0,0,0
JD_12499360,2021-02-28,0,0,0,0,0,0,0
JD_12499359,2021-02-28,144,109,35,0,0,0,0
JD_12499358,2021-02-28,254,216,56,0,0,0,0
JD_12499357,2021-02-28,101,77,24,0,0,0,0
JD_12499356,2021-02-28,528,444,125,0,0,1,0
JD_12499355,2021-02-28,2171,1777,390,2,2,2,6
JD_12499354,2021-02-28,199,167,48,0,0,0,0
JD_12499353,2021-02-28,209,188,21,0,0,0,0
JD_12499352,2021-02-28,567,467,127,1,0,1,0
JD_12499350,2021-02-28,56,44,22,0,0,0,1
JD_12499349,2021-02-28,119,105,14,0,0,0,1
JD_12499348,2021-02-28,709,568,283,1,1,2,5
JD_12499347,2021-02-28,8,8,0,0,0,0,0
JD_12499346,2021-02-28,86,72,20,0,0,0,0
JD_12499345,2021-02-28,69,62,7,0,0,0,0
JD_12499344,2021-02-28,41,33,22,0,0,1,0
JD_12499343,2021-02-28,6,6,0,0,0,0,0
JD_12499342,2021-02-28,22,21,8,0,0,0,0
JD_12499341,2021-02-28,58,49,8,1,0,0,1
JD_12499340,2021-02-28,190,167,23,0,0,0,0
JD_12499339,2021-02-28,83,74,9,0,0,0,0
JD_12499338,2021-02-28,144,116,45,0,0,0,0
JD_12499337,2021-02-28,335,289,46,0,0,0,1
JD_12499336,2021-02-28,16,13,8,0,0,0,0
JD_12499335,2021-02-28,1914,1597,315,1,1,1,2
JD_12499334,2021-02-28,1192,1001,317,1,1,1,1
JD_12499263,2021-02-28,132,105,27,0,0,1,0
JD_12499262,2021-02-28,13,12,1,0,0,0,0
JD_12499261,2021-02-28,155,124,31,0,0,0,0
JD_12499260,2021-02-28,2,1,2,0,0,0,0
JD_12499259,2021-02-28,97,78,18,0,1,0,1
JD_12499258,2021-02-28,36,20,22,0,1,0,0
JD_12499257,2021-02-28,34,25,9,0,0,0,0
JD_12499256,2021-02-28,9,8,1,0,0,0,0
JD_12499255,2021-02-28,34,26,8,0,0,0,0
JD_12499254,2021-02-28,5,4,1,0,0,0,0
JD_12499253,2021-02-28,53,45,8,0,0,0,0
JD_12499252,2021-02-28,7,6,1,0,0,0,0
JD_12499251,2021-02-28,445,368,75,1,1,0,1
JD_12499250,2021-02-28,187,157,33,0,0,0,0
JD_12499249,2021-02-28,515,462,53,0,0,0,0
JD_12499248,2021-02-28,10,5,5,0,0,0,0
JD_12499247,2021-02-28,12,10,2,0,0,0,0
JD_12499246,2021-02-28,15,9,7,0,0,0,0
JD_12499245,2021-02-28,3,2,1,0,0,0,0
JD_12499244,2021-02-28,2,1,1,0,0,0,0
JD_12499243,2021-02-28,9,5,4,0,0,0,0
JD_12499242,2021-02-28,3,1,2,0,0,0,0
JD_12499241,2021-02-28,2,2,0,0,0,0,0
