JD_11965496,2021-02-28,111,0,111,0,0,0,1
JD_11965495,2021-02-28,3,3,3,0,0,0,0
JD_11965494,2021-02-28,237,83,232,4,1,0,1
JD_11965493,2021-02-28,42,30,30,0,0,0,0
JD_11965492,2021-02-28,151,0,149,2,0,0,1
JD_11965491,2021-02-28,99,65,64,0,0,0,0
JD_11965490,2021-02-28,211,2,208,2,1,0,1
JD_11965489,2021-02-28,106,83,41,0,0,0,0
JD_11965488,2021-02-28,123,0,122,0,1,0,0
JD_11965487,2021-02-28,228,168,149,0,0,0,0
JD_11965486,2021-02-28,40,36,24,0,0,0,0
JD_11965485,2021-02-28,50,33,32,0,0,0,0
JD_11965484,2021-02-28,9,7,6,0,0,0,0
JD_11965482,2021-02-28,9,8,2,0,0,0,0
JD_11965481,2021-02-28,1313,247,1304,6,3,2,8
JD_11965480,2021-02-28,86,66,67,0,0,0,0
JD_11965479,2021-02-28,183,141,117,0,0,0,0
JD_11965477,2021-02-28,15,9,10,0,0,0,0
JD_11965476,2021-02-28,101,66,74,0,0,0,1
JD_11965475,2021-02-28,11,6,9,0,0,0,1
JD_11965474,2021-02-28,683,505,433,1,0,0,0
JD_11965473,2021-02-28,261,184,170,0,1,1,0
JD_11965472,2021-02-28,91,39,59,2,0,0,1
JD_11965471,2021-02-28,18,15,13,0,0,0,0
JD_11965470,2021-02-28,443,240,334,0,1,1,1
JD_11965468,2021-02-28,20,0,20,0,0,0,0
JD_11965467,2021-02-28,82,51,81,1,0,0,0
JD_11965466,2021-02-28,384,22,381,2,1,0,10
JD_11965465,2021-02-28,1,0,1,0,0,0,0
JD_11965464,2021-02-28,14,7,12,0,0,0,0
JD_11965463,2021-02-28,6,6,5,0,0,0,0
JD_11965462,2021-02-28,33,26,15,0,0,0,0
JD_11965461,2021-02-28,0,0,0,0,0,0,0
JD_11965460,2021-02-28,1,0,1,0,0,0,0
JD_11965458,2021-02-28,0,0,0,0,0,0,0
JD_11965457,2021-02-28,58,48,33,0,0,0,0
JD_11965456,2021-02-28,1,1,1,0,0,0,0
JD_11965455,2021-02-28,0,0,0,0,0,0,0
JD_11965454,2021-02-28,0,0,0,0,0,0,0
JD_11965453,2021-02-28,108,84,69,0,0,0,0
JD_11965452,2021-02-28,31,25,27,0,0,0,0
JD_11965129,2021-02-28,175,128,102,0,0,1,0
JD_11965128,2021-02-28,5,3,4,0,0,0,0
JD_11965127,2021-02-28,124,103,63,0,0,0,0
JD_11965126,2021-02-28,14,8,12,0,0,0,0
JD_11965124,2021-02-28,243,127,201,2,1,0,0
JD_11965123,2021-02-28,226,144,172,0,1,2,1
JD_11965122,2021-02-28,224,147,143,1,2,0,1
JD_11965120,2021-02-28,77,44,65,0,0,0,0
JD_11965118,2021-02-28,34,22,23,0,1,0,0
JD_11965117,2021-02-28,83,55,61,0,1,0,1
JD_11965116,2021-02-28,7,6,3,0,0,0,0
JD_11965115,2021-02-28,76,52,49,0,0,0,1
JD_11965114,2021-02-28,7,4,6,0,0,0,0
JD_11965112,2021-02-28,7,5,5,0,0,0,0
JD_11965111,2021-02-28,11,8,6,0,0,0,0
JD_11965110,2021-02-28,88,76,32,0,0,0,0
JD_11965109,2021-02-28,18,11,11,0,0,0,0
JD_11965108,2021-02-28,343,235,253,0,0,1,0
JD_11965107,2021-02-28,193,115,130,1,0,1,0
JD_11965106,2021-02-28,2757,2108,1554,3,5,3,2
JD_11965104,2021-02-28,57,38,47,0,0,0,0
JD_11965103,2021-02-28,1,1,1,0,0,0,0
JD_11965102,2021-02-28,91,57,60,0,0,1,0
JD_11965101,2021-02-28,2,1,2,0,0,0,0
JD_11965100,2021-02-28,333,223,224,2,2,0,1
JD_11965099,2021-02-28,8,3,6,0,0,0,0
JD_11965098,2021-02-28,65,42,49,0,0,0,0
JD_11965096,2021-02-28,71,45,51,0,0,1,0
JD_11965095,2021-02-28,24,17,13,0,0,0,0
