JD_11360729,2021-02-28,10,1,9,1,0,0,0
JD_11360728,2021-02-28,114,48,105,2,0,0,0
JD_11360727,2021-02-28,2,2,1,0,0,0,0
JD_11360726,2021-02-28,110,51,88,2,0,0,0
JD_11360724,2021-02-28,20,3,20,0,0,0,0
JD_11360723,2021-02-28,132,0,129,1,2,0,0
JD_11360719,2021-02-28,2,0,2,0,0,0,0
JD_11360718,2021-02-28,1,1,1,0,0,0,0
JD_11360715,2021-02-28,473,217,466,3,2,0,0
JD_11360714,2021-02-28,392,49,382,8,1,0,0
JD_11360711,2021-02-28,66,25,63,2,1,0,0
JD_11360710,2021-02-28,5,3,5,0,0,0,0
JD_11360709,2021-02-28,788,583,493,0,1,0,3
JD_11360708,2021-02-28,34,11,33,1,0,0,0
JD_11360707,2021-02-28,21,4,20,1,0,0,0
JD_11360705,2021-02-28,272,154,229,1,2,0,2
JD_11360704,2021-02-28,12,2,11,0,0,0,0
JD_11360699,2021-02-28,63,12,61,1,1,0,1
JD_11360696,2021-02-28,0,0,0,0,0,0,0
JD_11360695,2021-02-28,0,0,0,0,0,0,0
JD_11360693,2021-02-28,3,3,3,0,0,0,0
JD_11360691,2021-02-28,0,0,0,0,0,0,0
JD_11360690,2021-02-28,0,0,0,0,0,0,0
JD_11360689,2021-02-28,5,5,1,0,0,0,0
JD_11360688,2021-02-28,45,17,44,0,0,0,0
JD_11360687,2021-02-28,136,0,131,5,0,0,0
JD_11360686,2021-02-28,23,0,21,2,0,0,0
JD_11360685,2021-02-28,83,0,82,1,0,0,0
JD_11360684,2021-02-28,41,0,40,1,0,0,0
JD_11360683,2021-02-28,258,0,243,12,3,0,0
JD_11360682,2021-02-28,55,0,53,2,0,0,0
JD_11360681,2021-02-28,1698,0,1588,87,23,0,0
JD_11360680,2021-02-28,16,0,16,0,0,0,0
JD_11360679,2021-02-28,36,13,34,1,0,0,1
JD_11360678,2021-02-28,28,15,15,0,0,0,0
JD_11360677,2021-02-28,128,0,127,1,0,0,0
JD_11360676,2021-02-28,210,0,191,18,1,0,0
JD_11360675,2021-02-28,560,0,543,13,4,0,0
JD_11360674,2021-02-28,1068,0,1017,42,9,0,0
JD_11360673,2021-02-28,121,0,113,5,3,0,0
JD_11360671,2021-02-28,44,30,44,0,0,0,0
JD_11360670,2021-02-28,25,10,20,0,1,0,0
JD_11360669,2021-02-28,102,0,98,4,0,0,0
JD_11360668,2021-02-28,23,0,22,0,1,0,0
JD_11360667,2021-02-28,184,0,172,9,3,0,0
JD_11360666,2021-02-28,131,80,89,1,0,0,1
JD_11360665,2021-02-28,15,6,12,0,0,0,0
JD_11360664,2021-02-28,16,10,15,0,0,0,1
JD_11360663,2021-02-28,4,3,1,1,0,0,0
JD_11360662,2021-02-28,10,2,8,1,0,0,0
JD_11360661,2021-02-28,50,30,49,0,0,0,0
JD_11360660,2021-02-28,86,36,84,1,0,0,0
JD_11360659,2021-02-28,24,7,24,0,0,0,0
JD_11360658,2021-02-28,139,29,134,4,1,0,0
JD_11360656,2021-02-28,53,9,50,1,1,0,0
JD_11360655,2021-02-28,2,2,1,0,0,0,0
JD_11360654,2021-02-28,28,21,13,0,0,0,0
JD_11360653,2021-02-28,21,5,21,0,0,0,0
JD_11360652,2021-02-28,76,8,69,2,1,0,0
JD_11360651,2021-02-28,3,2,1,0,0,0,0
JD_11360650,2021-02-28,8,5,6,0,0,0,0
JD_11360649,2021-02-28,65,11,63,1,0,0,0
JD_11360648,2021-02-28,1,0,1,0,0,0,0
JD_11360646,2021-02-28,3,2,3,0,0,0,0
JD_11360644,2021-02-28,459,153,396,4,1,0,0
JD_11360643,2021-02-28,35,5,33,2,0,0,0
JD_11360642,2021-02-28,30,17,24,0,0,0,0
JD_11360639,2021-02-28,1628,1256,417,1,5,2,2
JD_11360638,2021-02-28,130,33,128,1,0,0,1
JD_11360628,2021-02-28,157,0,147,7,3,0,0
