JD_11612227,2021-02-28,0,0,0,0,0,0,0
JD_11612226,2021-02-28,7,2,7,0,0,0,0
JD_11612225,2021-02-28,3,1,3,0,0,0,0
JD_11612223,2021-02-28,0,0,0,0,0,0,0
JD_11612222,2021-02-28,95,64,50,1,0,0,0
JD_11612221,2021-02-28,22,15,16,1,0,0,0
JD_11612219,2021-02-28,8,7,6,0,0,0,0
JD_11612214,2021-02-28,0,0,0,0,0,0,0
JD_11612213,2021-02-28,7,4,6,0,0,0,0
JD_11612209,2021-02-28,0,0,0,0,0,0,0
JD_11612208,2021-02-28,0,0,0,0,0,0,0
JD_11612204,2021-02-28,5481,3973,4399,9,6,5,8
JD_11612201,2021-02-28,10715,8006,8606,15,9,7,11
JD_11612200,2021-02-28,199,52,174,4,0,0,0
JD_11612195,2021-02-28,621,229,576,7,2,0,4
JD_11612192,2021-02-28,264,78,257,3,1,0,0
JD_11612190,2021-02-28,0,0,0,0,0,0,0
JD_11612189,2021-02-28,1665,1172,1379,6,2,1,3
JD_11612188,2021-02-28,0,0,0,0,0,0,0
JD_11612187,2021-02-28,58,28,57,0,0,0,0
JD_11612185,2021-02-28,53,28,37,0,0,0,0
JD_11612183,2021-02-28,1,1,1,0,0,0,0
JD_11612182,2021-02-28,1,1,1,0,0,0,0
JD_11612181,2021-02-28,0,0,0,0,0,0,0
JD_11612179,2021-02-28,9,6,9,0,0,0,0
JD_11612178,2021-02-28,8,0,8,0,0,0,0
JD_11612174,2021-02-28,53,42,25,0,0,0,0
JD_11612173,2021-02-28,133,82,100,1,0,0,1
JD_11612172,2021-02-28,1,1,0,0,0,0,0
JD_11612171,2021-02-28,0,0,0,0,0,0,0
JD_11612170,2021-02-28,2,1,2,0,0,0,0
JD_11612169,2021-02-28,0,0,0,0,0,0,0
JD_11612166,2021-02-28,3,1,2,0,0,0,0
JD_11612165,2021-02-28,0,0,0,0,0,0,0
JD_11612164,2021-02-28,1,0,1,0,0,0,0
JD_11612163,2021-02-28,2,1,2,0,0,0,0
JD_11612162,2021-02-28,2,0,2,0,0,0,0
JD_11612161,2021-02-28,1,0,1,0,0,0,0
JD_11612160,2021-02-28,0,0,0,0,0,0,0
JD_11612156,2021-02-28,1,1,1,0,0,0,0
JD_11611804,2021-02-28,33,0,33,0,0,0,0
JD_11611803,2021-02-28,15,0,15,0,0,0,0
JD_11611802,2021-02-28,30,0,29,1,0,0,0
JD_11611801,2021-02-28,32,0,31,1,0,0,0
JD_11611800,2021-02-28,2204,1601,1561,6,2,3,2
JD_11611799,2021-02-28,3,0,3,0,0,0,0
JD_11611798,2021-02-28,14,0,14,0,0,0,0
JD_11611797,2021-02-28,59,0,57,2,0,0,0
JD_11611796,2021-02-28,32,1,29,2,0,0,0
JD_11611795,2021-02-28,47,0,47,0,0,0,0
JD_11611794,2021-02-28,73,0,67,5,1,0,0
JD_11611793,2021-02-28,43,0,42,1,0,0,0
JD_11611792,2021-02-28,223,103,222,1,0,0,0
JD_11611791,2021-02-28,2681,132,2593,45,16,0,5
JD_11611790,2021-02-28,54,0,53,0,1,0,0
JD_11611789,2021-02-28,24,0,24,0,0,0,0
JD_11611788,2021-02-28,624,131,576,5,3,0,0
JD_11611787,2021-02-28,3,1,3,0,0,0,0
JD_11611786,2021-02-28,89,52,67,1,1,0,0
JD_11611785,2021-02-28,17,0,16,1,0,0,0
JD_11611784,2021-02-28,322,92,312,2,0,0,0
JD_11611783,2021-02-28,2440,1133,1794,28,6,1,0
JD_11611782,2021-02-28,3,3,0,0,0,0,0
JD_11611781,2021-02-28,73,0,68,5,0,0,0
JD_11611780,2021-02-28,295,133,285,1,0,0,1
JD_11611779,2021-02-28,13157,9525,10837,36,24,6,21
JD_11611778,2021-02-28,114,73,72,0,0,0,0
JD_11611777,2021-02-28,936,0,926,7,3,0,0
JD_11611774,2021-02-28,224,149,221,0,0,0,0
JD_11611772,2021-02-28,659,494,512,1,1,0,2
