JD_12525077,2021-02-28,0,0,0,0,0,0,0
JD_12525076,2021-02-28,17,14,12,0,0,0,0
JD_12525075,2021-02-28,1,0,1,0,0,0,0
JD_12525074,2021-02-28,75,55,63,1,0,0,0
JD_12525073,2021-02-28,4,3,1,0,0,0,0
JD_12525072,2021-02-28,16,12,17,0,0,0,0
JD_12525071,2021-02-28,11,10,1,0,0,0,0
JD_12525070,2021-02-28,22172,18650,3888,24,23,14,25
JD_12525069,2021-02-28,0,0,0,0,0,0,0
JD_12525068,2021-02-28,761,668,115,0,0,0,1
JD_12525067,2021-02-28,17,11,6,0,0,0,0
JD_12525066,2021-02-28,108,80,28,0,0,0,0
JD_12525065,2021-02-28,44,30,14,0,0,0,1
JD_12525064,2021-02-28,0,0,0,0,0,0,0
JD_12525063,2021-02-28,9,9,0,0,0,0,0
JD_12525062,2021-02-28,0,0,0,0,0,0,0
JD_12525061,2021-02-28,205,179,26,0,0,0,0
JD_12525060,2021-02-28,391,300,162,0,1,1,1
JD_12525059,2021-02-28,104,90,14,0,0,0,0
JD_12525058,2021-02-28,9,6,5,0,0,0,0
JD_12525057,2021-02-28,174,152,21,0,1,0,0
JD_12525056,2021-02-28,40,35,8,0,0,0,0
JD_12525055,2021-02-28,684,616,65,3,0,0,0
JD_12525054,2021-02-28,22,11,12,0,0,0,1
JD_12525053,2021-02-28,102,91,11,0,0,0,0
JD_12525052,2021-02-28,0,0,0,0,0,0,0
JD_12525051,2021-02-28,114,101,12,1,0,0,0
JD_12525050,2021-02-28,107,84,44,0,0,1,0
JD_12525049,2021-02-28,1314,1182,127,4,1,0,1
JD_12525048,2021-02-28,17,13,5,0,0,0,0
JD_12525047,2021-02-28,131,104,27,0,0,0,0
JD_12525046,2021-02-28,14,14,0,0,0,0,0
JD_12525045,2021-02-28,215,180,35,0,0,0,0
JD_12525044,2021-02-28,49,46,8,0,0,0,0
JD_12525043,2021-02-28,14,14,0,0,0,0,0
JD_12525042,2021-02-28,74,63,17,0,0,0,1
JD_12525041,2021-02-28,14,11,3,0,0,0,0
JD_12525040,2021-02-28,11,11,0,0,0,0,0
JD_12525039,2021-02-28,9,9,0,0,0,0,0
JD_12525038,2021-02-28,11,8,3,0,0,0,1
JD_12525037,2021-02-28,35,31,4,0,0,0,0
JD_12525036,2021-02-28,258,222,37,0,0,0,1
JD_12525035,2021-02-28,12,11,1,0,0,0,0
JD_12525034,2021-02-28,210,189,21,0,0,0,0
JD_12525033,2021-02-28,6,5,1,0,0,0,0
JD_12525031,2021-02-28,6,6,0,0,0,0,0
JD_12525030,2021-02-28,59,52,8,0,0,0,0
JD_12525029,2021-02-28,7,6,1,0,0,0,0
JD_12525028,2021-02-28,446,386,70,1,0,1,0
JD_12525027,2021-02-28,17,13,4,0,0,0,0
JD_12525026,2021-02-28,113,97,26,1,0,0,0
JD_12525025,2021-02-28,2,1,1,0,0,0,0
JD_12525024,2021-02-28,177,149,42,0,0,1,0
JD_12525023,2021-02-28,4,4,0,0,0,0,0
JD_12525022,2021-02-28,3211,2690,541,4,1,2,5
JD_12525021,2021-02-28,63,46,17,0,0,0,0
JD_12525020,2021-02-28,16,12,5,0,0,0,0
JD_12525019,2021-02-28,7,2,5,0,0,0,0
JD_12525018,2021-02-28,28,24,7,0,0,0,0
JD_12525017,2021-02-28,23,20,3,0,0,0,0
JD_12525016,2021-02-28,1,1,0,0,0,0,0
JD_12525015,2021-02-28,4,4,0,0,0,0,0
JD_12525014,2021-02-28,47,35,12,0,0,0,1
JD_12525013,2021-02-28,4,4,0,0,0,0,0
JD_12525012,2021-02-28,404,326,122,0,2,0,0
JD_12525011,2021-02-28,22,20,2,0,0,0,0
JD_12525010,2021-02-28,5650,4781,910,2,0,5,7
JD_12525009,2021-02-28,11,9,2,0,0,0,0
JD_12525008,2021-02-28,13,11,2,0,0,0,0
JD_12525007,2021-02-28,182,150,32,0,0,0,0
