JD_12234144,2021-02-28,45,38,27,0,0,0,0
JD_12234142,2021-02-28,131,108,77,0,0,0,0
JD_12234140,2021-02-28,5427,4362,3957,8,5,10,17
JD_12234139,2021-02-28,836,682,612,3,0,2,1
JD_12234138,2021-02-28,1648,1186,1191,1,1,6,2
JD_12234137,2021-02-28,1255,1026,875,0,0,3,1
JD_12234135,2021-02-28,24,19,15,0,0,0,0
JD_12234133,2021-02-28,26,23,21,0,0,0,0
JD_12234131,2021-02-28,3,3,2,0,0,0,0
JD_12234130,2021-02-28,0,0,0,0,0,0,0
JD_12234129,2021-02-28,287,238,215,1,0,0,0
JD_12234128,2021-02-28,49,35,28,0,0,1,0
JD_12234126,2021-02-28,25,17,10,0,0,0,0
JD_12234125,2021-02-28,3,3,1,0,0,0,0
JD_12234124,2021-02-28,21,17,7,0,0,0,0
JD_12234123,2021-02-28,30,26,10,0,0,0,0
JD_12234121,2021-02-28,26,16,20,0,0,0,0
JD_12234119,2021-02-28,20,17,2,0,1,0,0
JD_12234118,2021-02-28,0,0,0,0,0,0,0
JD_12234117,2021-02-28,2270,1747,889,2,2,2,0
JD_12234116,2021-02-28,2088,1711,783,0,1,3,1
JD_12234115,2021-02-28,1783,1539,1535,5,0,2,3
JD_12234114,2021-02-28,3463,2821,1452,5,3,5,0
JD_12234113,2021-02-28,2488,2177,1748,1,5,0,4
JD_12234112,2021-02-28,1195,875,1188,5,1,2,4
JD_12234111,2021-02-28,274,234,204,0,0,0,0
JD_12234110,2021-02-28,289,247,172,0,0,0,1
JD_12234108,2021-02-28,97,84,50,0,0,0,1
JD_12234107,2021-02-28,495,355,460,2,0,1,1
JD_12233864,2021-02-28,163,84,160,2,1,0,0
JD_12233863,2021-02-28,5,3,2,0,0,0,0
JD_12233862,2021-02-28,696,470,407,1,0,0,5
JD_12233861,2021-02-28,94,75,92,0,1,0,0
JD_12233860,2021-02-28,1050,693,649,3,0,3,5
JD_12233859,2021-02-28,46,36,32,0,0,0,1
JD_12233858,2021-02-28,1103,868,806,0,0,0,2
JD_12233857,2021-02-28,148,120,55,0,0,0,0
JD_12233856,2021-02-28,72,52,63,0,0,0,0
JD_12233855,2021-02-28,65,55,41,0,0,0,0
JD_12233854,2021-02-28,620,515,231,6,5,0,5
JD_12233853,2021-02-28,19,15,9,0,0,0,0
JD_12233852,2021-02-28,173,124,164,0,0,0,1
JD_12233851,2021-02-28,66,51,35,0,0,0,0
JD_12233850,2021-02-28,1520,1182,1089,5,10,3,7
JD_12233849,2021-02-28,38,27,27,0,0,0,0
JD_12233848,2021-02-28,5710,4739,2000,5,3,7,5
JD_12233847,2021-02-28,7,5,5,0,0,0,0
JD_12233846,2021-02-28,965,829,421,1,0,1,0
JD_12233845,2021-02-28,8,8,3,0,0,0,0
JD_12233843,2021-02-28,4,3,3,0,0,0,0
JD_12233840,2021-02-28,15,10,12,0,0,0,0
JD_12233839,2021-02-28,4,3,3,0,0,0,0
JD_12233837,2021-02-28,16,14,2,0,0,0,0
JD_12233835,2021-02-28,0,0,0,0,0,0,0
JD_12233833,2021-02-28,16,13,15,0,0,0,0
JD_12233832,2021-02-28,395,252,336,1,0,1,1
JD_12233831,2021-02-28,10,8,7,0,0,0,0
JD_12233829,2021-02-28,7,7,7,0,0,0,0
JD_12233828,2021-02-28,103,88,56,0,0,0,1
JD_12233827,2021-02-28,10,9,10,0,0,0,0
JD_12233825,2021-02-28,67,54,67,0,0,0,0
JD_12233824,2021-02-28,281,236,101,0,0,0,1
JD_12233823,2021-02-28,5,5,4,0,0,0,0
JD_12233822,2021-02-28,442,347,416,0,0,0,0
JD_12233821,2021-02-28,158,138,87,0,0,0,0
JD_12233820,2021-02-28,230,181,133,0,0,0,1
JD_12233819,2021-02-28,0,0,0,0,0,0,0
JD_12233818,2021-02-28,204,165,114,0,0,0,0
JD_12233816,2021-02-28,712,593,280,0,1,0,2
JD_12233815,2021-02-28,1209,1032,617,1,0,0,0
