JD_11742042,2021-02-28,0,0,0,0,0,0,0
JD_11742041,2021-02-28,9,7,7,0,0,0,0
JD_11742040,2021-02-28,1,0,1,0,0,0,0
JD_11742039,2021-02-28,0,0,0,0,0,0,0
JD_11742038,2021-02-28,0,0,0,0,0,0,0
JD_11742037,2021-02-28,42,38,4,0,0,0,0
JD_11742036,2021-02-28,3,2,3,0,0,0,0
JD_11742035,2021-02-28,10,0,10,0,0,0,0
JD_11742034,2021-02-28,1,0,1,0,0,0,0
JD_11742033,2021-02-28,1,0,1,0,0,0,0
JD_11742031,2021-02-28,0,0,0,0,0,0,0
JD_11742030,2021-02-28,9,3,9,0,0,0,0
JD_11742028,2021-02-28,10,4,9,1,0,0,0
JD_11742024,2021-02-28,1,1,1,0,0,0,0
JD_11742022,2021-02-28,0,0,0,0,0,0,0
JD_11742021,2021-02-28,0,0,0,0,0,0,0
JD_11742020,2021-02-28,1,0,1,0,0,0,0
JD_11742019,2021-02-28,0,0,0,0,0,0,0
JD_11742017,2021-02-28,86,64,38,0,0,0,1
JD_11742016,2021-02-28,7,3,4,1,1,0,0
JD_11742015,2021-02-28,0,0,0,0,0,0,0
JD_11742014,2021-02-28,0,0,0,0,0,0,0
JD_11742013,2021-02-28,0,0,0,0,0,0,0
JD_11742012,2021-02-28,0,0,0,0,0,0,0
JD_11742011,2021-02-28,2,0,2,0,0,0,0
JD_11742010,2021-02-28,11,8,8,0,0,0,0
JD_11742007,2021-02-28,1,0,1,0,0,0,0
JD_11742006,2021-02-28,0,0,0,0,0,0,0
JD_11742005,2021-02-28,0,0,0,0,0,0,0
JD_11742004,2021-02-28,1,0,1,0,0,0,1
JD_11742003,2021-02-28,2,0,2,0,0,0,0
JD_11742001,2021-02-28,7,5,4,0,0,0,1
JD_11742000,2021-02-28,0,0,0,0,0,0,0
JD_11741998,2021-02-28,0,0,0,0,0,0,0
JD_11741997,2021-02-28,1,1,1,0,0,0,0
JD_11741995,2021-02-28,1,0,1,0,0,0,0
JD_11741994,2021-02-28,2,0,2,0,0,0,0
JD_11741993,2021-02-28,1,1,1,0,0,0,0
JD_11741992,2021-02-28,0,0,0,0,0,0,0
JD_11741991,2021-02-28,13,11,5,0,0,0,0
JD_11741990,2021-02-28,9,8,4,0,0,0,0
JD_11741989,2021-02-28,279,180,171,0,0,0,1
JD_11741988,2021-02-28,668,192,651,6,5,0,0
JD_11741987,2021-02-28,5,5,3,0,0,0,0
JD_11741986,2021-02-28,5,4,2,0,0,0,0
JD_11741985,2021-02-28,6,4,2,0,0,0,0
JD_11741984,2021-02-28,6,3,4,0,0,0,0
JD_11741983,2021-02-28,9,5,8,0,0,0,0
JD_11741981,2021-02-28,3,3,1,0,0,0,0
JD_11741980,2021-02-28,12,10,4,0,0,0,0
JD_11741979,2021-02-28,516,29,506,5,3,0,0
JD_11741978,2021-02-28,6,6,3,0,0,0,0
JD_11741977,2021-02-28,6,3,4,0,0,0,0
JD_11741976,2021-02-28,146,100,70,2,0,0,1
JD_11741975,2021-02-28,46,33,17,0,0,0,0
JD_11741974,2021-02-28,13,11,6,0,0,0,0
JD_11741973,2021-02-28,25,20,8,1,0,0,0
JD_11741972,2021-02-28,8,2,7,0,0,0,0
JD_11741971,2021-02-28,1,1,0,0,0,0,0
JD_11741970,2021-02-28,26,14,12,1,0,0,0
JD_11741969,2021-02-28,67,47,30,0,0,1,0
JD_11741968,2021-02-28,7,2,6,0,1,0,0
JD_11741967,2021-02-28,2,2,0,0,0,0,0
JD_11741966,2021-02-28,0,0,0,0,0,0,0
JD_11741965,2021-02-28,4,3,1,0,0,0,0
JD_11741964,2021-02-28,224,147,134,0,1,0,1
JD_11741962,2021-02-28,2,1,1,0,0,0,0
JD_11741961,2021-02-28,359,187,272,4,4,0,0
JD_11741959,2021-02-28,2088,1444,1607,9,5,0,4
JD_11741958,2021-02-28,14,6,9,0,0,0,0
