JD_11956284,2021-02-28,205,126,205,0,0,0,1
JD_11956283,2021-02-28,13,0,13,0,0,0,0
JD_11956282,2021-02-28,163,94,132,2,1,1,1
JD_11956281,2021-02-28,20,0,20,0,0,0,0
JD_11956035,2021-02-28,0,0,0,0,0,0,0
JD_11956034,2021-02-28,60,34,43,0,0,0,1
JD_11956033,2021-02-28,0,0,0,0,0,0,0
JD_11956032,2021-02-28,48,38,28,0,0,0,0
JD_11956031,2021-02-28,155,0,151,2,2,0,2
JD_11956030,2021-02-28,51,40,24,0,1,0,0
JD_11956028,2021-02-28,202,177,99,0,0,1,0
JD_11956026,2021-02-28,8,7,3,0,0,0,0
JD_11956025,2021-02-28,74,8,74,0,0,0,0
JD_11956024,2021-02-28,12,8,8,0,0,0,0
JD_11956022,2021-02-28,89,61,49,1,0,0,0
JD_11956021,2021-02-28,0,0,0,0,0,0,0
JD_11956020,2021-02-28,31,24,12,0,0,0,0
JD_11956019,2021-02-28,0,0,0,0,0,0,0
JD_11956018,2021-02-28,23,19,6,0,0,0,0
JD_11956017,2021-02-28,3,3,2,0,0,0,0
JD_11956016,2021-02-28,195,162,95,0,0,0,1
JD_11956015,2021-02-28,1,1,1,0,0,0,0
JD_11956014,2021-02-28,46,31,24,1,0,0,1
JD_11956013,2021-02-28,0,0,0,0,0,0,0
JD_11956012,2021-02-28,95,63,59,2,0,0,0
JD_11956011,2021-02-28,0,0,0,0,0,0,0
JD_11956010,2021-02-28,14,12,8,0,0,0,0
JD_11956009,2021-02-28,0,0,0,0,0,0,0
JD_11956007,2021-02-28,0,0,0,0,0,0,0
JD_11956006,2021-02-28,38,26,20,2,0,0,0
JD_11956005,2021-02-28,14,12,4,0,0,0,0
JD_11956004,2021-02-28,1933,1190,1492,6,1,5,7
JD_11956003,2021-02-28,68,48,51,0,0,0,0
JD_11956002,2021-02-28,8,1,7,0,1,0,0
JD_11956001,2021-02-28,79,61,42,1,1,0,0
JD_11956000,2021-02-28,338,265,158,0,1,0,1
JD_11955999,2021-02-28,18,15,11,0,0,0,0
JD_11955998,2021-02-28,16,12,10,0,0,0,0
JD_11955997,2021-02-28,79,60,47,0,0,0,1
JD_11955996,2021-02-28,127,89,73,0,0,0,0
JD_11955995,2021-02-28,33,26,21,0,0,1,0
JD_11955994,2021-02-28,34,28,10,0,1,0,0
JD_11955993,2021-02-28,87,61,82,0,0,0,0
JD_11955992,2021-02-28,18,12,11,0,0,0,0
JD_11955991,2021-02-28,354,228,320,3,4,0,4
JD_11955990,2021-02-28,460,387,172,1,1,0,0
JD_11955989,2021-02-28,72,38,71,0,1,0,0
JD_11955988,2021-02-28,16,14,7,0,0,0,0
JD_11955987,2021-02-28,23,7,22,0,1,0,0
JD_11955986,2021-02-28,10,6,7,0,0,0,0
JD_11955985,2021-02-28,15,0,15,0,0,0,0
JD_11955984,2021-02-28,460,338,253,1,2,0,1
JD_11955983,2021-02-28,179,129,129,1,0,0,1
JD_11955982,2021-02-28,463,368,322,0,0,0,0
JD_11955981,2021-02-28,35,24,32,0,0,0,0
JD_11955980,2021-02-28,265,194,167,1,1,0,0
JD_11955979,2021-02-28,41,29,21,0,0,0,0
JD_11955978,2021-02-28,78,68,43,0,0,0,0
JD_11955977,2021-02-28,92,79,37,1,0,0,0
JD_11955976,2021-02-28,113,68,79,2,0,0,0
JD_11955975,2021-02-28,359,249,259,0,0,1,0
JD_11955974,2021-02-28,23,16,18,0,0,0,0
JD_11955973,2021-02-28,5,3,5,0,0,0,0
JD_11955972,2021-02-28,252,163,181,3,2,1,0
JD_11955971,2021-02-28,18,14,9,0,0,0,0
JD_11955970,2021-02-28,71,49,55,1,0,0,0
JD_11955969,2021-02-28,8,5,8,0,0,0,0
JD_11955968,2021-02-28,40,32,20,0,0,0,0
JD_11955967,2021-02-28,8,7,8,0,0,0,0
JD_11955966,2021-02-28,24,20,17,0,0,0,0
