JD_12121464,2021-02-28,428,334,210,0,0,0,0
JD_12121463,2021-02-28,0,0,0,0,0,0,0
JD_12121462,2021-02-28,1578,1252,1184,3,1,3,3
JD_12121460,2021-02-28,1,1,0,0,0,0,0
JD_12121459,2021-02-28,4,4,2,0,0,0,0
JD_12121458,2021-02-28,16,12,12,0,0,0,0
JD_12121457,2021-02-28,12,10,9,1,0,0,0
JD_12121456,2021-02-28,29,15,25,0,1,0,0
JD_12121455,2021-02-28,9,7,8,0,0,0,0
JD_12121454,2021-02-28,2,1,2,0,0,0,0
JD_12121452,2021-02-28,0,0,0,0,0,0,0
JD_12121451,2021-02-28,106,83,105,0,0,0,0
JD_12121450,2021-02-28,1,0,1,0,0,0,0
JD_12121449,2021-02-28,1,1,0,0,0,0,0
JD_12121448,2021-02-28,45,29,25,0,0,0,0
JD_12121447,2021-02-28,3,2,3,0,0,0,0
JD_12121446,2021-02-28,2353,2016,746,0,3,2,4
JD_12121445,2021-02-28,2,2,0,0,0,0,0
JD_12121444,2021-02-28,25672,20196,17951,43,11,29,41
JD_12121443,2021-02-28,10,9,10,0,0,0,0
JD_12121335,2021-02-28,1,1,1,0,0,0,0
JD_12121334,2021-02-28,7,4,4,1,0,0,0
JD_12121333,2021-02-28,34,30,10,0,0,0,0
JD_12121332,2021-02-28,6,5,6,0,0,0,0
JD_12121331,2021-02-28,16,12,13,0,0,0,0
JD_12121330,2021-02-28,308,233,171,1,4,1,0
JD_12121329,2021-02-28,42,30,42,0,0,0,0
JD_12121328,2021-02-28,12,7,5,0,0,0,0
JD_12121327,2021-02-28,45,38,44,0,0,0,0
JD_12121326,2021-02-28,1393,1179,534,2,1,0,1
JD_12121325,2021-02-28,8,5,3,0,0,0,1
JD_12121324,2021-02-28,3,3,0,0,0,0,0
JD_12121323,2021-02-28,1231,987,970,3,0,2,4
JD_12121322,2021-02-28,38,32,22,0,0,0,0
JD_12121321,2021-02-28,89,64,26,0,0,0,0
JD_12121320,2021-02-28,17,5,17,0,0,0,0
JD_12121319,2021-02-28,33,32,7,0,0,0,0
JD_12121317,2021-02-28,90,58,67,0,0,0,0
JD_12121316,2021-02-28,5,3,4,0,0,0,0
JD_12121315,2021-02-28,13,11,2,0,0,0,0
JD_12121314,2021-02-28,29,21,20,0,0,0,0
JD_12121313,2021-02-28,191,133,122,0,0,0,0
JD_12121312,2021-02-28,6,4,4,0,0,0,0
JD_12121311,2021-02-28,39,33,34,0,0,0,0
JD_12121310,2021-02-28,38,22,23,0,0,0,0
JD_12121309,2021-02-28,43,28,20,0,0,0,0
JD_12121308,2021-02-28,13,12,11,0,0,0,0
JD_12121307,2021-02-28,11,7,5,0,0,0,1
JD_12121306,2021-02-28,10,8,10,0,0,0,0
JD_12121305,2021-02-28,29,18,29,0,0,0,1
JD_12121303,2021-02-28,41,32,27,0,0,0,0
JD_12121302,2021-02-28,6,2,4,0,0,0,0
JD_12121301,2021-02-28,45,33,21,3,0,0,0
JD_12121300,2021-02-28,1,0,1,0,0,0,0
JD_12121299,2021-02-28,1114,860,509,4,0,0,2
JD_12121298,2021-02-28,114,96,51,0,0,0,1
JD_12121297,2021-02-28,68,56,59,0,0,0,0
JD_12121295,2021-02-28,14,10,9,0,0,0,0
JD_12121294,2021-02-28,0,0,0,0,0,0,0
JD_12121293,2021-02-28,340,262,232,0,0,0,1
JD_12121292,2021-02-28,1,1,1,0,0,0,0
JD_12121291,2021-02-28,5,2,3,0,0,0,0
JD_12121290,2021-02-28,19,8,19,0,0,1,0
JD_12121289,2021-02-28,3,1,2,0,0,0,0
JD_12121288,2021-02-28,9,9,2,0,0,0,0
JD_12121286,2021-02-28,0,0,0,0,0,0,0
JD_12121282,2021-02-28,3,1,3,0,0,0,0
JD_12121280,2021-02-28,2,2,1,0,0,0,0
JD_12121279,2021-02-28,34,24,15,0,0,0,0
JD_12121278,2021-02-28,24,18,18,0,0,0,0
