JD_12448069,2021-02-28,0,0,0,0,0,0,0
JD_12448068,2021-02-28,221,180,81,0,0,0,0
JD_12448067,2021-02-28,0,0,0,0,0,0,0
JD_12448066,2021-02-28,130,107,38,0,0,0,0
JD_12448065,2021-02-28,0,0,0,0,0,0,0
JD_12448064,2021-02-28,979,812,290,0,0,2,2
JD_12448063,2021-02-28,163,135,74,0,0,0,0
JD_12448062,2021-02-28,890,759,214,1,0,0,1
JD_12448061,2021-02-28,115,100,43,0,0,0,0
JD_12448060,2021-02-28,232,197,47,0,0,1,1
JD_12448059,2021-02-28,531,438,184,2,2,2,0
JD_12448058,2021-02-28,80,66,35,0,0,0,0
JD_12448057,2021-02-28,0,0,0,0,0,0,0
JD_12448056,2021-02-28,2120,1706,1524,3,3,2,6
JD_12448055,2021-02-28,0,0,0,0,0,0,0
JD_12448054,2021-02-28,106,87,20,0,0,0,0
JD_12448053,2021-02-28,0,0,0,0,0,0,0
JD_12448052,2021-02-28,624,523,147,0,1,0,1
JD_12448051,2021-02-28,0,0,0,0,0,0,0
JD_12448050,2021-02-28,101,88,24,0,0,0,0
JD_12448049,2021-02-28,0,0,0,0,0,0,0
JD_12448048,2021-02-28,743,619,180,0,0,0,0
JD_12448047,2021-02-28,2,2,0,0,0,0,0
JD_12448046,2021-02-28,1244,1055,357,0,0,2,2
JD_12448045,2021-02-28,4,3,4,0,0,0,0
JD_12448044,2021-02-28,544,447,154,0,0,0,1
JD_12448043,2021-02-28,236,193,68,0,0,1,1
JD_12448042,2021-02-28,1637,1405,303,1,0,1,0
JD_12448041,2021-02-28,208,183,53,0,0,0,0
JD_12448040,2021-02-28,119,95,27,0,0,0,1
JD_12448039,2021-02-28,213,181,73,0,0,1,0
JD_12448038,2021-02-28,1894,1272,1763,4,3,5,8
JD_12448037,2021-02-28,1429,1159,280,0,0,3,2
JD_12448036,2021-02-28,1530,1277,366,1,0,2,1
JD_12448035,2021-02-28,524,362,202,0,1,1,5
JD_12448034,2021-02-28,442,349,193,0,0,1,0
JD_12448033,2021-02-28,265,171,218,1,0,0,2
JD_12448032,2021-02-28,955,790,255,1,0,2,0
JD_12448031,2021-02-28,138,110,74,0,0,0,0
JD_12448030,2021-02-28,506,419,194,0,0,1,0
JD_12448029,2021-02-28,5,5,0,0,0,0,0
JD_12448028,2021-02-28,387,316,116,0,0,1,0
JD_12448027,2021-02-28,30,24,11,0,0,0,0
JD_12448026,2021-02-28,933,778,283,0,0,1,1
JD_12448025,2021-02-28,310,255,59,0,0,0,1
JD_12448024,2021-02-28,796,679,154,0,0,1,0
JD_12448023,2021-02-28,342,285,100,1,0,0,0
JD_12448022,2021-02-28,553,466,156,0,2,0,1
JD_12448021,2021-02-28,36,28,11,0,0,0,0
JD_12448020,2021-02-28,684,575,146,1,0,0,1
JD_12448019,2021-02-28,1047,862,342,0,1,3,2
JD_12448018,2021-02-28,1214,997,394,1,0,1,0
JD_12448017,2021-02-28,5982,4619,1362,12,2,12,32
JD_12448016,2021-02-28,1462,1239,386,0,0,2,0
JD_12448015,2021-02-28,263,166,130,0,0,0,1
JD_12448014,2021-02-28,1235,1048,296,0,0,0,0
JD_12448013,2021-02-28,1145,902,892,2,2,2,1
JD_12448012,2021-02-28,2820,2436,598,1,1,4,0
JD_12448011,2021-02-28,153,114,111,0,1,1,0
JD_12448010,2021-02-28,28,22,6,0,0,0,0
JD_12448009,2021-02-28,2,2,0,0,0,0,0
JD_12448008,2021-02-28,85,65,37,0,0,1,0
JD_12448007,2021-02-28,148,104,47,0,0,0,0
JD_12448006,2021-02-28,89,68,24,0,0,0,1
JD_12448005,2021-02-28,12,7,5,0,0,0,0
JD_12448004,2021-02-28,7,6,1,0,0,0,0
JD_12448003,2021-02-28,36,30,14,0,0,0,1
JD_12448002,2021-02-28,112,68,62,2,1,0,0
JD_12448001,2021-02-28,261,228,58,1,0,1,0
JD_12448000,2021-02-28,758,640,199,0,1,0,0
