JD_12557163,2021-02-28,27,19,7,0,1,0,0
JD_12557162,2021-02-28,9,8,1,0,0,0,0
JD_12557160,2021-02-28,0,0,0,0,0,0,0
JD_12557159,2021-02-28,29,24,5,0,0,0,0
JD_12557158,2021-02-28,0,0,0,0,0,0,0
JD_12557157,2021-02-28,157,129,28,0,0,0,0
JD_12557156,2021-02-28,0,0,0,0,0,0,0
JD_12557155,2021-02-28,121,105,16,0,0,0,0
JD_12557154,2021-02-28,0,0,0,0,0,0,0
JD_12557153,2021-02-28,5,4,1,0,0,1,0
JD_12557152,2021-02-28,0,0,0,0,0,0,0
JD_12557151,2021-02-28,4,4,0,0,0,0,0
JD_12557150,2021-02-28,3,3,0,0,0,0,0
JD_12557149,2021-02-28,4,3,1,0,0,0,0
JD_12557148,2021-02-28,2,2,0,0,0,0,0
JD_12557147,2021-02-28,1,1,0,0,0,0,0
JD_12557146,2021-02-28,0,0,0,0,0,0,0
JD_12557145,2021-02-28,14,10,4,0,0,0,0
JD_12557144,2021-02-28,1,1,0,0,0,0,0
JD_12557143,2021-02-28,4,3,1,0,0,0,0
JD_12557142,2021-02-28,8,6,2,0,0,0,0
JD_12557141,2021-02-28,4,3,1,0,0,0,0
JD_12557140,2021-02-28,3,3,0,0,0,0,0
JD_12557139,2021-02-28,2,2,0,0,0,0,0
JD_12557138,2021-02-28,0,0,0,0,0,0,0
JD_12557137,2021-02-28,3,3,0,0,0,0,0
JD_12557136,2021-02-28,1,1,0,0,0,0,0
JD_12557135,2021-02-28,7,7,0,0,0,0,0
JD_12557134,2021-02-28,2,2,0,0,0,0,0
JD_12557133,2021-02-28,25,21,4,0,0,0,0
JD_12557132,2021-02-28,6,3,3,0,0,0,0
JD_12557131,2021-02-28,9,9,0,0,0,0,0
JD_12557130,2021-02-28,14,12,2,0,0,0,0
JD_12557129,2021-02-28,259,225,34,0,0,0,0
JD_12557128,2021-02-28,4,4,0,0,0,0,0
JD_12557127,2021-02-28,9,9,0,0,0,0,0
JD_12557126,2021-02-28,94,81,12,0,1,0,0
JD_12557125,2021-02-28,5,5,0,0,0,0,0
JD_12557124,2021-02-28,69,62,7,0,0,0,0
JD_12557123,2021-02-28,43,32,11,0,0,0,0
JD_12557122,2021-02-28,15,12,3,0,0,0,0
JD_12557121,2021-02-28,23,19,4,0,0,0,0
JD_12557120,2021-02-28,0,0,0,0,0,0,0
JD_12557119,2021-02-28,1,1,0,0,0,0,0
JD_12557118,2021-02-28,13,9,4,0,0,0,0
JD_12557117,2021-02-28,877,786,91,0,0,0,0
JD_12557116,2021-02-28,7,6,1,0,0,0,0
JD_12557115,2021-02-28,4,3,1,0,0,0,0
JD_12557114,2021-02-28,0,0,0,0,0,0,0
JD_12557113,2021-02-28,469,423,46,0,0,0,0
JD_12557112,2021-02-28,1,1,0,0,0,0,0
JD_12557111,2021-02-28,3,3,0,0,0,0,0
JD_12557110,2021-02-28,0,0,0,0,0,0,0
JD_12557109,2021-02-28,6,5,1,0,0,0,0
JD_12557108,2021-02-28,1,1,0,0,0,0,0
JD_12557107,2021-02-28,3,1,2,0,0,0,0
JD_12557106,2021-02-28,5,3,2,0,0,0,0
JD_12557105,2021-02-28,47,40,7,0,0,0,0
JD_12557104,2021-02-28,0,0,0,0,0,0,0
JD_12557103,2021-02-28,13,12,1,0,0,0,0
JD_12557102,2021-02-28,1,1,0,0,0,0,0
JD_12557101,2021-02-28,83,71,11,0,1,0,0
JD_12557100,2021-02-28,1,1,0,0,0,0,0
JD_12557099,2021-02-28,2,1,1,0,0,0,0
JD_12557098,2021-02-28,4,3,1,0,0,0,0
JD_12557097,2021-02-28,2,1,1,0,0,0,0
JD_12557096,2021-02-28,0,0,0,0,0,0,0
JD_12557095,2021-02-28,0,0,0,0,0,0,0
JD_12557024,2021-02-28,7,5,2,0,0,0,0
JD_12557022,2021-02-28,3,2,1,0,0,0,0
