JD_12410151,2021-02-28,33,30,8,0,0,0,0
JD_12410150,2021-02-28,25,17,18,0,0,0,1
JD_12410149,2021-02-28,34,28,31,0,0,0,0
JD_12410148,2021-02-28,17,17,12,0,0,0,0
JD_12410147,2021-02-28,260,206,211,0,0,0,0
JD_12410146,2021-02-28,37,28,28,0,0,1,0
JD_12410145,2021-02-28,7,5,7,0,0,0,0
JD_12410144,2021-02-28,8,4,6,0,1,0,0
JD_12410143,2021-02-28,11,10,9,0,0,0,0
JD_12410142,2021-02-28,35,29,21,0,0,0,0
JD_12410141,2021-02-28,86,69,79,0,0,0,1
JD_12410140,2021-02-28,793,618,272,3,1,0,3
JD_12410139,2021-02-28,82,60,41,0,0,0,0
JD_12410138,2021-02-28,1414,1124,489,0,0,1,1
JD_12410137,2021-02-28,15,9,13,0,0,0,0
JD_12410136,2021-02-28,701,549,305,0,2,0,0
JD_12410135,2021-02-28,5,2,5,0,0,0,0
JD_12410134,2021-02-28,131,109,45,0,0,0,0
JD_12410133,2021-02-28,239,201,131,0,0,1,0
JD_12410132,2021-02-28,63,50,30,0,0,1,0
JD_12410131,2021-02-28,38,30,23,0,1,0,0
JD_12410130,2021-02-28,827,656,532,0,4,3,1
JD_12410129,2021-02-28,12,8,9,0,0,0,0
JD_12410128,2021-02-28,1757,1405,1289,3,4,2,5
JD_12410127,2021-02-28,61,51,47,0,0,1,0
JD_12410126,2021-02-28,38,30,31,1,0,0,0
JD_12410125,2021-02-28,0,0,0,0,0,0,0
JD_12410124,2021-02-28,95,77,89,0,0,0,0
JD_12410123,2021-02-28,9,7,8,0,0,0,0
JD_12410122,2021-02-28,860,672,698,1,0,1,1
JD_12410121,2021-02-28,39,27,18,0,0,0,0
JD_12410120,2021-02-28,19,17,19,0,0,0,0
JD_12410119,2021-02-28,3,3,2,0,0,0,0
JD_12410118,2021-02-28,70,62,41,0,1,0,0
JD_12410117,2021-02-28,228,191,217,0,0,0,0
JD_12410116,2021-02-28,3334,2698,2429,1,1,22,8
JD_12410115,2021-02-28,229,184,108,0,0,0,1
JD_12410114,2021-02-28,3,2,2,0,0,0,0
JD_12410113,2021-02-28,81,73,32,0,0,0,0
JD_12410112,2021-02-28,14,10,6,0,0,0,0
JD_12410111,2021-02-28,296,240,132,1,0,1,1
JD_12410110,2021-02-28,10,6,10,0,0,0,0
JD_12410109,2021-02-28,801,669,577,3,0,0,2
JD_12410108,2021-02-28,9,8,9,0,0,0,0
JD_12410107,2021-02-28,971,818,301,5,5,2,1
JD_12410106,2021-02-28,129,114,28,0,0,0,0
JD_12410105,2021-02-28,277,241,74,1,0,0,0
JD_12410104,2021-02-28,8,8,4,0,0,0,0
JD_12410103,2021-02-28,1100,924,352,4,4,4,3
JD_12410102,2021-02-28,1076,917,326,0,0,2,0
JD_12410101,2021-02-28,48,44,42,0,0,0,0
JD_12410100,2021-02-28,110,79,78,0,0,1,0
JD_12410099,2021-02-28,295,248,249,0,0,0,1
JD_12410098,2021-02-28,778,677,273,0,0,1,0
JD_12410097,2021-02-28,80,69,59,0,0,0,0
JD_12410096,2021-02-28,52,42,16,0,1,0,0
JD_12410095,2021-02-28,113,87,33,0,0,0,0
JD_12410094,2021-02-28,12,10,5,0,0,0,0
JD_12410093,2021-02-28,472,397,126,0,0,0,1
JD_12410092,2021-02-28,12,10,12,0,0,0,0
JD_12410091,2021-02-28,413,336,105,1,0,0,0
JD_12410090,2021-02-28,3,3,0,0,0,0,0
JD_12410089,2021-02-28,503,416,151,0,1,0,0
JD_12410088,2021-02-28,0,0,0,0,0,0,0
JD_12410087,2021-02-28,315,241,209,0,0,0,1
JD_12410086,2021-02-28,14,12,4,0,0,0,0
JD_12410084,2021-02-28,1136,1001,157,0,0,0,1
JD_12410083,2021-02-28,837,748,238,1,1,0,1
JD_12410082,2021-02-28,1453,1232,511,2,0,4,1
JD_12410081,2021-02-28,4,4,1,0,0,0,0
