JD_11442097,2021-02-28,9,6,6,0,0,0,0
JD_11442096,2021-02-28,10,8,3,0,0,0,0
JD_11442095,2021-02-28,13,9,6,1,0,0,0
JD_11442094,2021-02-28,5,2,3,0,0,0,0
JD_11442089,2021-02-28,26,23,15,0,0,0,0
JD_11442062,2021-02-28,723,498,701,2,1,0,0
JD_11442049,2021-02-28,425,311,345,1,0,0,0
JD_11442046,2021-02-28,627,9,610,12,5,0,0
JD_11442043,2021-02-28,41,13,38,0,0,0,0
JD_11442042,2021-02-28,36,7,34,1,0,0,0
JD_11442041,2021-02-28,42,12,38,0,0,0,0
JD_11442030,2021-02-28,19,10,17,0,0,0,0
JD_11442029,2021-02-28,18,8,14,0,0,0,0
JD_11442028,2021-02-28,15,10,11,0,0,0,0
JD_11442027,2021-02-28,27,15,21,1,0,0,0
JD_11442021,2021-02-28,0,0,0,0,0,0,0
JD_11442009,2021-02-28,7,5,5,0,0,0,0
JD_11442008,2021-02-28,4,1,4,0,0,0,0
JD_11442006,2021-02-28,0,0,0,0,0,0,0
JD_11442005,2021-02-28,17,10,11,0,0,0,0
JD_11442002,2021-02-28,17,10,9,0,0,0,0
JD_11441999,2021-02-28,12,8,6,0,0,0,1
JD_11441997,2021-02-28,689,463,336,0,0,3,0
JD_11441996,2021-02-28,0,0,0,0,0,0,0
JD_11441995,2021-02-28,0,0,0,0,0,0,0
JD_11441994,2021-02-28,0,0,0,0,0,0,0
JD_11441993,2021-02-28,0,0,0,0,0,0,0
JD_11441992,2021-02-28,38,19,27,0,0,0,0
JD_11441988,2021-02-28,0,0,0,0,0,0,0
JD_11441984,2021-02-28,81,52,70,1,0,0,2
JD_11441982,2021-02-28,6,4,3,0,0,0,0
JD_11441981,2021-02-28,2,0,2,0,0,0,0
JD_11441978,2021-02-28,50,23,45,1,0,0,0
JD_11441977,2021-02-28,39,11,40,0,0,0,0
JD_11441976,2021-02-28,33,23,15,0,0,0,0
JD_11441975,2021-02-28,30,22,8,0,0,0,0
JD_11441972,2021-02-28,18,14,6,0,0,0,0
JD_11441971,2021-02-28,5,0,5,0,0,0,0
JD_11441969,2021-02-28,28,17,22,0,0,0,0
JD_11441964,2021-02-28,6,2,5,1,0,0,0
JD_11441963,2021-02-28,13,1,12,1,0,0,0
JD_11441962,2021-02-28,0,0,0,0,0,0,0
JD_11441961,2021-02-28,0,0,0,0,0,0,0
JD_11441956,2021-02-28,0,0,0,0,0,0,0
JD_11441948,2021-02-28,1,1,1,0,0,0,0
JD_11441929,2021-02-28,9,2,8,0,1,0,0
JD_11441925,2021-02-28,0,0,0,0,0,0,0
JD_11441924,2021-02-28,0,0,0,0,0,0,0
JD_11441921,2021-02-28,188,137,172,1,1,0,0
JD_11441919,2021-02-28,7,6,5,0,0,0,0
JD_11441916,2021-02-28,61,7,55,3,0,0,0
JD_11441915,2021-02-28,34,3,32,0,2,0,0
JD_11441914,2021-02-28,47,17,43,0,1,0,0
JD_11441913,2021-02-28,2,2,0,0,0,0,0
JD_11441911,2021-02-28,76,0,72,2,2,0,0
JD_11441910,2021-02-28,3,1,3,0,0,0,0
JD_11441909,2021-02-28,3,2,2,0,0,0,0
JD_11441908,2021-02-28,12,7,11,0,0,0,0
JD_11441907,2021-02-28,47,0,42,3,2,0,0
JD_11441906,2021-02-28,19,3,17,0,0,0,0
JD_11441905,2021-02-28,47,32,32,1,0,0,0
JD_11441904,2021-02-28,21,14,11,0,0,0,0
JD_11441903,2021-02-28,9,6,6,1,0,0,0
JD_11441902,2021-02-28,19,9,19,0,0,0,0
JD_11441901,2021-02-28,32,14,21,1,0,0,1
JD_11441900,2021-02-28,56,25,40,1,0,0,0
JD_11441899,2021-02-28,36,11,33,1,0,0,0
JD_11441898,2021-02-28,3,0,3,0,0,0,0
JD_11441897,2021-02-28,65,49,16,0,0,0,0
JD_11441896,2021-02-28,4,2,4,0,0,0,0
