JD_12394673,2021-02-28,2160,1828,719,1,3,2,1
JD_12394672,2021-02-28,334,287,106,0,0,1,1
JD_12394671,2021-02-28,42,41,11,0,0,0,0
JD_12394670,2021-02-28,43,38,20,0,0,0,0
JD_12394669,2021-02-28,15,13,6,0,0,0,0
JD_12394667,2021-02-28,152,134,104,0,1,0,0
JD_12394666,2021-02-28,4,3,2,0,0,0,0
JD_12394665,2021-02-28,4666,3882,1168,0,1,1,7
JD_12394664,2021-02-28,0,0,0,0,0,0,0
JD_12394663,2021-02-28,813,639,391,0,0,1,1
JD_12394662,2021-02-28,88,71,38,0,0,0,0
JD_12394661,2021-02-28,68,55,22,0,0,0,0
JD_12394660,2021-02-28,3598,3031,623,14,5,1,3
JD_12394659,2021-02-28,159,105,85,0,0,0,0
JD_12394658,2021-02-28,6,6,1,0,0,0,0
JD_12394657,2021-02-28,40,28,18,0,0,0,0
JD_12394655,2021-02-28,15,13,3,0,0,0,0
JD_12394654,2021-02-28,409,350,218,1,0,0,0
JD_12394653,2021-02-28,55,46,44,0,0,0,0
JD_12394652,2021-02-28,5,3,3,0,0,0,0
JD_12394651,2021-02-28,28,22,22,0,0,0,0
JD_12394650,2021-02-28,36,31,5,0,0,0,0
JD_12394649,2021-02-28,51,43,51,0,0,0,0
JD_12394648,2021-02-28,189,166,73,0,0,0,0
JD_12394647,2021-02-28,1112,697,945,0,0,7,1
JD_12394646,2021-02-28,6,5,4,0,0,0,0
JD_12394645,2021-02-28,202,170,79,0,0,1,0
JD_12394644,2021-02-28,1,0,1,0,0,0,0
JD_12394643,2021-02-28,2,2,0,0,0,0,0
JD_12394642,2021-02-28,16,14,3,0,0,0,0
JD_12394641,2021-02-28,0,0,0,0,0,0,0
JD_12394640,2021-02-28,5,3,4,0,0,0,0
JD_12394639,2021-02-28,0,0,0,0,0,0,0
JD_12394638,2021-02-28,118,92,85,1,1,0,0
JD_12394637,2021-02-28,199,147,61,0,0,1,0
JD_12394636,2021-02-28,0,0,0,0,0,0,0
JD_12394635,2021-02-28,80,69,17,1,0,0,0
JD_12394634,2021-02-28,6,5,3,0,0,0,0
JD_12394633,2021-02-28,434,379,312,2,1,0,0
JD_12394632,2021-02-28,1,1,0,0,0,0,0
JD_12394630,2021-02-28,2,2,0,0,0,0,0
JD_12394629,2021-02-28,8,3,6,0,0,0,0
JD_12394628,2021-02-28,10,7,3,0,0,0,0
JD_12394627,2021-02-28,2,1,2,0,0,0,0
JD_12394626,2021-02-28,261,213,71,0,0,0,0
JD_12394625,2021-02-28,56,49,20,0,0,0,0
JD_12394624,2021-02-28,525,435,181,1,0,0,1
JD_12394623,2021-02-28,141,105,60,0,0,0,0
JD_12394622,2021-02-28,202,160,89,0,0,0,0
JD_12394621,2021-02-28,10,10,2,0,0,0,0
JD_12394620,2021-02-28,5,5,0,0,0,0,0
JD_12394619,2021-02-28,22,18,12,0,0,0,0
JD_12394618,2021-02-28,255,220,51,0,0,0,0
JD_12394617,2021-02-28,0,0,0,0,0,0,0
JD_12394616,2021-02-28,46,41,8,0,0,0,0
JD_12394615,2021-02-28,0,0,0,0,0,0,0
JD_12394614,2021-02-28,17,16,5,0,0,0,0
JD_12394613,2021-02-28,63,53,15,0,0,0,0
JD_12394612,2021-02-28,57,48,11,0,0,0,0
JD_12394611,2021-02-28,1,0,1,0,0,0,0
JD_12394610,2021-02-28,310,246,171,1,0,0,0
JD_12394609,2021-02-28,7,5,1,1,0,0,0
JD_12394608,2021-02-28,24,19,11,0,0,0,1
JD_12394607,2021-02-28,84,58,42,0,0,0,0
JD_12394606,2021-02-28,116,96,61,0,1,0,0
JD_12394605,2021-02-28,436,372,117,3,0,1,0
JD_12394604,2021-02-28,0,0,0,0,0,0,0
JD_12394603,2021-02-28,6,5,1,0,0,0,0
JD_12394601,2021-02-28,164,136,72,0,0,0,0
JD_12394600,2021-02-28,276,230,103,0,0,0,2
