JD_11450749,2021-02-28,4,2,3,0,0,0,0
JD_11450748,2021-02-28,0,0,0,0,0,0,0
JD_11450747,2021-02-28,13,12,6,0,0,0,0
JD_11450746,2021-02-28,17,8,16,0,0,0,0
JD_11450745,2021-02-28,27,13,26,1,0,0,0
JD_11450744,2021-02-28,1,0,1,0,0,0,0
JD_11450743,2021-02-28,529,77,500,17,5,0,0
JD_11450741,2021-02-28,4,2,4,0,0,0,0
JD_11450740,2021-02-28,0,0,0,0,0,0,0
JD_11450739,2021-02-28,44,20,44,0,0,0,1
JD_11450738,2021-02-28,17,6,17,0,0,0,0
JD_11450737,2021-02-28,3,3,0,0,0,0,0
JD_11450736,2021-02-28,0,0,0,0,0,0,0
JD_11450735,2021-02-28,53,31,46,1,0,0,1
JD_11450733,2021-02-28,15,8,12,0,0,0,0
JD_11450732,2021-02-28,40,21,28,1,0,0,0
JD_11450729,2021-02-28,27,18,20,0,0,0,0
JD_11450728,2021-02-28,1,0,1,0,0,0,0
JD_11450727,2021-02-28,11,6,8,0,0,0,0
JD_11450726,2021-02-28,0,0,0,0,0,0,0
JD_11450725,2021-02-28,3,3,2,0,0,0,0
JD_11450723,2021-02-28,1,1,1,0,0,0,0
JD_11450722,2021-02-28,0,0,0,0,0,0,0
JD_11450721,2021-02-28,3,2,2,0,0,0,1
JD_11450720,2021-02-28,78,59,41,0,0,0,0
JD_11450719,2021-02-28,23,13,21,0,0,0,0
JD_11450718,2021-02-28,461,290,331,4,1,2,2
JD_11450716,2021-02-28,0,0,0,0,0,0,0
JD_11450715,2021-02-28,1,1,1,0,0,0,0
JD_11450714,2021-02-28,0,0,0,0,0,0,0
JD_11450713,2021-02-28,1,0,1,0,0,0,0
JD_11450711,2021-02-28,1,1,1,0,0,0,0
JD_11450710,2021-02-28,27,7,21,1,1,0,0
JD_11450709,2021-02-28,1,1,1,0,0,0,0
JD_11450708,2021-02-28,0,0,0,0,0,0,0
JD_11450706,2021-02-28,26,11,21,1,0,0,0
JD_11450705,2021-02-28,0,0,0,0,0,0,0
JD_11450702,2021-02-28,0,0,0,0,0,0,0
JD_11450701,2021-02-28,86,66,28,1,1,0,0
JD_11450700,2021-02-28,4,3,2,0,0,0,0
JD_11450697,2021-02-28,0,0,0,0,0,0,0
JD_11450696,2021-02-28,1,1,1,0,0,0,0
JD_11450695,2021-02-28,8,4,6,0,0,0,0
JD_11450694,2021-02-28,4,2,3,0,1,0,0
JD_11450692,2021-02-28,1,1,1,0,0,0,0
JD_11450690,2021-02-28,5,0,4,1,0,0,0
JD_11450686,2021-02-28,0,0,0,0,0,0,0
JD_11450685,2021-02-28,1,1,0,0,0,0,0
JD_11450684,2021-02-28,1,0,1,0,0,0,0
JD_11450682,2021-02-28,0,0,0,0,0,0,0
JD_11450681,2021-02-28,7,3,7,0,0,0,0
JD_11450680,2021-02-28,0,0,0,0,0,0,0
JD_11450679,2021-02-28,2,1,1,0,0,0,0
JD_11450678,2021-02-28,0,0,0,0,0,0,0
JD_11450677,2021-02-28,0,0,0,0,0,0,0
JD_11450676,2021-02-28,0,0,0,0,0,0,0
JD_11450675,2021-02-28,0,0,0,0,0,0,0
JD_11450674,2021-02-28,3530,340,3444,65,13,0,5
JD_11450672,2021-02-28,1932,1442,1421,15,4,3,3
JD_11450671,2021-02-28,2,2,0,0,0,0,0
JD_11450670,2021-02-28,15,2,15,0,0,0,0
JD_11450669,2021-02-28,132,3,124,3,5,0,0
JD_11450668,2021-02-28,0,0,0,0,0,0,0
JD_11450667,2021-02-28,10,4,5,1,0,0,0
JD_11450666,2021-02-28,5,2,5,0,0,0,0
JD_11450665,2021-02-28,1,1,1,0,0,0,0
JD_11450663,2021-02-28,47,4,47,0,0,0,0
JD_11450662,2021-02-28,359,272,154,0,3,0,0
JD_11450660,2021-02-28,70,51,36,1,1,0,0
JD_11450659,2021-02-28,26,16,22,1,0,0,0
