JD_12386669,2021-02-28,21,17,10,0,0,0,0
JD_12386668,2021-02-28,9429,7460,5813,23,7,12,15
JD_12386667,2021-02-28,783,616,513,1,0,0,0
JD_12386666,2021-02-28,4536,3637,2294,6,8,8,9
JD_12386665,2021-02-28,3899,3173,2557,6,5,4,4
JD_12386664,2021-02-28,282,223,108,1,1,0,0
JD_12386663,2021-02-28,321,268,157,1,1,0,0
JD_12386662,2021-02-28,158,116,69,0,0,0,0
JD_12386661,2021-02-28,8,6,2,0,0,0,0
JD_12386660,2021-02-28,14,13,4,0,0,0,0
JD_12386659,2021-02-28,1372,1115,1050,1,3,3,5
JD_12386658,2021-02-28,3,3,3,0,0,0,0
JD_12386657,2021-02-28,4,4,0,0,0,0,0
JD_12386656,2021-02-28,30,24,25,0,0,0,0
JD_12386655,2021-02-28,5,5,2,0,0,0,0
JD_12386654,2021-02-28,225,174,82,1,0,0,0
JD_12386653,2021-02-28,3,1,1,1,0,0,0
JD_12386652,2021-02-28,161,124,56,0,0,0,1
JD_12386651,2021-02-28,5,4,3,0,0,0,0
JD_12386650,2021-02-28,416,331,143,0,1,0,1
JD_12386649,2021-02-28,19,15,10,0,0,0,0
JD_12386648,2021-02-28,104,75,40,0,0,0,0
JD_12386647,2021-02-28,459,384,236,0,0,0,0
JD_12386646,2021-02-28,231769,186597,103041,280,182,320,548
JD_12386645,2021-02-28,504,406,287,2,0,1,0
JD_12386644,2021-02-28,177,142,181,0,0,1,0
JD_12386643,2021-02-28,271,220,245,1,0,0,0
JD_12386642,2021-02-28,794,657,336,0,0,0,1
JD_12386641,2021-02-28,35547,28879,21453,27,13,31,48
JD_12386640,2021-02-28,213,162,82,0,0,0,0
JD_12386639,2021-02-28,466,376,207,2,0,0,4
JD_12386638,2021-02-28,330,249,128,0,0,0,2
JD_12386637,2021-02-28,64,55,33,0,0,0,0
JD_12386636,2021-02-28,242,178,101,0,0,1,0
JD_12386635,2021-02-28,31,27,14,0,0,0,0
JD_12386634,2021-02-28,263,210,97,1,0,0,0
JD_12386633,2021-02-28,162,140,101,1,1,0,0
JD_12386632,2021-02-28,9,8,9,0,0,0,0
JD_12386630,2021-02-28,55,43,42,0,0,0,0
JD_12386628,2021-02-28,894,732,179,0,1,0,3
JD_12386626,2021-02-28,60,49,58,1,0,0,0
JD_12386624,2021-02-28,48,42,40,0,0,0,0
JD_12386622,2021-02-28,29,24,29,0,0,0,0
JD_12386620,2021-02-28,223,139,129,0,0,0,0
JD_12386618,2021-02-28,69,46,32,0,0,0,0
JD_12386616,2021-02-28,187,157,168,0,0,0,0
JD_12386610,2021-02-28,31,25,14,0,0,0,0
JD_12386608,2021-02-28,664,572,317,0,1,0,0
JD_12386606,2021-02-28,385,317,254,0,0,0,1
JD_12386604,2021-02-28,556,465,401,0,0,0,1
JD_12386602,2021-02-28,27,22,6,0,0,0,0
JD_12386600,2021-02-28,114,92,48,0,0,1,0
JD_12386596,2021-02-28,92,79,85,0,0,0,0
JD_12386594,2021-02-28,571,437,478,1,0,0,2
JD_12386592,2021-02-28,850,641,231,1,0,3,3
JD_12386590,2021-02-28,15,14,6,0,0,0,0
JD_12386588,2021-02-28,16,14,9,0,0,0,0
JD_12386586,2021-02-28,55,42,25,0,0,0,0
JD_12386584,2021-02-28,6,4,5,0,0,0,0
JD_12386583,2021-02-28,53,40,19,0,0,0,0
JD_12386582,2021-02-28,0,0,0,0,0,0,0
JD_12386581,2021-02-28,25,20,6,0,0,0,0
JD_12386580,2021-02-28,2096,1819,397,8,4,1,3
JD_12386579,2021-02-28,39,31,8,0,0,0,0
JD_12386578,2021-02-28,57,44,24,0,0,0,0
JD_12386577,2021-02-28,28,24,16,0,0,0,0
JD_12386576,2021-02-28,15,10,9,0,0,0,0
JD_12386575,2021-02-28,53,44,14,0,0,1,0
JD_12386574,2021-02-28,5,4,5,0,0,0,0
JD_12386573,2021-02-28,17,14,3,0,0,0,0
