JD_12372026,2021-02-28,360,307,184,2,0,1,0
JD_12372025,2021-02-28,22,20,7,0,0,0,0
JD_12372024,2021-02-28,356,259,267,2,0,1,0
JD_12372023,2021-02-28,102,85,36,0,0,0,0
JD_12372022,2021-02-28,10,10,2,0,0,0,0
JD_12372021,2021-02-28,1228,927,784,1,1,1,2
JD_12372020,2021-02-28,11974,9524,10053,47,59,16,34
JD_12372019,2021-02-28,16,15,12,0,0,0,0
JD_12372018,2021-02-28,27,26,21,0,0,0,0
JD_12372017,2021-02-28,21,18,3,0,0,0,0
JD_12372016,2021-02-28,3,2,1,0,0,0,0
JD_12372015,2021-02-28,413,325,99,3,1,0,1
JD_12372014,2021-02-28,131,88,54,0,0,0,0
JD_12372013,2021-02-28,791,645,198,0,3,1,2
JD_12372011,2021-02-28,2390,1957,768,1,0,0,1
JD_12372009,2021-02-28,7204,5920,1437,10,10,8,11
JD_12372007,2021-02-28,1920,1537,763,4,2,1,8
JD_12372006,2021-02-28,7,7,4,0,0,0,0
JD_12372005,2021-02-28,624,525,153,0,0,1,0
JD_12372004,2021-02-28,321,221,287,1,1,0,1
JD_12372003,2021-02-28,1787,1521,822,2,2,4,1
JD_12372002,2021-02-28,4,4,1,0,0,0,0
JD_12372001,2021-02-28,40,35,6,0,0,0,0
JD_12372000,2021-02-28,6,5,3,0,0,0,0
JD_12371999,2021-02-28,1769,1566,1362,2,1,2,2
JD_12371998,2021-02-28,93,66,80,1,0,0,0
JD_12371997,2021-02-28,4257,3166,2341,1,1,6,15
JD_12371996,2021-02-28,19,17,6,0,0,0,0
JD_12371995,2021-02-28,3578,3025,1199,7,1,2,9
JD_12371993,2021-02-28,23,19,10,0,1,0,0
JD_12371992,2021-02-28,1,1,1,0,0,0,0
JD_12371991,2021-02-28,47,35,17,0,0,0,0
JD_12371990,2021-02-28,30,24,30,0,0,0,0
JD_12371989,2021-02-28,1594,1343,780,4,0,1,1
JD_12371988,2021-02-28,223,150,119,0,0,0,0
JD_12371987,2021-02-28,228,174,205,0,0,1,0
JD_12371986,2021-02-28,8,5,5,0,0,0,0
JD_12371985,2021-02-28,2,2,0,0,0,0,0
JD_12371984,2021-02-28,1272,928,1268,3,1,1,3
JD_12371983,2021-02-28,241,204,162,0,0,0,0
JD_12371982,2021-02-28,98,65,69,1,0,0,0
JD_12371981,2021-02-28,19,13,10,1,0,0,1
JD_12371980,2021-02-28,24,23,9,0,0,0,0
JD_12371979,2021-02-28,51,42,28,0,0,0,1
JD_12371978,2021-02-28,488,311,346,0,0,0,4
JD_12371977,2021-02-28,13,12,5,0,0,0,0
JD_12371976,2021-02-28,11,10,7,0,0,0,0
JD_12371975,2021-02-28,165,146,32,0,0,0,1
JD_12371974,2021-02-28,11,9,4,0,0,0,0
JD_12371973,2021-02-28,355,317,171,0,0,0,0
JD_12371972,2021-02-28,17,13,7,1,0,0,0
JD_12371971,2021-02-28,10,9,3,0,0,0,0
JD_12371970,2021-02-28,15,10,7,0,0,0,0
JD_12371969,2021-02-28,241,197,105,0,0,0,1
JD_12371967,2021-02-28,30,27,4,0,0,0,0
JD_12371966,2021-02-28,0,0,0,0,0,0,0
JD_12371965,2021-02-28,6,5,3,0,0,0,0
JD_12371964,2021-02-28,1344,1161,562,0,4,1,1
JD_12371963,2021-02-28,1976,1727,719,2,2,1,4
JD_12371962,2021-02-28,200,151,100,0,0,0,0
JD_12371961,2021-02-28,30,25,6,0,0,0,0
JD_12371960,2021-02-28,1,1,1,0,0,0,0
JD_12371959,2021-02-28,844,717,816,3,0,0,1
JD_12371957,2021-02-28,1,0,1,0,0,0,0
JD_12371956,2021-02-28,1322,919,980,6,8,6,2
JD_12371955,2021-02-28,28,26,2,0,1,0,0
JD_12371954,2021-02-28,143,117,128,0,0,0,0
JD_12371953,2021-02-28,7,7,4,0,0,0,0
JD_12371952,2021-02-28,1683,1170,1308,3,4,1,3
JD_12371951,2021-02-28,5,4,2,0,0,0,0
