JD_11365942,2021-02-28,16,0,16,0,0,0,0
JD_11365940,2021-02-28,15,5,8,1,1,0,0
JD_11365939,2021-02-28,6,1,5,1,0,0,0
JD_11365938,2021-02-28,3,1,3,0,0,0,0
JD_11365936,2021-02-28,8,0,8,0,0,0,0
JD_11365934,2021-02-28,19,4,15,2,1,0,0
JD_11365933,2021-02-28,17,5,13,1,1,0,0
JD_11365930,2021-02-28,205,107,199,2,4,1,0
JD_11365929,2021-02-28,15,5,13,1,1,0,0
JD_11365927,2021-02-28,1509,735,1295,14,2,3,3
JD_11365925,2021-02-28,57,35,53,0,0,0,0
JD_11365924,2021-02-28,58,35,39,0,0,0,0
JD_11365922,2021-02-28,99,35,93,0,2,0,0
JD_11365921,2021-02-28,110,72,104,1,0,0,1
JD_11365920,2021-02-28,19,8,11,0,0,0,0
JD_11365917,2021-02-28,6,3,5,0,0,0,0
JD_11365908,2021-02-28,805,0,789,16,0,0,0
JD_11365907,2021-02-28,4,1,4,0,0,0,0
JD_11365906,2021-02-28,33,19,30,0,0,0,0
JD_11365903,2021-02-28,124,32,114,1,1,0,0
JD_11365902,2021-02-28,0,0,0,0,0,0,0
JD_11365900,2021-02-28,6,2,5,0,0,0,0
JD_11365899,2021-02-28,49,33,27,0,0,0,0
JD_11365898,2021-02-28,36,15,35,1,0,0,0
JD_11365897,2021-02-28,309,0,290,13,6,0,0
JD_11365895,2021-02-28,27,7,21,1,1,0,0
JD_11365892,2021-02-28,141,3,133,6,2,0,0
JD_11365890,2021-02-28,49,0,47,1,1,0,0
JD_11365889,2021-02-28,63,46,31,0,0,0,0
JD_11365888,2021-02-28,6,2,6,0,0,0,0
JD_11365885,2021-02-28,48,1,47,1,0,0,0
JD_11365884,2021-02-28,0,0,0,0,0,0,0
JD_11365883,2021-02-28,2,0,2,0,0,0,0
JD_11365882,2021-02-28,1,0,1,0,0,0,0
JD_11365881,2021-02-28,0,0,0,0,0,0,0
JD_11365880,2021-02-28,2,1,1,0,0,0,0
JD_11365879,2021-02-28,3,1,2,0,0,0,0
JD_11365878,2021-02-28,3,1,1,0,1,0,0
JD_11365877,2021-02-28,6,1,5,0,0,0,0
JD_11365875,2021-02-28,101,0,98,3,0,0,0
JD_11365873,2021-02-28,36,14,36,0,0,1,0
JD_11365872,2021-02-28,24,13,22,0,0,0,1
JD_11365871,2021-02-28,1,0,1,0,0,0,0
JD_11365870,2021-02-28,1707,1067,1235,5,1,3,3
JD_11365869,2021-02-28,1850,1193,1254,3,1,1,5
JD_11365868,2021-02-28,4585,2761,3163,19,13,4,16
JD_11365863,2021-02-28,9,7,2,0,0,0,0
JD_11365857,2021-02-28,0,0,0,0,0,0,0
JD_11365849,2021-02-28,0,0,0,0,0,0,0
JD_11365842,2021-02-28,0,0,0,0,0,0,0
JD_11365840,2021-02-28,0,0,0,0,0,0,0
JD_11365839,2021-02-28,0,0,0,0,0,0,0
JD_11365838,2021-02-28,0,0,0,0,0,0,0
JD_11365836,2021-02-28,0,0,0,0,0,0,0
JD_11365832,2021-02-28,4,0,4,0,0,0,0
JD_11365826,2021-02-28,0,0,0,0,0,0,0
JD_11365825,2021-02-28,0,0,0,0,0,0,0
JD_11365822,2021-02-28,0,0,0,0,0,0,0
JD_11365817,2021-02-28,0,0,0,0,0,0,0
JD_11365813,2021-02-28,0,0,0,0,0,0,0
JD_11365812,2021-02-28,0,0,0,0,0,0,0
JD_11365810,2021-02-28,0,0,0,0,0,0,0
JD_11365808,2021-02-28,0,0,0,0,0,0,0
JD_11365806,2021-02-28,33,19,17,0,0,0,0
JD_11365805,2021-02-28,3,1,2,0,0,0,1
JD_11365802,2021-02-28,3,2,2,0,0,0,0
JD_11365801,2021-02-28,0,0,0,0,0,0,0
JD_11365800,2021-02-28,25,17,15,1,0,0,0
JD_11365798,2021-02-28,4,4,4,0,0,0,0
JD_11365797,2021-02-28,5,1,4,0,0,0,0
