JD_11658158,2021-02-28,36,5,33,1,0,0,0
JD_11658157,2021-02-28,17,1,17,0,0,0,0
JD_11658156,2021-02-28,360,153,313,4,2,0,1
JD_11658154,2021-02-28,7,3,5,0,0,0,0
JD_11658153,2021-02-28,23,12,20,0,0,0,0
JD_11658152,2021-02-28,2,2,1,0,0,0,0
JD_11658151,2021-02-28,6,5,4,0,0,0,0
JD_11658150,2021-02-28,19,14,6,0,0,0,0
JD_11658149,2021-02-28,2,1,0,1,0,0,0
JD_11658148,2021-02-28,9,8,2,0,0,0,0
JD_11658145,2021-02-28,220,172,110,0,0,0,0
JD_11658142,2021-02-28,33,19,13,1,0,0,0
JD_11658141,2021-02-28,1,1,0,0,0,0,0
JD_11658138,2021-02-28,53,34,37,0,1,1,0
JD_11658137,2021-02-28,127,92,73,0,1,0,0
JD_11658136,2021-02-28,4,3,4,0,0,0,0
JD_11658135,2021-02-28,2,2,0,0,0,0,0
JD_11658134,2021-02-28,6,5,4,0,0,0,0
JD_11658133,2021-02-28,673,530,431,11,0,1,1
JD_11658131,2021-02-28,15,9,8,0,0,0,0
JD_11658130,2021-02-28,28,0,26,0,2,0,0
JD_11658129,2021-02-28,5,4,2,0,0,0,0
JD_11658126,2021-02-28,19,13,8,0,0,0,0
JD_11658125,2021-02-28,20,11,12,2,0,0,0
JD_11658124,2021-02-28,4,3,2,0,0,0,0
JD_11658123,2021-02-28,41,29,24,0,1,0,0
JD_11658122,2021-02-28,38,24,22,2,0,0,0
JD_11658121,2021-02-28,5,3,3,0,0,0,0
JD_11658120,2021-02-28,3,1,2,0,0,0,0
JD_11658119,2021-02-28,16,11,9,0,0,0,0
JD_11658118,2021-02-28,2673,2026,1229,5,1,1,3
JD_11658117,2021-02-28,96,65,75,0,0,0,1
JD_11658116,2021-02-28,190,44,187,1,1,0,0
JD_11658115,2021-02-28,41,17,40,1,0,0,0
JD_11658113,2021-02-28,4,2,4,0,0,0,0
JD_11658112,2021-02-28,448,366,201,0,0,0,0
JD_11658110,2021-02-28,5,4,1,0,0,0,0
JD_11658109,2021-02-28,19,11,15,0,0,0,0
JD_11658108,2021-02-28,13,4,9,0,0,0,0
JD_11658107,2021-02-28,30,13,22,2,1,0,0
JD_11658106,2021-02-28,10,5,6,1,1,0,0
JD_11658105,2021-02-28,14,6,12,1,0,0,0
JD_11658104,2021-02-28,18,11,17,0,1,0,0
JD_11658103,2021-02-28,110,66,70,0,1,1,0
JD_11658102,2021-02-28,15,7,10,0,0,0,0
JD_11658101,2021-02-28,18,4,14,0,0,0,0
JD_11658100,2021-02-28,8,4,5,0,0,0,0
JD_11658099,2021-02-28,11,7,8,1,0,0,0
JD_11658098,2021-02-28,47,25,25,0,0,0,1
JD_11658097,2021-02-28,53,33,27,1,0,0,0
JD_11658096,2021-02-28,9,7,4,0,0,0,0
JD_11658094,2021-02-28,1073,811,741,5,2,1,3
JD_11658092,2021-02-28,11,7,6,0,0,0,0
JD_11658091,2021-02-28,18,10,11,0,1,0,1
JD_11658090,2021-02-28,22,7,16,1,0,0,1
JD_11658088,2021-02-28,16,8,11,0,0,0,1
JD_11658087,2021-02-28,14,9,10,0,1,0,1
JD_11658086,2021-02-28,17,9,11,0,0,1,0
JD_11658085,2021-02-28,55,20,50,0,0,0,0
JD_11658084,2021-02-28,45,24,36,0,1,0,0
JD_11658083,2021-02-28,129,86,107,0,0,0,0
JD_11658082,2021-02-28,3,2,3,0,0,0,0
JD_11658081,2021-02-28,150,105,91,0,0,0,0
JD_11658080,2021-02-28,10,9,6,0,0,0,0
JD_11658079,2021-02-28,29,16,22,1,0,0,1
JD_11658078,2021-02-28,25,14,14,0,0,0,0
JD_11658077,2021-02-28,26,16,18,0,0,0,0
JD_11658076,2021-02-28,260,193,138,1,1,1,0
JD_11658075,2021-02-28,0,0,0,0,0,0,0
JD_11658074,2021-02-28,116,48,110,0,2,0,0
