JD_11543440,2021-02-28,15,7,15,0,0,0,0
JD_11543439,2021-02-28,16,6,16,0,0,0,0
JD_11543438,2021-02-28,6,4,4,0,0,0,1
JD_11543436,2021-02-28,3,2,1,0,0,0,0
JD_11543435,2021-02-28,8,5,6,0,0,0,0
JD_11543432,2021-02-28,6,2,4,0,1,0,0
JD_11543431,2021-02-28,34,27,13,1,0,0,0
JD_11543427,2021-02-28,3,0,3,0,0,0,0
JD_11543426,2021-02-28,5,3,3,0,0,0,0
JD_11543425,2021-02-28,3,3,0,0,0,0,0
JD_11543424,2021-02-28,5,4,2,0,0,0,0
JD_11543423,2021-02-28,3,2,2,0,0,0,0
JD_11543421,2021-02-28,6,4,3,0,0,0,0
JD_11543420,2021-02-28,3,0,2,1,0,0,0
JD_11543418,2021-02-28,3,1,2,0,0,0,0
JD_11543417,2021-02-28,3,3,3,0,0,0,0
JD_11543416,2021-02-28,5,2,4,0,0,0,0
JD_11543415,2021-02-28,0,0,0,0,0,0,0
JD_11543414,2021-02-28,3,3,1,0,0,0,0
JD_11543413,2021-02-28,0,0,0,0,0,0,0
JD_11543411,2021-02-28,0,0,0,0,0,0,0
JD_11543409,2021-02-28,1,1,1,0,0,0,0
JD_11543404,2021-02-28,0,0,0,0,0,0,0
JD_11543401,2021-02-28,2,1,1,0,0,0,0
JD_11543398,2021-02-28,0,0,0,0,0,0,0
JD_11543397,2021-02-28,0,0,0,0,0,0,0
JD_11543396,2021-02-28,1,1,0,0,0,0,0
JD_11543394,2021-02-28,162,79,156,2,0,0,0
JD_11543393,2021-02-28,6,0,6,0,0,0,0
JD_11543392,2021-02-28,6,2,4,0,0,0,0
JD_11543391,2021-02-28,24,6,23,1,0,0,0
JD_11543390,2021-02-28,0,0,0,0,0,0,0
JD_11543389,2021-02-28,0,0,0,0,0,0,0
JD_11543388,2021-02-28,4,1,3,0,0,0,0
JD_11543384,2021-02-28,9,3,9,0,0,0,1
JD_11543382,2021-02-28,0,0,0,0,0,0,0
JD_11543371,2021-02-28,512,346,414,1,2,1,1
JD_11543368,2021-02-28,0,0,0,0,0,0,0
JD_11543366,2021-02-28,24,12,22,0,0,0,0
JD_11543364,2021-02-28,24,14,15,0,0,0,0
JD_11543363,2021-02-28,924,654,699,3,1,1,1
JD_11543362,2021-02-28,8,3,8,0,0,0,0
JD_11543360,2021-02-28,0,0,0,0,0,0,0
JD_11543357,2021-02-28,1,1,0,0,0,0,0
JD_11543355,2021-02-28,1,1,1,0,0,0,0
JD_11543354,2021-02-28,0,0,0,0,0,0,0
JD_11543353,2021-02-28,0,0,0,0,0,0,0
JD_11543352,2021-02-28,1,1,0,0,0,0,0
JD_11543350,2021-02-28,5,4,3,0,0,0,0
JD_11543348,2021-02-28,0,0,0,0,0,0,0
JD_11543347,2021-02-28,0,0,0,0,0,0,0
JD_11543344,2021-02-28,13,8,6,0,0,0,0
JD_11543343,2021-02-28,27,14,19,0,1,0,0
JD_11543341,2021-02-28,4,4,3,0,0,0,0
JD_11543340,2021-02-28,6,5,4,0,0,0,0
JD_11543339,2021-02-28,0,0,0,0,0,0,0
JD_11543338,2021-02-28,2,2,2,0,0,0,0
JD_11543337,2021-02-28,1,1,1,0,0,0,0
JD_11543336,2021-02-28,5,4,2,0,0,0,0
JD_11543335,2021-02-28,13,10,4,0,0,0,0
JD_11543334,2021-02-28,0,0,0,0,0,0,0
JD_11543333,2021-02-28,2,1,2,0,0,0,0
JD_11543332,2021-02-28,0,0,0,0,0,0,0
JD_11543331,2021-02-28,0,0,0,0,0,0,0
JD_11543330,2021-02-28,1,1,0,0,0,0,0
JD_11543329,2021-02-28,3,0,3,0,0,0,0
JD_11543328,2021-02-28,7,5,5,0,0,0,0
JD_11543326,2021-02-28,12,11,3,0,0,0,0
JD_11543324,2021-02-28,7,2,5,0,0,0,0
JD_11543323,2021-02-28,7,4,6,0,0,0,0
