JD_11629473,2021-02-28,4,3,3,0,0,0,0
JD_11629472,2021-02-28,2,2,1,0,0,0,0
JD_11629471,2021-02-28,26,17,14,0,0,0,0
JD_11629469,2021-02-28,17,14,11,0,0,0,0
JD_11629468,2021-02-28,39,32,17,0,0,0,0
JD_11629467,2021-02-28,8,3,4,1,0,0,0
JD_11629466,2021-02-28,5,2,3,0,0,0,1
JD_11629465,2021-02-28,1594,1249,889,4,2,3,4
JD_11629464,2021-02-28,80,61,44,0,0,0,0
JD_11629463,2021-02-28,11,8,5,0,0,0,0
JD_11629462,2021-02-28,15,14,2,0,0,0,0
JD_11629461,2021-02-28,23,21,7,0,0,0,0
JD_11629460,2021-02-28,5,4,3,0,0,0,0
JD_11629459,2021-02-28,160,124,87,0,0,0,0
JD_11629454,2021-02-28,32,23,20,0,0,0,0
JD_11629449,2021-02-28,48,19,38,1,0,1,0
JD_11629445,2021-02-28,2,2,2,0,0,0,0
JD_11629444,2021-02-28,0,0,0,0,0,0,0
JD_11629443,2021-02-28,0,0,0,0,0,0,0
JD_11629442,2021-02-28,0,0,0,0,0,0,0
JD_11629441,2021-02-28,0,0,0,0,0,0,0
JD_11629440,2021-02-28,0,0,0,0,0,0,0
JD_11629439,2021-02-28,2,1,1,0,0,0,0
JD_11629438,2021-02-28,0,0,0,0,0,0,0
JD_11629437,2021-02-28,1,0,1,0,0,0,0
JD_11629436,2021-02-28,1,1,0,0,0,0,0
JD_11629435,2021-02-28,0,0,0,0,0,0,0
JD_11629434,2021-02-28,0,0,0,0,0,0,0
JD_11629433,2021-02-28,1,0,1,0,0,0,0
JD_11629432,2021-02-28,1,0,1,0,0,0,0
JD_11629431,2021-02-28,1,1,0,0,0,0,0
JD_11629430,2021-02-28,2,1,2,0,0,0,0
JD_11629429,2021-02-28,9,2,7,0,1,0,0
JD_11629428,2021-02-28,3,1,2,0,0,0,0
JD_11629427,2021-02-28,0,0,0,0,0,0,0
JD_11629426,2021-02-28,0,0,0,0,0,0,0
JD_11629425,2021-02-28,0,0,0,0,0,0,0
JD_11629424,2021-02-28,0,0,0,0,0,0,0
JD_11629422,2021-02-28,0,0,0,0,0,0,0
JD_11629421,2021-02-28,0,0,0,0,0,0,0
JD_11629112,2021-02-28,0,0,0,0,0,0,0
JD_11629111,2021-02-28,0,0,0,0,0,0,0
JD_11629110,2021-02-28,0,0,0,0,0,0,0
JD_11629109,2021-02-28,3,3,2,0,0,0,0
JD_11629108,2021-02-28,0,0,0,0,0,0,0
JD_11629107,2021-02-28,3,3,1,0,0,0,0
JD_11629106,2021-02-28,10,5,8,1,0,0,0
JD_11629105,2021-02-28,0,0,0,0,0,0,0
JD_11629104,2021-02-28,15,11,7,0,0,0,0
JD_11629101,2021-02-28,32,18,25,1,0,0,0
JD_11629100,2021-02-28,886,731,885,1,0,1,1
JD_11629099,2021-02-28,3,0,3,0,0,0,0
JD_11629098,2021-02-28,2,0,2,0,0,0,0
JD_11629097,2021-02-28,20,12,17,0,0,0,0
JD_11629096,2021-02-28,5,0,5,0,0,0,0
JD_11629095,2021-02-28,10,7,6,0,0,0,0
JD_11629094,2021-02-28,7,7,0,0,0,0,0
JD_11629093,2021-02-28,78,59,24,0,0,0,0
JD_11629092,2021-02-28,0,0,0,0,0,0,0
JD_11629091,2021-02-28,0,0,0,0,0,0,0
JD_11629090,2021-02-28,1,1,0,0,0,0,0
JD_11629089,2021-02-28,32,0,32,0,0,0,0
JD_11629088,2021-02-28,17,0,17,0,0,0,0
JD_11629087,2021-02-28,7,1,7,0,0,0,0
JD_11629086,2021-02-28,16,13,7,0,0,0,0
JD_11629085,2021-02-28,22,14,14,0,0,0,0
JD_11629084,2021-02-28,0,0,0,0,0,0,0
JD_11629081,2021-02-28,1,0,1,0,0,0,0
JD_11629080,2021-02-28,6,2,6,0,0,0,0
JD_11629079,2021-02-28,3,3,1,0,0,0,0
