JD_11473728,2021-02-28,9,2,9,0,0,0,0
JD_11473727,2021-02-28,4,1,4,0,0,0,0
JD_11473726,2021-02-28,4,3,1,0,0,0,0
JD_11473725,2021-02-28,7,0,7,0,0,0,0
JD_11473723,2021-02-28,11,1,11,0,0,0,0
JD_11473722,2021-02-28,9,2,8,0,0,0,0
JD_11473721,2021-02-28,5,1,4,0,0,0,0
JD_11473720,2021-02-28,1067,185,1054,5,2,0,2
JD_11473719,2021-02-28,186,41,175,1,1,0,0
JD_11473716,2021-02-28,4,2,3,0,0,0,0
JD_11473715,2021-02-28,69,37,43,0,0,0,0
JD_11473714,2021-02-28,2,1,2,0,0,0,0
JD_11473713,2021-02-28,14,0,12,1,1,0,0
JD_11473712,2021-02-28,4,1,3,0,0,0,0
JD_11473711,2021-02-28,0,0,0,0,0,0,0
JD_11473710,2021-02-28,4,3,3,0,0,0,0
JD_11473709,2021-02-28,9,8,3,0,0,0,0
JD_11473708,2021-02-28,8,6,5,0,0,0,0
JD_11473707,2021-02-28,991,7,945,35,9,0,1
JD_11473706,2021-02-28,0,0,0,0,0,0,0
JD_11473705,2021-02-28,0,0,0,0,0,0,0
JD_11473704,2021-02-28,17,0,17,0,0,0,0
JD_11473702,2021-02-28,0,0,0,0,0,0,0
JD_11473701,2021-02-28,0,0,0,0,0,0,0
JD_11473700,2021-02-28,0,0,0,0,0,0,0
JD_11473699,2021-02-28,6,0,6,0,0,0,0
JD_11473698,2021-02-28,3,2,3,0,0,0,0
JD_11473697,2021-02-28,10,6,10,0,0,0,0
JD_11473696,2021-02-28,269,5,258,5,1,0,0
JD_11473695,2021-02-28,4,3,2,0,0,0,0
JD_11473694,2021-02-28,95,40,70,3,2,0,0
JD_11473693,2021-02-28,113,0,109,3,1,0,0
JD_11473692,2021-02-28,5,3,3,0,0,0,0
JD_11473690,2021-02-28,5,4,2,0,0,0,0
JD_11473689,2021-02-28,3,0,3,0,0,0,0
JD_11473687,2021-02-28,7,4,3,1,0,0,0
JD_11473686,2021-02-28,0,0,0,0,0,0,0
JD_11473685,2021-02-28,14,10,9,0,0,0,0
JD_11473684,2021-02-28,152,51,124,1,0,0,0
JD_11473682,2021-02-28,10,5,6,0,0,0,0
JD_11473681,2021-02-28,74,42,74,0,0,0,0
JD_11473680,2021-02-28,19,15,11,0,0,0,0
JD_11473679,2021-02-28,2,0,2,0,0,0,0
JD_11473678,2021-02-28,8,8,4,0,0,0,0
JD_11473677,2021-02-28,7,2,5,0,0,0,0
JD_11473675,2021-02-28,1218,588,1202,13,3,2,1
JD_11473674,2021-02-28,3,1,3,0,0,0,0
JD_11473673,2021-02-28,2,0,2,0,0,0,0
JD_11473671,2021-02-28,20,12,9,0,0,0,0
JD_11473670,2021-02-28,11,5,6,0,0,0,0
JD_11473669,2021-02-28,159,110,81,1,0,0,0
JD_11473668,2021-02-28,12,5,12,0,0,0,0
JD_11473667,2021-02-28,221,104,154,3,1,0,0
JD_11473666,2021-02-28,105,50,64,1,0,0,0
JD_11473663,2021-02-28,2,2,2,0,0,0,0
JD_11473662,2021-02-28,26,21,25,0,0,0,0
JD_11473661,2021-02-28,99,67,57,1,0,0,0
JD_11473659,2021-02-28,581,329,573,5,2,1,3
JD_11473657,2021-02-28,212,153,180,0,0,0,0
JD_11473656,2021-02-28,35,17,30,0,0,0,0
JD_11473655,2021-02-28,95,39,89,1,0,1,1
JD_11473654,2021-02-28,23,13,15,0,0,0,0
JD_11473653,2021-02-28,28,17,23,0,0,0,0
JD_11473652,2021-02-28,42,15,39,0,1,0,0
JD_11473651,2021-02-28,22,6,19,0,0,0,0
JD_11473650,2021-02-28,54,31,51,0,0,0,0
JD_11473649,2021-02-28,59,39,50,0,0,0,1
JD_11473648,2021-02-28,19,6,15,0,1,0,0
JD_11473647,2021-02-28,97,30,83,4,0,0,0
JD_11473646,2021-02-28,56,9,55,1,0,0,0
