JD_11434833,2021-02-28,379,0,371,8,0,0,1
JD_11434832,2021-02-28,2686,1389,2670,12,3,4,6
JD_11434828,2021-02-28,14,6,10,0,1,0,0
JD_11434821,2021-02-28,40533,30364,18288,23,9,86,47
JD_11434820,2021-02-28,12313,8490,6848,9,3,24,14
JD_11434819,2021-02-28,5005,3925,2113,6,1,12,6
JD_11434816,2021-02-28,3123,2186,1984,15,3,4,2
JD_11434815,2021-02-28,262,0,250,8,4,0,0
JD_11434813,2021-02-28,307,0,302,4,1,0,0
JD_11434811,2021-02-28,7,3,7,0,0,0,0
JD_11434810,2021-02-28,22,14,22,0,0,0,0
JD_11434809,2021-02-28,13,8,12,0,0,0,0
JD_11434804,2021-02-28,23,13,23,0,0,0,0
JD_11434803,2021-02-28,9,6,8,0,0,0,0
JD_11434802,2021-02-28,10,1,10,0,0,0,0
JD_11434790,2021-02-28,25,16,21,0,0,0,0
JD_11434788,2021-02-28,14,8,13,0,0,0,0
JD_11434787,2021-02-28,55,4,55,0,0,0,0
JD_11434784,2021-02-28,53,0,52,0,1,0,0
JD_11434783,2021-02-28,637,234,510,3,0,0,0
JD_11434782,2021-02-28,156,106,84,1,0,0,1
JD_11434781,2021-02-28,46,0,45,1,0,0,0
JD_11434780,2021-02-28,113,71,96,0,1,0,0
JD_11434778,2021-02-28,5,1,5,0,0,0,0
JD_11434777,2021-02-28,60,37,41,0,0,0,0
JD_11434776,2021-02-28,2503,1985,1457,15,8,4,3
JD_11434775,2021-02-28,3,3,1,0,0,0,0
JD_11434774,2021-02-28,0,0,0,0,0,0,0
JD_11434773,2021-02-28,13,8,9,1,0,0,0
JD_11434772,2021-02-28,78,32,77,0,0,0,0
JD_11434771,2021-02-28,10,5,8,0,0,0,0
JD_11434770,2021-02-28,11,9,5,0,0,0,0
JD_11434769,2021-02-28,3,3,0,0,0,0,0
JD_11434768,2021-02-28,4,3,2,0,0,0,0
JD_11434767,2021-02-28,4,3,3,0,0,0,0
JD_11434766,2021-02-28,6,2,3,0,1,0,0
JD_11434765,2021-02-28,0,0,0,0,0,0,0
JD_11434764,2021-02-28,2,0,2,0,0,0,0
JD_11434763,2021-02-28,249,212,77,0,0,0,0
JD_11434762,2021-02-28,1,1,1,0,0,0,0
JD_11434761,2021-02-28,2,1,1,0,0,0,0
JD_11434760,2021-02-28,33,24,16,0,0,0,0
JD_11434758,2021-02-28,1,0,1,0,0,0,0
JD_11434756,2021-02-28,0,0,0,0,0,0,0
JD_11434755,2021-02-28,1,0,1,0,0,0,0
JD_11434753,2021-02-28,3,0,3,0,0,0,0
JD_11434752,2021-02-28,34,24,21,0,0,0,0
JD_11434751,2021-02-28,5,1,5,0,0,0,0
JD_11434749,2021-02-28,1,0,1,0,0,0,0
JD_11434748,2021-02-28,0,0,0,0,0,0,0
JD_11434746,2021-02-28,10,8,4,0,0,0,0
JD_11434743,2021-02-28,7,4,5,0,0,0,0
JD_11434742,2021-02-28,0,0,0,0,0,0,0
JD_11434739,2021-02-28,0,0,0,0,0,0,0
JD_11434738,2021-02-28,0,0,0,0,0,0,0
JD_11434737,2021-02-28,1,0,1,0,0,0,0
JD_11434736,2021-02-28,1,1,1,0,0,0,0
JD_11434735,2021-02-28,3,3,3,0,0,0,0
JD_11434734,2021-02-28,4,1,4,0,0,0,0
JD_11434733,2021-02-28,29,22,15,0,0,0,0
JD_11434732,2021-02-28,33,15,26,0,0,0,0
JD_11434731,2021-02-28,331,143,320,3,0,1,1
JD_11434730,2021-02-28,0,0,0,0,0,0,0
JD_11434729,2021-02-28,0,0,0,0,0,0,0
JD_11434728,2021-02-28,2,0,2,0,0,0,0
JD_11434727,2021-02-28,94,50,66,0,0,1,3
JD_11434726,2021-02-28,1,0,1,0,0,0,0
JD_11434725,2021-02-28,124,94,118,2,0,0,0
JD_11434723,2021-02-28,11,4,10,1,0,0,0
JD_11434720,2021-02-28,0,0,0,0,0,0,0
