JD_11709477,2021-02-28,97,50,87,1,0,0,0
JD_11709476,2021-02-28,4455,1485,3739,48,22,1,1
JD_11709475,2021-02-28,2601,1557,2009,17,8,0,2
JD_11709474,2021-02-28,126,0,122,2,2,0,0
JD_11709472,2021-02-28,65,38,53,0,1,0,0
JD_11709470,2021-02-28,1841,241,1694,72,27,1,3
JD_11709469,2021-02-28,464,234,446,3,0,0,4
JD_11709468,2021-02-28,324,36,306,5,0,0,0
JD_11709466,2021-02-28,42,28,25,1,0,0,0
JD_11709465,2021-02-28,34,18,26,1,0,0,0
JD_11709464,2021-02-28,21,9,19,0,0,0,0
JD_11709463,2021-02-28,174,114,148,0,2,0,0
JD_11709462,2021-02-28,56,38,33,2,0,0,0
JD_11709456,2021-02-28,3,2,3,0,0,0,0
JD_11709455,2021-02-28,110331,61051,82171,381,162,67,163
JD_11709452,2021-02-28,61,37,38,0,0,0,0
JD_11709451,2021-02-28,33,5,29,3,0,0,0
JD_11709450,2021-02-28,68,50,54,0,0,0,0
JD_11709449,2021-02-28,40,28,23,0,0,0,0
JD_11709448,2021-02-28,28,12,22,0,0,0,0
JD_11709446,2021-02-28,243,33,215,7,3,0,1
JD_11709445,2021-02-28,54,40,44,0,0,0,0
JD_11709444,2021-02-28,58,37,47,0,0,0,1
JD_11709443,2021-02-28,60,42,49,0,0,0,0
JD_11709442,2021-02-28,62,42,53,0,0,0,0
JD_11709441,2021-02-28,20,6,16,0,0,0,0
JD_11709440,2021-02-28,17,0,17,0,0,0,0
JD_11709435,2021-02-28,2,2,0,0,0,0,0
JD_11708614,2021-02-28,15,8,11,0,0,0,0
JD_11708613,2021-02-28,4,3,2,0,0,0,0
JD_11708612,2021-02-28,7,1,7,0,0,0,0
JD_11708611,2021-02-28,821,456,646,1,1,0,4
JD_11708610,2021-02-28,13856,9170,12038,23,14,9,44
JD_11708609,2021-02-28,14,5,11,0,0,0,0
JD_11708608,2021-02-28,1,1,1,0,0,0,0
JD_11708607,2021-02-28,4,3,4,0,0,0,0
JD_11708606,2021-02-28,76,39,50,1,0,0,0
JD_11708605,2021-02-28,1,0,1,0,0,0,0
JD_11708604,2021-02-28,59,0,59,0,0,0,0
JD_11708603,2021-02-28,14,9,8,0,0,0,0
JD_11708602,2021-02-28,625,400,440,3,0,0,2
JD_11708601,2021-02-28,228,88,188,2,2,0,0
JD_11708600,2021-02-28,7,7,3,0,0,0,0
JD_11708599,2021-02-28,27,9,27,0,0,0,0
JD_11708598,2021-02-28,100,68,65,0,0,0,0
JD_11708597,2021-02-28,2,0,2,0,0,0,0
JD_11708596,2021-02-28,9,3,6,0,0,0,0
JD_11708595,2021-02-28,3,0,3,0,0,0,0
JD_11708594,2021-02-28,2755,1814,1811,8,2,1,7
JD_11708593,2021-02-28,388,209,306,2,0,0,3
JD_11708589,2021-02-28,1043,809,597,0,0,2,1
JD_11708587,2021-02-28,2378,1818,1009,2,1,3,7
JD_11708585,2021-02-28,1272,963,1257,2,0,7,3
JD_11708584,2021-02-28,9,0,9,0,0,0,0
JD_11708583,2021-02-28,17,13,6,1,0,0,0
JD_11708579,2021-02-28,7,0,6,1,0,0,0
JD_11708578,2021-02-28,1,0,1,0,0,0,0
JD_11708576,2021-02-28,61,29,58,0,1,1,0
JD_11708575,2021-02-28,3,0,3,0,0,0,0
JD_11708574,2021-02-28,0,0,0,0,0,0,0
JD_11708572,2021-02-28,3,0,3,0,0,0,0
JD_11708570,2021-02-28,88,0,87,1,0,0,0
JD_11708568,2021-02-28,8,0,8,0,0,0,0
JD_11708567,2021-02-28,5,0,5,0,0,0,0
JD_11708566,2021-02-28,2,0,1,1,0,0,0
JD_11708564,2021-02-28,6,3,6,0,0,0,0
JD_11708561,2021-02-28,6,0,5,1,0,0,0
JD_11708559,2021-02-28,73,0,73,0,0,0,0
JD_11708558,2021-02-28,109,0,108,1,0,0,0
JD_11708556,2021-02-28,3,0,3,0,0,0,0
