JD_11479574,2021-02-28,9,8,6,0,0,0,0
JD_11479573,2021-02-28,118,49,116,0,0,0,2
JD_11479572,2021-02-28,208,109,203,0,0,0,1
JD_11479571,2021-02-28,8,7,5,0,0,0,0
JD_11479570,2021-02-28,2,1,2,0,0,0,0
JD_11479569,2021-02-28,0,0,0,0,0,0,0
JD_11479568,2021-02-28,8,3,5,0,2,0,0
JD_11479567,2021-02-28,1,0,0,1,0,0,0
JD_11479566,2021-02-28,1,1,1,0,0,0,0
JD_11479565,2021-02-28,1,1,0,0,0,0,0
JD_11479563,2021-02-28,2,1,1,0,0,0,0
JD_11479562,2021-02-28,48,42,25,0,0,0,0
JD_11479561,2021-02-28,20,16,13,0,0,0,0
JD_11479560,2021-02-28,4,1,3,0,0,0,0
JD_11479559,2021-02-28,3,0,2,1,0,0,0
JD_11479558,2021-02-28,3,1,3,0,0,0,0
JD_11479557,2021-02-28,1,1,0,0,0,0,0
JD_11479556,2021-02-28,2,0,1,1,0,0,0
JD_11479555,2021-02-28,0,0,0,0,0,0,0
JD_11479554,2021-02-28,0,0,0,0,0,0,0
JD_11479553,2021-02-28,1,1,0,0,0,0,0
JD_11479552,2021-02-28,28,0,28,0,0,0,0
JD_11479551,2021-02-28,2,2,1,0,0,0,0
JD_11479550,2021-02-28,1,0,1,0,0,0,0
JD_11479549,2021-02-28,2,2,1,0,0,0,0
JD_11479548,2021-02-28,0,0,0,0,0,0,0
JD_11479547,2021-02-28,2,2,0,0,0,0,0
JD_11479546,2021-02-28,1,0,1,0,0,0,0
JD_11479545,2021-02-28,0,0,0,0,0,0,0
JD_11479544,2021-02-28,1,1,0,0,0,0,0
JD_11479543,2021-02-28,5,4,1,1,0,0,0
JD_11479542,2021-02-28,1,1,1,0,0,0,0
JD_11479541,2021-02-28,12,5,11,1,0,0,0
JD_11479540,2021-02-28,39,0,39,0,0,0,0
JD_11479539,2021-02-28,0,0,0,0,0,0,0
JD_11479538,2021-02-28,1,1,1,0,0,0,0
JD_11479537,2021-02-28,48,7,43,2,0,0,0
JD_11479536,2021-02-28,0,0,0,0,0,0,0
JD_11479534,2021-02-28,42,3,40,1,0,0,0
JD_11479531,2021-02-28,15,1,14,0,1,0,0
JD_11479530,2021-02-28,25,13,18,0,0,0,0
JD_11479529,2021-02-28,15,9,7,0,0,0,0
JD_11479528,2021-02-28,84,38,57,1,0,0,0
JD_11479527,2021-02-28,43,4,41,1,0,0,0
JD_11479526,2021-02-28,36,14,24,1,0,0,0
JD_11479525,2021-02-28,85,55,38,1,0,0,0
JD_11479524,2021-02-28,235,141,175,5,0,0,1
JD_11479523,2021-02-28,47,27,43,0,0,0,0
JD_11479522,2021-02-28,24,14,23,0,1,0,0
JD_11479521,2021-02-28,380,221,371,0,1,1,2
JD_11479520,2021-02-28,323,155,319,0,2,0,2
JD_11479519,2021-02-28,272,19,261,2,3,0,0
JD_11479518,2021-02-28,187,5,183,3,1,0,0
JD_11479517,2021-02-28,345,139,271,9,0,0,0
JD_11479516,2021-02-28,170,80,104,1,1,0,0
JD_11479515,2021-02-28,163,77,125,2,2,1,0
JD_11479514,2021-02-28,89,10,87,2,0,0,0
JD_11479513,2021-02-28,294,78,241,2,1,1,0
JD_11479512,2021-02-28,554,256,432,1,0,0,1
JD_11479511,2021-02-28,2,2,2,0,0,0,0
JD_11479510,2021-02-28,76,31,73,3,0,0,0
JD_11479509,2021-02-28,26,5,25,0,1,0,0
JD_11479508,2021-02-28,240,101,234,2,1,0,0
JD_11479507,2021-02-28,147,65,132,1,1,1,0
JD_11479506,2021-02-28,166,25,161,3,1,0,2
JD_11479505,2021-02-28,1,1,1,0,0,0,0
JD_11479504,2021-02-28,26,15,14,0,0,0,0
JD_11479503,2021-02-28,381,144,377,2,1,0,2
JD_11479501,2021-02-28,82,53,76,1,0,1,0
JD_11479497,2021-02-28,0,0,0,0,0,0,0
