JD_11717522,2021-02-28,40,31,23,0,0,0,0
JD_11717519,2021-02-28,2,0,2,0,0,0,0
JD_11717518,2021-02-28,1,0,0,1,0,0,0
JD_11717517,2021-02-28,148,68,147,0,0,0,0
JD_11717516,2021-02-28,210,103,208,1,1,0,0
JD_11717515,2021-02-28,159,62,159,0,0,0,0
JD_11717512,2021-02-28,2,1,2,0,0,0,0
JD_11717511,2021-02-28,2,1,2,0,0,0,0
JD_11717510,2021-02-28,184,103,181,1,0,0,0
JD_11717509,2021-02-28,87,72,38,1,0,0,0
JD_11717508,2021-02-28,0,0,0,0,0,0,0
JD_11717507,2021-02-28,140,46,138,0,2,0,0
JD_11717506,2021-02-28,140,69,137,3,0,0,0
JD_11717505,2021-02-28,121,47,120,1,0,0,0
JD_11717504,2021-02-28,39,29,19,0,0,0,0
JD_11717503,2021-02-28,0,0,0,0,0,0,0
JD_11717502,2021-02-28,116,45,115,0,1,0,0
JD_11717501,2021-02-28,13,0,12,0,1,0,0
JD_11717499,2021-02-28,150,74,148,1,0,0,0
JD_11717498,2021-02-28,210,58,203,4,3,0,0
JD_11717497,2021-02-28,163,69,158,3,2,0,1
JD_11717496,2021-02-28,5,0,5,0,0,0,0
JD_11717495,2021-02-28,1,0,1,0,0,0,0
JD_11717494,2021-02-28,187,81,185,1,1,0,0
JD_11717493,2021-02-28,9,1,9,0,0,0,0
JD_11717492,2021-02-28,7,1,6,1,0,0,0
JD_11717490,2021-02-28,777,550,353,0,0,1,0
JD_11716774,2021-02-28,141,101,71,1,1,0,0
JD_11716772,2021-02-28,334,1,328,2,3,0,1
JD_11716769,2021-02-28,8,6,3,0,0,0,0
JD_11716766,2021-02-28,172,66,172,0,0,0,0
JD_11716765,2021-02-28,249,0,245,2,2,0,1
JD_11716764,2021-02-28,2,2,2,0,0,0,0
JD_11716760,2021-02-28,455,0,450,2,3,0,0
JD_11716759,2021-02-28,372,0,366,5,1,0,0
JD_11716758,2021-02-28,379,0,373,4,2,0,0
JD_11716757,2021-02-28,208,0,205,3,0,0,0
JD_11716756,2021-02-28,58,27,44,2,0,0,0
JD_11716755,2021-02-28,133,3,132,1,0,0,0
JD_11716754,2021-02-28,355,0,349,2,4,0,0
JD_11716753,2021-02-28,245,0,243,2,0,0,0
JD_11716752,2021-02-28,529,0,517,8,4,0,0
JD_11716751,2021-02-28,271,0,265,3,3,0,0
JD_11716750,2021-02-28,80,2,80,0,0,0,0
JD_11716749,2021-02-28,220,0,218,2,0,0,0
JD_11716748,2021-02-28,346,0,340,4,2,0,0
JD_11716747,2021-02-28,4,4,3,0,0,0,0
JD_11716746,2021-02-28,0,0,0,0,0,0,0
JD_11716745,2021-02-28,0,0,0,0,0,0,0
JD_11716743,2021-02-28,351,0,344,5,2,0,0
JD_11716742,2021-02-28,407,0,399,7,1,0,0
JD_11716741,2021-02-28,0,0,0,0,0,0,0
JD_11716738,2021-02-28,40,33,20,0,0,0,0
JD_11716737,2021-02-28,0,0,0,0,0,0,0
JD_11716736,2021-02-28,0,0,0,0,0,0,0
JD_11716735,2021-02-28,0,0,0,0,0,0,0
JD_11716734,2021-02-28,0,0,0,0,0,0,0
JD_11716733,2021-02-28,0,0,0,0,0,0,0
JD_11716732,2021-02-28,0,0,0,0,0,0,0
JD_11716731,2021-02-28,0,0,0,0,0,0,0
JD_11716728,2021-02-28,50,18,37,1,0,0,0
JD_11716727,2021-02-28,486,195,400,7,0,1,2
JD_11716724,2021-02-28,2,1,2,0,0,0,0
JD_11716721,2021-02-28,14,10,13,0,0,0,0
JD_11716720,2021-02-28,20,17,11,0,0,0,0
JD_11716719,2021-02-28,0,0,0,0,0,0,0
JD_11716718,2021-02-28,11,4,11,0,0,0,0
JD_11716717,2021-02-28,343,208,191,1,1,0,1
JD_11716716,2021-02-28,33,11,31,2,0,0,0
JD_11716715,2021-02-28,24,0,23,1,0,0,0
