JD_11393203,2021-02-28,52,22,41,0,0,0,0
JD_11393202,2021-02-28,5,0,5,0,0,0,0
JD_11393201,2021-02-28,1,0,1,0,0,0,0
JD_11393197,2021-02-28,67,0,64,3,0,0,0
JD_11393196,2021-02-28,0,0,0,0,0,0,0
JD_11393194,2021-02-28,16,2,15,0,0,0,0
JD_11393193,2021-02-28,157,0,140,11,6,0,0
JD_11393192,2021-02-28,24,12,15,0,0,0,0
JD_11393191,2021-02-28,12,6,12,0,0,0,0
JD_11393190,2021-02-28,29,19,18,0,0,0,0
JD_11393189,2021-02-28,86,11,81,2,1,0,0
JD_11393187,2021-02-28,21,12,16,0,0,0,0
JD_11393186,2021-02-28,29,15,23,1,0,0,0
JD_11393185,2021-02-28,17,7,15,0,0,0,0
JD_11393183,2021-02-28,4,2,2,0,0,0,0
JD_11393182,2021-02-28,20,11,15,0,1,0,0
JD_11393181,2021-02-28,960,685,747,6,3,0,2
JD_11393180,2021-02-28,46,0,43,3,0,0,0
JD_11393179,2021-02-28,29,16,21,0,0,0,0
JD_11393178,2021-02-28,563,0,518,21,24,0,0
JD_11393175,2021-02-28,40,0,38,1,1,0,0
JD_11393172,2021-02-28,779,550,720,1,1,0,3
JD_11393168,2021-02-28,1,1,1,0,0,0,0
JD_11393166,2021-02-28,41,21,35,0,0,0,1
JD_11393165,2021-02-28,165,0,160,5,0,0,0
JD_11393162,2021-02-28,33,24,16,0,1,0,0
JD_11393160,2021-02-28,1566,1278,759,3,2,2,2
JD_11393158,2021-02-28,1,1,1,0,0,0,0
JD_11393157,2021-02-28,5,3,5,0,0,0,0
JD_11393156,2021-02-28,345,202,242,1,0,1,1
JD_11393154,2021-02-28,102,49,85,0,0,1,0
JD_11393153,2021-02-28,90,50,52,0,0,0,0
JD_11393152,2021-02-28,15,11,7,0,0,0,0
JD_11393151,2021-02-28,14,5,12,0,0,0,0
JD_11393150,2021-02-28,109,55,91,0,0,0,0
JD_11393149,2021-02-28,57,9,53,0,0,0,0
JD_11393148,2021-02-28,1573,321,1526,35,6,0,1
JD_11393147,2021-02-28,255,76,208,4,1,0,3
JD_11393129,2021-02-28,1212,524,1095,9,0,2,1
JD_11393122,2021-02-28,0,0,0,0,0,0,0
JD_11393121,2021-02-28,1,0,1,0,0,0,0
JD_11393120,2021-02-28,8,1,8,0,0,0,0
JD_11393118,2021-02-28,37,1,35,0,2,0,0
JD_11393117,2021-02-28,1,1,1,0,0,0,0
JD_11393116,2021-02-28,2,1,1,0,0,0,0
JD_11393115,2021-02-28,2,1,2,0,0,0,0
JD_11393114,2021-02-28,15,2,14,0,0,0,0
JD_11393113,2021-02-28,5,2,5,0,0,0,0
JD_11393112,2021-02-28,2,2,1,0,0,0,0
JD_11393111,2021-02-28,3,2,3,0,0,0,0
JD_11393110,2021-02-28,6,6,2,0,0,0,0
JD_11393109,2021-02-28,16,11,10,0,0,0,0
JD_11393108,2021-02-28,3,1,2,0,0,0,0
JD_11393107,2021-02-28,222,128,153,3,0,0,2
JD_11393106,2021-02-28,8,6,3,0,0,0,0
JD_11393105,2021-02-28,179,128,117,0,0,0,0
JD_11393104,2021-02-28,3,1,2,0,0,0,0
JD_11393102,2021-02-28,60,0,59,1,0,0,0
JD_11393101,2021-02-28,6,0,6,0,0,0,0
JD_11393100,2021-02-28,1064,430,944,8,2,0,4
JD_11393099,2021-02-28,1028,766,668,0,1,0,2
JD_11393098,2021-02-28,13,5,11,0,0,0,0
JD_11393097,2021-02-28,81,46,63,0,1,0,0
JD_11393096,2021-02-28,33,28,30,0,0,0,0
JD_11393095,2021-02-28,31,23,18,0,0,0,1
JD_11393094,2021-02-28,541,444,309,0,1,1,1
JD_11393093,2021-02-28,28,12,27,0,0,0,0
JD_11393092,2021-02-28,42,31,21,0,0,0,1
JD_11393091,2021-02-28,75,61,45,0,0,0,0
JD_11393090,2021-02-28,25,18,13,0,0,0,0
