JD_12610934,2021-02-28,30,26,4,0,0,0,0
JD_12610933,2021-02-28,96,77,19,0,0,1,1
JD_12610932,2021-02-28,5145,4132,1008,5,0,5,4
JD_12610930,2021-02-28,545,460,82,3,0,0,2
JD_12610929,2021-02-28,6936,5731,1201,3,1,5,8
JD_12610928,2021-02-28,380,254,126,0,0,0,1
JD_12610927,2021-02-28,11819,9558,2248,7,6,8,14
JD_12610926,2021-02-28,4,3,1,0,0,0,0
JD_12610925,2021-02-28,9960,8288,1668,2,2,5,10
JD_12610924,2021-02-28,5,4,1,0,0,0,0
JD_12610923,2021-02-28,13728,11340,2377,9,2,11,14
JD_12610922,2021-02-28,34,29,5,0,0,0,0
JD_12610921,2021-02-28,272,234,38,0,0,0,1
JD_12610920,2021-02-28,7,6,1,0,0,0,0
JD_12610919,2021-02-28,783,591,189,2,1,0,2
JD_12610918,2021-02-28,495,433,62,0,0,1,2
JD_12610917,2021-02-28,64,58,6,0,0,0,0
JD_12610916,2021-02-28,222,149,73,0,0,0,3
JD_12610915,2021-02-28,22,17,5,0,0,0,0
JD_12610914,2021-02-28,1,1,0,0,0,0,0
JD_12610913,2021-02-28,496,453,43,0,0,0,1
JD_12610912,2021-02-28,5,4,1,0,0,0,0
JD_12610911,2021-02-28,442,406,36,0,0,0,0
JD_12610910,2021-02-28,38,36,2,0,0,0,0
JD_12610909,2021-02-28,64,49,15,0,0,0,0
JD_12610908,2021-02-28,6,6,0,0,0,0,0
JD_12610907,2021-02-28,30,22,7,1,0,0,0
JD_12610906,2021-02-28,83,78,5,0,0,0,0
JD_12610905,2021-02-28,821,727,93,1,0,0,2
JD_12610904,2021-02-28,205,158,46,0,1,0,2
JD_12610903,2021-02-28,1,1,0,0,0,0,0
JD_12610902,2021-02-28,1698,1456,235,6,1,0,1
JD_12610901,2021-02-28,96,86,10,0,0,0,0
JD_12610900,2021-02-28,146,122,24,0,0,0,0
JD_12610899,2021-02-28,33,28,5,0,0,1,0
JD_12610898,2021-02-28,2,1,1,0,0,0,0
JD_12610897,2021-02-28,29,25,4,0,0,0,0
JD_12610896,2021-02-28,48,42,6,0,0,0,0
JD_12610895,2021-02-28,30,23,7,0,0,0,0
JD_12610894,2021-02-28,5,5,0,0,0,0,0
JD_12610893,2021-02-28,70,59,11,0,0,0,0
JD_12610892,2021-02-28,1,1,0,0,0,0,0
JD_12610891,2021-02-28,91,85,6,0,0,0,0
JD_12610890,2021-02-28,1,0,1,0,0,0,0
JD_12610889,2021-02-28,164,147,17,0,0,0,0
JD_12610888,2021-02-28,2,2,0,0,0,0,0
JD_12610887,2021-02-28,47,36,11,0,0,0,0
JD_12610886,2021-02-28,63,47,16,0,0,0,1
JD_12610885,2021-02-28,25,21,4,0,0,1,0
JD_12610884,2021-02-28,93,79,14,0,0,0,1
JD_12610883,2021-02-28,38,34,4,0,0,0,0
JD_12610882,2021-02-28,355,292,62,0,1,0,2
JD_12610881,2021-02-28,110,86,24,0,0,0,0
JD_12610880,2021-02-28,33,28,5,0,0,0,0
JD_12610879,2021-02-28,194,152,41,0,1,0,0
JD_12610878,2021-02-28,2081,1776,304,0,1,1,0
JD_12610877,2021-02-28,149,128,21,0,0,1,1
JD_12610876,2021-02-28,415,339,75,1,0,0,0
JD_12610875,2021-02-28,361,298,63,0,0,0,0
JD_12610874,2021-02-28,2117,1797,320,0,0,0,2
JD_12610873,2021-02-28,9,9,0,0,0,0,0
JD_12610872,2021-02-28,57,54,3,0,0,0,1
JD_12610871,2021-02-28,2,2,0,0,0,0,0
JD_12610869,2021-02-28,3,3,0,0,0,0,0
JD_12610867,2021-02-28,151,134,17,0,0,0,0
JD_12610866,2021-02-28,24,20,4,0,0,0,0
JD_12610865,2021-02-28,0,0,0,0,0,0,0
JD_12610864,2021-02-28,18,14,4,0,0,0,0
JD_12610341,2021-02-28,23,20,3,0,0,0,0
JD_12610340,2021-02-28,33,28,5,0,0,0,0
