JD_11403903,2021-02-28,4,1,2,1,1,0,0
JD_11403902,2021-02-28,15,6,14,1,0,0,0
JD_11403901,2021-02-28,261,197,146,2,1,1,0
JD_11403899,2021-02-28,2,0,2,0,0,0,0
JD_11403898,2021-02-28,21,17,8,0,0,0,0
JD_11403894,2021-02-28,312,2,300,6,5,0,1
JD_11403891,2021-02-28,101,67,53,0,0,0,0
JD_11403890,2021-02-28,1286,624,993,16,4,0,4
JD_11403889,2021-02-28,2,1,2,0,0,0,0
JD_11403888,2021-02-28,12,5,10,0,0,0,0
JD_11403884,2021-02-28,16,12,9,0,0,0,0
JD_11403883,2021-02-28,0,0,0,0,0,0,0
JD_11403882,2021-02-28,11,2,9,1,0,0,0
JD_11403880,2021-02-28,24,8,22,0,0,0,0
JD_11403879,2021-02-28,46,18,46,0,0,0,0
JD_11403878,2021-02-28,22,9,23,0,0,0,0
JD_11403877,2021-02-28,174,120,134,0,0,1,0
JD_11403876,2021-02-28,4,1,2,1,1,0,0
JD_11403875,2021-02-28,24,12,18,0,1,0,0
JD_11403874,2021-02-28,24,17,21,0,0,0,0
JD_11403873,2021-02-28,241,171,104,2,1,0,0
JD_11403872,2021-02-28,72,31,43,0,1,0,0
JD_11403871,2021-02-28,3,3,0,0,0,0,0
JD_11403868,2021-02-28,20,12,15,1,0,0,0
JD_11403867,2021-02-28,10,8,2,0,0,0,0
JD_11403866,2021-02-28,3,2,2,0,0,0,0
JD_11403865,2021-02-28,43,30,22,0,0,0,0
JD_11403864,2021-02-28,2,1,1,0,1,0,0
JD_11403863,2021-02-28,14,9,9,0,0,0,0
JD_11403861,2021-02-28,5,4,1,0,0,0,0
JD_11403860,2021-02-28,298,214,133,2,0,0,1
JD_11403859,2021-02-28,7,5,4,0,0,0,0
JD_11403858,2021-02-28,2,1,2,0,0,0,0
JD_11403857,2021-02-28,9,6,4,0,0,0,0
JD_11403856,2021-02-28,70,45,40,1,0,0,0
JD_11403855,2021-02-28,78,55,46,0,0,0,0
JD_11403854,2021-02-28,7,1,7,0,0,0,0
JD_11403853,2021-02-28,18,1,18,0,0,0,0
JD_11403852,2021-02-28,304,226,114,0,2,1,2
JD_11403851,2021-02-28,57,38,35,0,0,0,0
JD_11403850,2021-02-28,3,3,0,0,0,0,0
JD_11403849,2021-02-28,1,0,1,0,0,0,0
JD_11403848,2021-02-28,0,0,0,0,0,0,0
JD_11403847,2021-02-28,6,5,1,0,0,0,0
JD_11403846,2021-02-28,10,5,8,0,0,0,0
JD_11403845,2021-02-28,10,0,9,1,0,0,0
JD_11403844,2021-02-28,0,0,0,0,0,0,0
JD_11403842,2021-02-28,101,65,96,0,0,0,0
JD_11403841,2021-02-28,16,0,15,0,1,0,0
JD_11403840,2021-02-28,4,3,3,0,1,0,0
JD_11403839,2021-02-28,26,13,19,1,0,0,0
JD_11403838,2021-02-28,22,14,19,0,0,0,0
JD_11403835,2021-02-28,1,0,1,0,0,0,0
JD_11403832,2021-02-28,0,0,0,0,0,0,0
JD_11403831,2021-02-28,7,5,4,0,0,0,0
JD_11403830,2021-02-28,0,0,0,0,0,0,0
JD_11403829,2021-02-28,11,0,11,0,0,0,0
JD_11403828,2021-02-28,10,6,6,0,0,0,0
JD_11403825,2021-02-28,29,0,28,1,0,0,0
JD_11403824,2021-02-28,6,2,5,0,0,0,0
JD_11403823,2021-02-28,4,0,4,0,0,0,0
JD_11403816,2021-02-28,5,2,2,1,0,0,0
JD_11403815,2021-02-28,36,23,27,1,0,0,0
JD_11403813,2021-02-28,41,26,40,0,0,0,1
JD_11403810,2021-02-28,12,4,12,0,0,0,0
JD_11403807,2021-02-28,12,0,12,0,0,0,0
JD_11403806,2021-02-28,17,0,16,1,0,0,0
JD_11403804,2021-02-28,144,53,135,5,1,0,1
JD_11403803,2021-02-28,9,7,4,0,0,0,0
JD_11403802,2021-02-28,24,17,10,0,0,0,0
