JD_11354091,2021-02-28,0,0,0,0,0,0,0
JD_11354083,2021-02-28,0,0,0,0,0,0,0
JD_11354076,2021-02-28,0,0,0,0,0,0,0
JD_11354075,2021-02-28,2,2,0,0,0,0,0
JD_11354074,2021-02-28,0,0,0,0,0,0,0
JD_11354071,2021-02-28,436,0,424,6,6,0,0
JD_11354070,2021-02-28,5,2,5,0,0,0,0
JD_11354067,2021-02-28,390,0,381,8,1,0,0
JD_11354061,2021-02-28,0,0,0,0,0,0,0
JD_11354060,2021-02-28,1,1,1,0,0,0,0
JD_11354059,2021-02-28,1,1,0,0,0,0,0
JD_11354057,2021-02-28,5,3,5,0,0,0,0
JD_11354055,2021-02-28,2,2,2,0,0,0,0
JD_11354054,2021-02-28,0,0,0,0,0,0,0
JD_11354050,2021-02-28,0,0,0,0,0,0,0
JD_11354042,2021-02-28,0,0,0,0,0,0,0
JD_11354039,2021-02-28,1,0,1,0,0,0,0
JD_11354038,2021-02-28,0,0,0,0,0,0,0
JD_11354035,2021-02-28,1,0,1,0,0,0,0
JD_11354034,2021-02-28,2,0,2,0,0,0,0
JD_11354033,2021-02-28,0,0,0,0,0,0,0
JD_11354030,2021-02-28,1,1,0,0,0,0,0
JD_11354028,2021-02-28,5,4,5,0,0,0,0
JD_11354023,2021-02-28,2,1,2,0,0,0,0
JD_11354017,2021-02-28,0,0,0,0,0,0,0
JD_11354016,2021-02-28,0,0,0,0,0,0,0
JD_11354014,2021-02-28,0,0,0,0,0,0,0
JD_11354013,2021-02-28,0,0,0,0,0,0,0
JD_11354008,2021-02-28,0,0,0,0,0,0,0
JD_11354007,2021-02-28,0,0,0,0,0,0,0
JD_11354006,2021-02-28,0,0,0,0,0,0,0
JD_11354004,2021-02-28,0,0,0,0,0,0,0
JD_11353995,2021-02-28,2209,1769,939,5,4,1,6
JD_11353994,2021-02-28,134,0,126,8,0,0,0
JD_11353993,2021-02-28,4583,1746,4093,70,30,3,9
JD_11353992,2021-02-28,0,0,0,0,0,0,0
JD_11353988,2021-02-28,34,29,13,0,0,0,0
JD_11353986,2021-02-28,8,6,4,0,0,0,0
JD_11353985,2021-02-28,101,0,94,5,2,0,0
JD_11353981,2021-02-28,89,50,40,2,0,0,0
JD_11353980,2021-02-28,11,6,10,1,0,0,0
JD_11353978,2021-02-28,4,2,3,0,0,0,0
JD_11353977,2021-02-28,20,1,20,0,0,0,0
JD_11353976,2021-02-28,5,3,4,0,0,0,0
JD_11353974,2021-02-28,41,9,40,1,0,0,0
JD_11353973,2021-02-28,1,1,1,0,0,0,0
JD_11353971,2021-02-28,1225,0,1181,35,9,0,0
JD_11353969,2021-02-28,40,12,36,0,1,0,0
JD_11353968,2021-02-28,360,247,305,4,2,0,1
JD_11353967,2021-02-28,436,134,375,7,3,0,0
JD_11353966,2021-02-28,14,10,6,0,0,0,0
JD_11353965,2021-02-28,5,2,5,0,0,0,0
JD_11353964,2021-02-28,7,3,6,0,0,0,0
JD_11353963,2021-02-28,12,3,10,1,1,0,0
JD_11353962,2021-02-28,16,10,6,0,0,0,0
JD_11353961,2021-02-28,22,11,13,0,0,0,0
JD_11353960,2021-02-28,3,3,1,0,0,0,0
JD_11353959,2021-02-28,5,1,5,0,0,0,0
JD_11353958,2021-02-28,0,0,0,0,0,0,0
JD_11353956,2021-02-28,20,5,19,0,0,0,0
JD_11353954,2021-02-28,379,267,212,3,3,1,1
JD_11353953,2021-02-28,13,6,7,0,0,0,0
JD_11353952,2021-02-28,14,9,7,0,1,0,0
JD_11353951,2021-02-28,96,54,95,1,0,0,0
JD_11353950,2021-02-28,31,20,22,0,0,0,0
JD_11353949,2021-02-28,32,19,20,1,0,0,1
JD_11353948,2021-02-28,12,5,11,1,0,0,0
JD_11353946,2021-02-28,18,8,15,1,0,0,0
JD_11353944,2021-02-28,0,0,0,0,0,0,0
JD_11353941,2021-02-28,27,15,16,0,0,0,0
