JD_11456451,2021-02-28,91,48,65,1,0,0,1
JD_11456448,2021-02-28,70,40,51,0,0,0,0
JD_11456446,2021-02-28,61,32,47,0,0,0,0
JD_11456445,2021-02-28,62,38,40,0,0,0,1
JD_11456444,2021-02-28,48,15,45,0,0,0,0
JD_11456442,2021-02-28,217,131,157,0,0,1,1
JD_11456436,2021-02-28,91,67,46,0,0,0,0
JD_11456435,2021-02-28,2,0,2,0,0,0,0
JD_11456434,2021-02-28,0,0,0,0,0,0,0
JD_11456433,2021-02-28,0,0,0,0,0,0,0
JD_11456432,2021-02-28,88,1,85,2,1,0,0
JD_11456430,2021-02-28,12,8,8,0,0,0,0
JD_11456429,2021-02-28,0,0,0,0,0,0,0
JD_11456428,2021-02-28,0,0,0,0,0,0,0
JD_11456427,2021-02-28,0,0,0,0,0,0,0
JD_11456426,2021-02-28,10,7,6,0,0,0,0
JD_11456425,2021-02-28,54,35,41,0,0,0,0
JD_11456424,2021-02-28,10,6,7,0,0,0,0
JD_11456421,2021-02-28,0,0,0,0,0,0,0
JD_11456419,2021-02-28,151,30,126,1,3,0,1
JD_11456418,2021-02-28,47,30,30,0,0,0,1
JD_11456417,2021-02-28,4,3,4,0,0,0,0
JD_11456415,2021-02-28,1,1,1,0,0,0,0
JD_11456414,2021-02-28,35,30,18,0,0,0,0
JD_11456413,2021-02-28,1,1,1,0,0,0,0
JD_11456409,2021-02-28,0,0,0,0,0,0,0
JD_11456406,2021-02-28,1,0,1,0,0,0,0
JD_11456404,2021-02-28,3,2,1,0,0,0,0
JD_11456403,2021-02-28,0,0,0,0,0,0,0
JD_11456401,2021-02-28,19,9,16,0,0,0,0
JD_11456400,2021-02-28,42,27,34,0,0,0,0
JD_11456399,2021-02-28,1548,1091,965,5,1,1,3
JD_11456398,2021-02-28,35,15,27,0,1,0,0
JD_11456396,2021-02-28,0,0,0,0,0,0,0
JD_11456395,2021-02-28,21,16,20,0,0,0,0
JD_11456394,2021-02-28,44,27,29,0,1,0,0
JD_11456390,2021-02-28,0,0,0,0,0,0,0
JD_11456388,2021-02-28,8,7,2,0,0,0,0
JD_11456387,2021-02-28,0,0,0,0,0,0,0
JD_11456386,2021-02-28,2,2,0,0,0,0,0
JD_11456385,2021-02-28,4,4,2,0,0,0,0
JD_11456384,2021-02-28,2,2,1,0,0,0,0
JD_11456383,2021-02-28,2,1,1,0,0,0,0
JD_11456382,2021-02-28,6,5,3,0,0,0,0
JD_11456381,2021-02-28,1,1,0,0,0,0,0
JD_11456380,2021-02-28,2,2,0,0,0,0,0
JD_11456379,2021-02-28,2,2,1,0,0,0,0
JD_11456378,2021-02-28,12,10,11,0,0,0,0
JD_11456377,2021-02-28,0,0,0,0,0,0,0
JD_11456374,2021-02-28,3,3,0,0,0,0,0
JD_11456373,2021-02-28,4,2,3,0,0,0,0
JD_11456372,2021-02-28,1,0,1,0,0,0,0
JD_11456371,2021-02-28,20,8,13,2,0,0,1
JD_11456370,2021-02-28,0,0,0,0,0,0,0
JD_11456369,2021-02-28,10,9,4,0,0,0,0
JD_11456367,2021-02-28,1,1,0,0,0,0,0
JD_11456365,2021-02-28,8,1,6,1,0,0,0
JD_11456364,2021-02-28,11,6,6,0,0,0,0
JD_11456362,2021-02-28,46,7,41,1,2,0,0
JD_11456361,2021-02-28,36,28,17,0,0,0,0
JD_11456359,2021-02-28,0,0,0,0,0,0,0
JD_11456358,2021-02-28,0,0,0,0,0,0,0
JD_11456357,2021-02-28,1,1,0,0,0,0,0
JD_11456356,2021-02-28,3,2,2,0,0,0,0
JD_11456355,2021-02-28,1,0,1,0,0,0,0
JD_11456354,2021-02-28,2,2,0,0,0,0,0
JD_11456353,2021-02-28,0,0,0,0,0,0,0
JD_11456351,2021-02-28,0,0,0,0,0,0,0
JD_11456350,2021-02-28,589,380,322,0,0,0,1
JD_11456348,2021-02-28,0,0,0,0,0,0,0
