JD_11324326,2021-02-28,0,0,0,0,0,0,0
JD_11324324,2021-02-28,0,0,0,0,0,0,0
JD_11324323,2021-02-28,15,0,15,0,0,0,0
JD_11324316,2021-02-28,0,0,0,0,0,0,0
JD_11324315,2021-02-28,6,2,6,0,0,0,0
JD_11324313,2021-02-28,0,0,0,0,0,0,0
JD_11324312,2021-02-28,1,0,1,0,0,0,0
JD_11324311,2021-02-28,30,14,25,0,0,0,0
JD_11324310,2021-02-28,2,2,2,0,0,0,0
JD_11324307,2021-02-28,2467,1871,889,29,14,1,5
JD_11324303,2021-02-28,6,2,5,0,1,0,0
JD_11324302,2021-02-28,829,633,689,0,1,0,1
JD_11324301,2021-02-28,1,0,1,0,0,0,0
JD_11324299,2021-02-28,4,1,3,0,0,0,0
JD_11324298,2021-02-28,869,670,330,6,4,0,1
JD_11324297,2021-02-28,27,11,26,0,1,0,0
JD_11324296,2021-02-28,1,0,1,0,0,0,0
JD_11324295,2021-02-28,66,48,34,0,0,0,0
JD_11324294,2021-02-28,54,42,20,0,0,0,0
JD_11324292,2021-02-28,109,0,108,0,1,0,0
JD_11324291,2021-02-28,265,159,245,3,0,0,2
JD_11324289,2021-02-28,23,17,16,0,0,0,0
JD_11324288,2021-02-28,24,20,14,1,1,0,1
JD_11324287,2021-02-28,5,0,4,0,1,0,0
JD_11324286,2021-02-28,7,7,4,0,0,0,0
JD_11324284,2021-02-28,0,0,0,0,0,0,0
JD_11324281,2021-02-28,123,58,86,2,0,0,0
JD_11324280,2021-02-28,3,1,3,0,0,0,0
JD_11324279,2021-02-28,3,1,3,0,0,0,0
JD_11324278,2021-02-28,4,0,4,0,0,0,0
JD_11324277,2021-02-28,6,3,6,0,0,0,0
JD_11324276,2021-02-28,78,58,38,0,0,0,1
JD_11324275,2021-02-28,149,98,98,0,1,0,0
JD_11324274,2021-02-28,12,1,10,1,0,0,0
JD_11324273,2021-02-28,47,33,27,2,0,0,0
JD_11324272,2021-02-28,36,25,19,0,0,0,0
JD_11324269,2021-02-28,54,16,51,0,1,0,0
JD_11324268,2021-02-28,0,0,0,0,0,0,0
JD_11324266,2021-02-28,41,19,33,0,0,0,0
JD_11324265,2021-02-28,449,184,414,15,2,0,0
JD_11324262,2021-02-28,224,157,122,1,0,1,1
JD_11324261,2021-02-28,36,23,27,0,0,0,0
JD_11324257,2021-02-28,132,94,66,0,0,0,0
JD_11324254,2021-02-28,72,8,72,0,0,0,0
JD_11324252,2021-02-28,366,229,312,0,0,0,5
JD_11324251,2021-02-28,7,1,6,1,0,0,0
JD_11324250,2021-02-28,20,0,20,0,0,0,0
JD_11324248,2021-02-28,5287,918,5091,62,34,3,3
JD_11324247,2021-02-28,170,1,169,0,0,0,0
JD_11324246,2021-02-28,17,0,17,0,0,0,0
JD_11324245,2021-02-28,24,0,24,0,0,0,0
JD_11324241,2021-02-28,0,0,0,0,0,0,0
JD_11324240,2021-02-28,30,15,24,0,0,0,0
JD_11324236,2021-02-28,3,2,2,0,0,0,0
JD_11324235,2021-02-28,4,4,2,0,0,0,0
JD_11324233,2021-02-28,15,5,15,0,0,0,0
JD_11324231,2021-02-28,6,4,4,0,0,0,0
JD_11324228,2021-02-28,13,8,7,0,0,0,0
JD_11324226,2021-02-28,3,2,1,0,0,0,0
JD_11324225,2021-02-28,12,4,11,0,0,0,0
JD_11324224,2021-02-28,0,0,0,0,0,0,0
JD_11324223,2021-02-28,0,0,0,0,0,0,0
JD_11324221,2021-02-28,2,2,0,0,0,0,0
JD_11324220,2021-02-28,5,4,2,0,0,0,0
JD_11324219,2021-02-28,4,1,3,0,0,0,0
JD_11324218,2021-02-28,1,1,0,0,0,0,0
JD_11324217,2021-02-28,28,13,28,0,0,0,1
JD_11324216,2021-02-28,0,0,0,0,0,0,0
JD_11324215,2021-02-28,12,3,12,0,0,0,0
JD_11324212,2021-02-28,11,6,6,0,0,0,0
