JD_11509446,2021-02-28,21,2,21,0,0,0,0
JD_11509445,2021-02-28,5,2,5,0,0,0,0
JD_11509443,2021-02-28,28,4,27,0,0,0,0
JD_11509442,2021-02-28,4,3,1,0,0,0,0
JD_11509441,2021-02-28,5,2,3,0,0,0,0
JD_11509440,2021-02-28,8,5,4,0,0,0,0
JD_11509438,2021-02-28,6,4,2,0,0,0,0
JD_11509437,2021-02-28,2,2,2,0,0,0,0
JD_11509436,2021-02-28,2,2,1,0,0,0,0
JD_11509435,2021-02-28,11,8,8,1,0,0,0
JD_11509434,2021-02-28,14,12,4,0,0,0,0
JD_11509433,2021-02-28,5,5,3,0,0,0,0
JD_11509430,2021-02-28,26,10,21,1,0,0,0
JD_11509429,2021-02-28,14,6,9,0,0,0,0
JD_11509428,2021-02-28,13,10,7,0,0,0,0
JD_11509426,2021-02-28,63,33,47,0,0,0,0
JD_11509425,2021-02-28,12,7,9,0,0,0,0
JD_11509424,2021-02-28,41,20,38,0,0,0,0
JD_11509423,2021-02-28,15,5,13,0,0,0,0
JD_11509421,2021-02-28,49,23,41,0,0,0,0
JD_11509420,2021-02-28,35,29,27,0,0,0,0
JD_11509417,2021-02-28,0,0,0,0,0,0,0
JD_11509416,2021-02-28,35,22,21,0,0,0,0
JD_11509415,2021-02-28,1433,796,1227,5,3,2,4
JD_11509414,2021-02-28,31,15,27,0,1,0,0
JD_11509412,2021-02-28,8,5,4,0,0,0,0
JD_11509411,2021-02-28,32,19,21,0,0,0,0
JD_11509408,2021-02-28,198,0,196,1,1,0,0
JD_11509404,2021-02-28,300,152,212,2,3,0,1
JD_11509402,2021-02-28,670,473,368,7,5,0,3
JD_11509399,2021-02-28,119,99,37,1,0,0,0
JD_11509397,2021-02-28,42,1,41,0,1,0,0
JD_11509396,2021-02-28,175,79,139,0,1,0,0
JD_11509389,2021-02-28,3,0,3,0,0,0,0
JD_11509385,2021-02-28,29,9,27,0,1,0,0
JD_11509383,2021-02-28,7,0,7,0,0,0,0
JD_11509382,2021-02-28,426,5,399,17,7,0,0
JD_11509381,2021-02-28,823,0,810,8,5,0,2
JD_11509380,2021-02-28,19,16,10,0,0,0,0
JD_11509379,2021-02-28,73,26,51,0,0,0,0
JD_11509378,2021-02-28,59,27,57,0,0,0,0
JD_11509377,2021-02-28,11,6,8,1,0,0,0
JD_11509375,2021-02-28,27,16,22,0,0,0,0
JD_11509373,2021-02-28,8,1,8,0,0,0,0
JD_11509372,2021-02-28,6,2,6,0,0,0,0
JD_11509369,2021-02-28,542,386,351,6,5,0,0
JD_11509362,2021-02-28,22,15,9,0,0,0,0
JD_11509361,2021-02-28,6,4,2,0,0,0,0
JD_11509358,2021-02-28,120,64,109,0,2,0,0
JD_11509357,2021-02-28,9,3,9,0,0,0,0
JD_11509355,2021-02-28,6,4,5,0,0,0,0
JD_11509354,2021-02-28,22,18,18,0,0,0,0
JD_11509353,2021-02-28,0,0,0,0,0,0,0
JD_11509349,2021-02-28,33,25,19,0,0,0,0
JD_11509347,2021-02-28,73,5,64,0,4,0,0
JD_11509346,2021-02-28,92,56,67,1,0,0,0
JD_11509344,2021-02-28,29,5,28,1,0,0,0
JD_11509343,2021-02-28,38,1,38,0,0,0,0
JD_11509337,2021-02-28,5,2,3,1,0,0,0
JD_11509336,2021-02-28,12,8,9,0,0,0,0
JD_11509335,2021-02-28,46,22,38,0,0,0,1
JD_11509333,2021-02-28,25,8,22,0,0,0,0
JD_11509332,2021-02-28,1,1,0,0,0,0,0
JD_11509331,2021-02-28,0,0,0,0,0,0,0
JD_11509329,2021-02-28,63,34,55,0,1,0,0
JD_11509328,2021-02-28,89,55,51,0,2,0,0
JD_11509327,2021-02-28,48,39,29,1,0,0,0
JD_11509323,2021-02-28,7,1,7,0,0,0,0
JD_11509319,2021-02-28,0,0,0,0,0,0,0
JD_11509310,2021-02-28,2,0,2,0,0,0,0
