JD_11969659,2021-02-28,5,4,5,0,0,0,0
JD_11969658,2021-02-28,291,2,282,6,3,0,2
JD_11969657,2021-02-28,3,1,2,0,0,0,0
JD_11969656,2021-02-28,0,0,0,0,0,0,0
JD_11969655,2021-02-28,5,1,4,0,0,0,0
JD_11969654,2021-02-28,0,0,0,0,0,0,0
JD_11969653,2021-02-28,14,10,14,0,0,0,0
JD_11969652,2021-02-28,147,5,143,4,0,0,0
JD_11969651,2021-02-28,4923,4021,2111,9,6,2,7
JD_11969650,2021-02-28,6,5,5,0,0,0,0
JD_11969649,2021-02-28,36,33,9,1,0,0,1
JD_11969648,2021-02-28,590,413,350,8,8,0,5
JD_11969647,2021-02-28,100,84,68,0,0,0,1
JD_11969646,2021-02-28,0,0,0,0,0,0,0
JD_11969645,2021-02-28,14,12,9,0,0,0,0
JD_11969644,2021-02-28,5,3,5,0,0,0,0
JD_11969643,2021-02-28,48,37,14,0,0,0,0
JD_11969642,2021-02-28,75,57,47,0,0,1,1
JD_11969641,2021-02-28,9,8,3,0,0,0,0
JD_11969640,2021-02-28,224,9,215,6,3,0,1
JD_11969639,2021-02-28,13,12,2,0,0,0,0
JD_11969638,2021-02-28,3,1,2,0,0,0,0
JD_11969637,2021-02-28,5,3,3,0,0,0,0
JD_11969636,2021-02-28,3,3,3,0,0,0,0
JD_11969635,2021-02-28,33,29,24,0,0,0,0
JD_11969634,2021-02-28,61,28,60,0,0,0,0
JD_11969633,2021-02-28,13,7,9,1,0,0,0
JD_11969632,2021-02-28,4,3,2,0,0,0,0
JD_11969631,2021-02-28,4,2,3,0,0,0,0
JD_11969630,2021-02-28,29,0,29,0,0,0,0
JD_11969629,2021-02-28,6,6,2,0,0,0,0
JD_11969628,2021-02-28,20,0,20,0,0,0,0
JD_11969627,2021-02-28,8,6,2,0,0,0,0
JD_11969626,2021-02-28,77,0,77,0,0,0,0
JD_11969625,2021-02-28,104,66,101,1,1,0,0
JD_11969624,2021-02-28,59,0,57,1,1,0,0
JD_11969623,2021-02-28,2274,1645,1248,23,16,3,9
JD_11969622,2021-02-28,4,2,2,0,0,0,0
JD_11969621,2021-02-28,5,3,3,0,0,0,0
JD_11969620,2021-02-28,23,0,22,0,1,0,0
JD_11969619,2021-02-28,7,7,5,0,0,0,0
JD_11968955,2021-02-28,312,240,201,0,0,0,1
JD_11968954,2021-02-28,597,223,439,13,3,0,0
JD_11968953,2021-02-28,60,43,36,0,0,0,0
JD_11968952,2021-02-28,316,180,296,8,5,0,4
JD_11968951,2021-02-28,5,5,5,0,0,0,0
JD_11968950,2021-02-28,48,24,32,0,0,0,0
JD_11968949,2021-02-28,2,2,2,0,0,0,0
JD_11968947,2021-02-28,27,21,20,0,1,0,0
JD_11968945,2021-02-28,60,41,39,1,0,1,0
JD_11968944,2021-02-28,33,15,27,2,0,0,0
JD_11968943,2021-02-28,8,6,6,0,0,0,0
JD_11968942,2021-02-28,74,21,65,1,0,0,0
JD_11968941,2021-02-28,83,66,50,0,0,0,1
JD_11968939,2021-02-28,6,4,6,0,0,0,0
JD_11968938,2021-02-28,15,10,10,1,0,0,0
JD_11968937,2021-02-28,6,4,6,0,0,0,0
JD_11968936,2021-02-28,80,34,71,1,0,0,0
JD_11968935,2021-02-28,1158,917,859,2,0,2,1
JD_11968934,2021-02-28,33,18,28,0,0,0,0
JD_11968933,2021-02-28,4,3,2,0,0,0,0
JD_11968932,2021-02-28,100,0,99,1,0,0,0
JD_11968931,2021-02-28,1,1,0,0,0,0,0
JD_11968930,2021-02-28,6,0,6,0,0,0,0
JD_11968929,2021-02-28,9,7,6,0,0,0,0
JD_11968928,2021-02-28,5,0,5,0,0,0,0
JD_11968926,2021-02-28,0,0,0,0,0,0,0
JD_11968925,2021-02-28,4,2,3,0,0,0,0
JD_11968924,2021-02-28,3,0,3,0,0,0,0
JD_11968923,2021-02-28,0,0,0,0,0,0,0
