JD_11527972,2021-02-28,1,0,1,0,0,0,0
JD_11527971,2021-02-28,5,3,5,0,0,0,0
JD_11527970,2021-02-28,13,2,13,0,0,0,0
JD_11527969,2021-02-28,2,1,1,0,0,0,0
JD_11527968,2021-02-28,15,12,4,0,0,0,0
JD_11527967,2021-02-28,0,0,0,0,0,0,0
JD_11527966,2021-02-28,0,0,0,0,0,0,0
JD_11527965,2021-02-28,25,13,24,0,0,0,0
JD_11527964,2021-02-28,7,4,5,0,1,0,1
JD_11527963,2021-02-28,111,8,110,1,0,0,0
JD_11527962,2021-02-28,1,1,1,0,0,0,0
JD_11527961,2021-02-28,2,1,2,0,0,0,0
JD_11527960,2021-02-28,2,1,1,0,0,0,0
JD_11527958,2021-02-28,9,0,9,0,0,0,0
JD_11527955,2021-02-28,18,4,17,1,0,0,0
JD_11527954,2021-02-28,13,7,12,0,0,0,0
JD_11527953,2021-02-28,15,5,15,0,0,0,0
JD_11527952,2021-02-28,14,7,14,0,0,0,0
JD_11527951,2021-02-28,2,1,2,0,0,0,0
JD_11527950,2021-02-28,4,2,4,0,0,0,0
JD_11527949,2021-02-28,2,1,2,0,0,0,0
JD_11527948,2021-02-28,0,0,0,0,0,0,0
JD_11527947,2021-02-28,0,0,0,0,0,0,0
JD_11527946,2021-02-28,84,65,50,0,0,0,0
JD_11527945,2021-02-28,2,1,2,0,0,0,0
JD_11527943,2021-02-28,41,14,32,0,0,0,0
JD_11527942,2021-02-28,0,0,0,0,0,0,0
JD_11527939,2021-02-28,4,4,3,0,0,0,0
JD_11527929,2021-02-28,16,3,16,0,0,0,0
JD_11527927,2021-02-28,3,0,3,0,0,0,0
JD_11527926,2021-02-28,2,1,2,0,0,0,0
JD_11527925,2021-02-28,0,0,0,0,0,0,0
JD_11527922,2021-02-28,0,0,0,0,0,0,0
JD_11527921,2021-02-28,0,0,0,0,0,0,0
JD_11527920,2021-02-28,0,0,0,0,0,0,0
JD_11527918,2021-02-28,0,0,0,0,0,0,0
JD_11527916,2021-02-28,2,2,2,0,0,0,0
JD_11527911,2021-02-28,0,0,0,0,0,0,0
JD_11527910,2021-02-28,0,0,0,0,0,0,0
JD_11527909,2021-02-28,0,0,0,0,0,0,0
JD_11527905,2021-02-28,2,2,1,0,0,0,0
JD_11527903,2021-02-28,0,0,0,0,0,0,0
JD_11527902,2021-02-28,2,1,2,0,0,0,0
JD_11527901,2021-02-28,0,0,0,0,0,0,0
JD_11527900,2021-02-28,0,0,0,0,0,0,0
JD_11527899,2021-02-28,0,0,0,0,0,0,0
JD_11527898,2021-02-28,0,0,0,0,0,0,0
JD_11527896,2021-02-28,0,0,0,0,0,0,0
JD_11527895,2021-02-28,1,1,1,0,0,0,0
JD_11527894,2021-02-28,0,0,0,0,0,0,0
JD_11527889,2021-02-28,0,0,0,0,0,0,0
JD_11527888,2021-02-28,0,0,0,0,0,0,0
JD_11527887,2021-02-28,0,0,0,0,0,0,0
JD_11527886,2021-02-28,93,44,89,2,0,0,0
JD_11527885,2021-02-28,804,506,544,1,0,2,3
JD_11527884,2021-02-28,0,0,0,0,0,0,0
JD_11527883,2021-02-28,4,2,3,0,0,0,0
JD_11527882,2021-02-28,0,0,0,0,0,0,0
JD_11527881,2021-02-28,0,0,0,0,0,0,0
JD_11527880,2021-02-28,7,5,5,0,0,0,0
JD_11527879,2021-02-28,4,1,4,0,0,0,0
JD_11527878,2021-02-28,5,3,4,0,0,0,0
JD_11527877,2021-02-28,2,2,2,0,0,0,0
JD_11527876,2021-02-28,1,0,1,0,0,0,0
JD_11527875,2021-02-28,4,0,4,0,0,0,0
JD_11527874,2021-02-28,0,0,0,0,0,0,0
JD_11527873,2021-02-28,6,2,4,0,0,0,0
JD_11527872,2021-02-28,2,1,1,0,0,0,0
JD_11527871,2021-02-28,0,0,0,0,0,0,0
JD_11527869,2021-02-28,5,0,5,0,0,0,0
