JD_11440793,2021-02-28,0,0,0,0,0,0,0
JD_11440792,2021-02-28,3,3,1,0,0,0,0
JD_11440791,2021-02-28,0,0,0,0,0,0,0
JD_11440790,2021-02-28,0,0,0,0,0,0,0
JD_11440787,2021-02-28,0,0,0,0,0,0,0
JD_11440785,2021-02-28,9,2,9,0,0,0,1
JD_11440784,2021-02-28,0,0,0,0,0,0,0
JD_11440783,2021-02-28,3,1,2,0,0,0,0
JD_11440782,2021-02-28,27,11,22,0,0,0,0
JD_11440781,2021-02-28,4,0,4,0,0,0,0
JD_11440780,2021-02-28,0,0,0,0,0,0,0
JD_11440779,2021-02-28,0,0,0,0,0,0,0
JD_11440778,2021-02-28,88,61,44,1,0,0,0
JD_11440777,2021-02-28,0,0,0,0,0,0,0
JD_11440775,2021-02-28,0,0,0,0,0,0,0
JD_11440774,2021-02-28,3,2,1,0,0,0,0
JD_11440773,2021-02-28,0,0,0,0,0,0,0
JD_11440772,2021-02-28,3,0,2,1,0,0,0
JD_11440771,2021-02-28,1,0,1,0,0,0,0
JD_11440770,2021-02-28,0,0,0,0,0,0,0
JD_11440769,2021-02-28,9,7,8,0,0,0,0
JD_11440768,2021-02-28,0,0,0,0,0,0,0
JD_11440767,2021-02-28,0,0,0,0,0,0,0
JD_11440765,2021-02-28,0,0,0,0,0,0,0
JD_11440764,2021-02-28,301,0,298,2,1,0,0
JD_11440763,2021-02-28,1,0,1,0,0,0,0
JD_11440762,2021-02-28,1,1,1,0,0,0,0
JD_11440761,2021-02-28,0,0,0,0,0,0,0
JD_11440760,2021-02-28,1,1,1,0,0,0,0
JD_11440758,2021-02-28,0,0,0,0,0,0,0
JD_11440756,2021-02-28,17,4,17,0,0,0,0
JD_11440755,2021-02-28,1,1,0,0,0,0,0
JD_11440754,2021-02-28,7,0,7,0,0,0,0
JD_11440751,2021-02-28,0,0,0,0,0,0,0
JD_11440749,2021-02-28,1,1,1,0,0,0,0
JD_11440748,2021-02-28,8,6,2,0,0,0,0
JD_11440747,2021-02-28,0,0,0,0,0,0,0
JD_11440745,2021-02-28,1,0,1,0,0,0,0
JD_11440741,2021-02-28,2,1,2,0,0,0,0
JD_11440740,2021-02-28,1,1,0,0,0,0,0
JD_11440739,2021-02-28,4,4,2,0,0,0,0
JD_11440738,2021-02-28,4,3,1,0,0,0,0
JD_11440737,2021-02-28,1,0,1,0,0,0,0
JD_11440736,2021-02-28,1,0,1,0,0,0,0
JD_11440735,2021-02-28,0,0,0,0,0,0,0
JD_11440733,2021-02-28,0,0,0,0,0,0,0
JD_11440732,2021-02-28,0,0,0,0,0,0,0
JD_11440731,2021-02-28,1,1,1,0,0,0,0
JD_11440730,2021-02-28,1,1,1,0,0,0,0
JD_11440729,2021-02-28,3,2,1,0,0,0,0
JD_11440728,2021-02-28,8,7,3,0,0,0,0
JD_11440727,2021-02-28,84,67,41,0,0,0,0
JD_11440726,2021-02-28,106,87,29,1,0,0,0
JD_11440725,2021-02-28,0,0,0,0,0,0,0
JD_11440723,2021-02-28,3,2,3,0,0,0,0
JD_11440720,2021-02-28,7,0,7,0,0,0,0
JD_11440719,2021-02-28,1,1,0,0,0,0,0
JD_11440718,2021-02-28,57,24,52,0,2,0,0
JD_11440717,2021-02-28,7,5,3,0,0,0,0
JD_11440716,2021-02-28,375,242,288,3,3,1,0
JD_11440715,2021-02-28,38514,28893,17462,62,29,49,39
JD_11440714,2021-02-28,40947,27401,20761,81,37,36,56
JD_11440713,2021-02-28,51602,37825,28398,89,28,61,41
JD_11440712,2021-02-28,73934,46145,47627,222,80,116,72
JD_11440710,2021-02-28,179,17,165,2,1,0,1
JD_11440709,2021-02-28,546,2,531,9,4,0,0
JD_11440707,2021-02-28,118,8,105,6,1,0,0
JD_11440704,2021-02-28,11551,3800,11063,78,26,5,29
JD_11440696,2021-02-28,66,6,64,1,0,0,0
JD_11440695,2021-02-28,4,2,3,0,0,0,0
