JD_11408278,2021-02-28,4,3,1,0,0,0,0
JD_11408277,2021-02-28,4,4,0,0,0,0,0
JD_11408276,2021-02-28,2,2,1,0,0,0,0
JD_11408275,2021-02-28,1,1,1,0,0,0,0
JD_11408274,2021-02-28,5,2,4,0,0,0,0
JD_11408273,2021-02-28,29,2,29,0,0,0,0
JD_11408272,2021-02-28,11,1,9,0,1,0,0
JD_11408271,2021-02-28,9,3,9,0,0,0,0
JD_11408269,2021-02-28,1,1,0,0,0,0,0
JD_11408267,2021-02-28,11,2,10,1,0,0,0
JD_11408264,2021-02-28,382,63,370,9,2,0,3
JD_11408262,2021-02-28,17,0,16,1,0,0,0
JD_11408261,2021-02-28,1071,791,979,2,3,2,8
JD_11408260,2021-02-28,1738,1282,1690,6,2,4,9
JD_11408259,2021-02-28,198,81,177,0,1,0,0
JD_11408257,2021-02-28,15,4,11,2,1,0,0
JD_11408256,2021-02-28,24,10,18,0,0,0,0
JD_11408255,2021-02-28,221,0,194,18,9,0,0
JD_11408251,2021-02-28,6,2,4,0,0,0,0
JD_11408250,2021-02-28,18,6,18,0,0,0,0
JD_11408249,2021-02-28,12763,229,12358,237,79,0,8
JD_11408244,2021-02-28,7,3,6,0,0,0,0
JD_11408242,2021-02-28,26,1,26,0,0,0,0
JD_11408241,2021-02-28,176,113,115,2,2,0,0
JD_11408240,2021-02-28,6,2,5,1,0,0,0
JD_11408237,2021-02-28,1,1,1,0,0,0,0
JD_11408234,2021-02-28,30,6,27,1,0,0,0
JD_11408233,2021-02-28,6,0,5,1,0,0,0
JD_11408232,2021-02-28,1845,1,1805,27,13,0,2
JD_11408231,2021-02-28,21,15,13,0,0,0,0
JD_11408230,2021-02-28,9,8,2,0,0,0,0
JD_11408228,2021-02-28,26,8,23,0,0,0,0
JD_11408227,2021-02-28,73,43,60,0,1,0,0
JD_11408226,2021-02-28,17,4,13,0,0,0,0
JD_11408225,2021-02-28,0,0,0,0,0,0,0
JD_11408224,2021-02-28,16,7,16,0,0,0,0
JD_11408222,2021-02-28,17,3,15,0,0,0,0
JD_11408221,2021-02-28,202,165,137,0,0,0,2
JD_11408220,2021-02-28,140,107,96,0,0,1,2
JD_11408219,2021-02-28,14,7,13,1,0,0,0
JD_11408217,2021-02-28,15,10,9,0,0,0,0
JD_11408216,2021-02-28,46,24,39,0,0,0,0
JD_11408214,2021-02-28,16,7,16,0,0,0,0
JD_11408213,2021-02-28,43,26,37,0,0,0,0
JD_11408212,2021-02-28,24,8,24,0,0,0,0
JD_11408211,2021-02-28,14,9,11,0,0,0,0
JD_11408210,2021-02-28,30,17,25,0,0,0,0
JD_11408209,2021-02-28,53,29,42,0,0,0,0
JD_11408208,2021-02-28,38,21,34,0,0,0,0
JD_11408207,2021-02-28,28,15,26,0,0,0,0
JD_11408206,2021-02-28,64,36,56,0,0,0,0
JD_11408205,2021-02-28,27,14,20,0,0,0,0
JD_11408203,2021-02-28,6,2,6,0,0,0,0
JD_11408202,2021-02-28,39,22,30,0,0,0,0
JD_11408201,2021-02-28,1155,692,786,2,4,1,6
JD_11408200,2021-02-28,0,0,0,0,0,0,0
JD_11408199,2021-02-28,43,15,38,0,0,0,1
JD_11408198,2021-02-28,24,13,22,0,0,0,0
JD_11408195,2021-02-28,11,9,5,0,0,0,0
JD_11408193,2021-02-28,1,0,1,0,0,0,0
JD_11408190,2021-02-28,1,0,1,0,0,0,0
JD_11408189,2021-02-28,15,10,6,0,0,0,0
JD_11408188,2021-02-28,0,0,0,0,0,0,0
JD_11408184,2021-02-28,2,0,2,0,0,0,0
JD_11408181,2021-02-28,14,4,14,0,0,0,0
JD_11408180,2021-02-28,8,5,4,0,0,0,0
JD_11408179,2021-02-28,0,0,0,0,0,0,0
JD_11408178,2021-02-28,0,0,0,0,0,0,0
JD_11408172,2021-02-28,0,0,0,0,0,0,0
JD_11408171,2021-02-28,17,10,10,0,0,0,0
