JD_11386877,2021-02-28,4,2,4,0,0,0,0
JD_11386876,2021-02-28,23,16,7,1,0,0,0
JD_11386875,2021-02-28,45,32,20,1,0,0,0
JD_11386874,2021-02-28,51,37,23,0,1,0,0
JD_11386873,2021-02-28,31,1,27,3,0,0,0
JD_11386871,2021-02-28,4,2,2,0,0,0,0
JD_11386865,2021-02-28,10,8,8,0,0,0,0
JD_11386864,2021-02-28,323,259,136,3,1,0,0
JD_11386863,2021-02-28,233,123,190,7,5,0,1
JD_11386860,2021-02-28,15,11,9,0,0,0,0
JD_11386856,2021-02-28,68,42,38,0,2,0,0
JD_11386855,2021-02-28,30,17,19,1,1,0,0
JD_11386854,2021-02-28,34,21,19,0,0,0,0
JD_11386853,2021-02-28,0,0,0,0,0,0,0
JD_11386847,2021-02-28,15,9,9,1,0,0,0
JD_11386845,2021-02-28,1,1,1,0,0,0,0
JD_11386844,2021-02-28,32,22,17,0,0,0,0
JD_11386843,2021-02-28,8,5,3,0,0,0,0
JD_11386842,2021-02-28,32,14,21,1,0,0,0
JD_11386841,2021-02-28,5,4,1,0,0,0,0
JD_11386840,2021-02-28,3,3,3,0,0,0,0
JD_11386839,2021-02-28,13,8,10,0,0,0,0
JD_11386838,2021-02-28,9,5,7,0,0,0,0
JD_11386836,2021-02-28,4,4,2,0,0,0,0
JD_11386835,2021-02-28,11,8,5,0,1,0,0
JD_11386834,2021-02-28,53,36,36,0,0,0,0
JD_11386833,2021-02-28,3,3,3,0,0,0,0
JD_11386831,2021-02-28,4,4,1,0,0,0,0
JD_11386830,2021-02-28,106,74,72,0,0,0,0
JD_11386829,2021-02-28,68,44,61,1,0,0,0
JD_11386827,2021-02-28,8,6,3,0,0,0,0
JD_11386824,2021-02-28,8,5,4,0,0,0,0
JD_11386816,2021-02-28,1,0,1,0,0,0,0
JD_11386811,2021-02-28,0,0,0,0,0,0,0
JD_11386808,2021-02-28,65,52,28,2,0,0,0
JD_11386805,2021-02-28,2,0,2,0,0,0,0
JD_11386803,2021-02-28,3,0,3,0,0,0,0
JD_11386802,2021-02-28,0,0,0,0,0,0,0
JD_11386800,2021-02-28,5,0,5,0,0,0,0
JD_11386799,2021-02-28,62,19,53,0,0,0,1
JD_11386798,2021-02-28,0,0,0,0,0,0,0
JD_11386795,2021-02-28,1,1,0,0,0,0,0
JD_11386794,2021-02-28,4,0,4,0,0,0,0
JD_11386793,2021-02-28,0,0,0,0,0,0,0
JD_11386792,2021-02-28,0,0,0,0,0,0,0
JD_11386791,2021-02-28,0,0,0,0,0,0,0
JD_11386790,2021-02-28,2,2,2,0,0,0,0
JD_11386789,2021-02-28,0,0,0,0,0,0,0
JD_11386787,2021-02-28,0,0,0,0,0,0,0
JD_11386786,2021-02-28,3,0,3,0,0,0,0
JD_11386785,2021-02-28,1,1,1,0,0,0,0
JD_11386781,2021-02-28,61,42,40,0,0,0,1
JD_11386780,2021-02-28,48,30,30,0,0,0,0
JD_11386779,2021-02-28,1,1,1,0,0,0,0
JD_11386778,2021-02-28,2,2,2,0,0,0,0
JD_11386777,2021-02-28,3,2,2,0,0,0,0
JD_11386775,2021-02-28,37,19,18,0,0,0,0
JD_11386774,2021-02-28,63,39,35,1,0,0,0
JD_11386773,2021-02-28,39,23,33,0,0,0,0
JD_11386772,2021-02-28,13,2,13,0,0,0,0
JD_11386771,2021-02-28,39,24,20,1,0,0,0
JD_11386769,2021-02-28,5,0,5,0,0,0,0
JD_11386768,2021-02-28,51,30,35,0,0,0,0
JD_11386767,2021-02-28,46,28,25,0,0,0,0
JD_11386766,2021-02-28,2,1,2,0,0,0,0
JD_11386764,2021-02-28,0,0,0,0,0,0,0
JD_11386763,2021-02-28,0,0,0,0,0,0,0
JD_11386760,2021-02-28,1,1,1,0,0,0,0
JD_11386759,2021-02-28,0,0,0,0,0,0,0
JD_11386758,2021-02-28,0,0,0,0,0,0,0
