JD_11301373,2021-02-28,38,11,33,2,0,0,0
JD_11301372,2021-02-28,1979,1015,1528,24,9,0,5
JD_11301371,2021-02-28,1,1,1,0,0,0,0
JD_11301370,2021-02-28,10,7,5,0,0,0,0
JD_11301369,2021-02-28,12,8,8,0,0,0,0
JD_11301368,2021-02-28,30,25,22,0,1,0,0
JD_11301367,2021-02-28,9,3,7,0,0,0,0
JD_11301366,2021-02-28,2,0,2,0,0,0,0
JD_11301365,2021-02-28,24,16,14,0,0,0,0
JD_11301364,2021-02-28,4,4,0,0,0,0,0
JD_11301363,2021-02-28,4,3,1,0,0,0,0
JD_11301361,2021-02-28,10,7,6,0,0,0,0
JD_11301360,2021-02-28,2,1,1,0,0,0,0
JD_11301359,2021-02-28,468,398,153,1,1,2,0
JD_11301358,2021-02-28,2,1,2,0,0,0,0
JD_11301355,2021-02-28,4,3,2,1,0,0,0
JD_11301354,2021-02-28,1,1,1,0,0,0,0
JD_11301350,2021-02-28,5,2,4,0,0,0,0
JD_11301349,2021-02-28,0,0,0,0,0,0,0
JD_11301348,2021-02-28,0,0,0,0,0,0,0
JD_11301346,2021-02-28,0,0,0,0,0,0,0
JD_11301342,2021-02-28,0,0,0,0,0,0,0
JD_11301341,2021-02-28,0,0,0,0,0,0,0
JD_11301340,2021-02-28,0,0,0,0,0,0,0
JD_11301335,2021-02-28,0,0,0,0,0,0,0
JD_11301334,2021-02-28,0,0,0,0,0,0,0
JD_11301333,2021-02-28,0,0,0,0,0,0,0
JD_11301332,2021-02-28,0,0,0,0,0,0,0
JD_11301331,2021-02-28,1,1,0,0,0,0,0
JD_11301327,2021-02-28,14,10,8,0,0,0,0
JD_11301324,2021-02-28,12,5,9,0,0,0,0
JD_11301323,2021-02-28,52,26,44,0,1,0,0
JD_11301322,2021-02-28,0,0,0,0,0,0,0
JD_11301321,2021-02-28,1,1,0,0,0,0,0
JD_11301320,2021-02-28,1,1,0,0,0,0,0
JD_11301319,2021-02-28,4,1,4,0,0,0,0
JD_11301318,2021-02-28,3,3,1,0,0,0,0
JD_11301317,2021-02-28,1,1,0,0,0,0,0
JD_11301315,2021-02-28,3,3,2,0,0,0,0
JD_11301314,2021-02-28,2,2,1,0,0,0,0
JD_11301313,2021-02-28,2,0,3,0,0,0,0
JD_11301312,2021-02-28,0,0,0,0,0,0,0
JD_11301311,2021-02-28,1,1,0,0,0,0,0
JD_11301310,2021-02-28,1,1,0,0,0,0,0
JD_11301309,2021-02-28,0,0,0,0,0,0,0
JD_11301308,2021-02-28,2,1,1,0,0,0,0
JD_11301307,2021-02-28,2,1,1,0,0,0,0
JD_11301306,2021-02-28,2,2,1,0,0,0,0
JD_11301305,2021-02-28,2,2,0,0,0,0,0
JD_11301304,2021-02-28,7,4,5,0,0,0,0
JD_11301303,2021-02-28,0,0,0,0,0,0,0
JD_11301302,2021-02-28,2,2,0,0,0,0,0
JD_11301301,2021-02-28,3,3,2,0,0,0,0
JD_11301300,2021-02-28,4,1,3,0,0,0,0
JD_11301299,2021-02-28,1,1,0,0,0,0,0
JD_11301298,2021-02-28,1,1,0,0,0,0,0
JD_11301297,2021-02-28,0,0,0,0,0,0,0
JD_11301296,2021-02-28,4,1,3,0,0,0,0
JD_11301295,2021-02-28,0,0,0,0,0,0,0
JD_11301294,2021-02-28,1,1,0,0,0,0,0
JD_11301293,2021-02-28,1,1,0,0,0,0,0
JD_11301291,2021-02-28,455,125,443,7,2,0,1
JD_11301290,2021-02-28,638,228,614,7,4,0,1
JD_11301289,2021-02-28,4,1,4,0,0,0,0
JD_11301283,2021-02-28,881,708,265,0,0,0,3
JD_11301282,2021-02-28,978,797,279,1,1,0,2
JD_11301280,2021-02-28,8,2,6,0,1,0,0
JD_11301277,2021-02-28,2,1,1,0,0,0,0
JD_11301276,2021-02-28,1,0,1,0,0,0,0
JD_11301275,2021-02-28,0,0,0,0,0,0,0
