JD_11638388,2021-02-28,3,1,3,0,0,0,0
JD_11638387,2021-02-28,3,3,1,0,0,0,0
JD_11638386,2021-02-28,5,3,5,0,0,0,0
JD_11638385,2021-02-28,2,2,1,0,0,0,0
JD_11638383,2021-02-28,6,3,6,0,0,0,0
JD_11638382,2021-02-28,14,8,9,0,0,0,0
JD_11638381,2021-02-28,10,1,9,0,0,0,0
JD_11638379,2021-02-28,11,5,10,0,0,0,0
JD_11638378,2021-02-28,4,3,2,0,0,0,0
JD_11638377,2021-02-28,3,2,2,0,0,0,0
JD_11638375,2021-02-28,23,17,13,0,0,0,0
JD_11638373,2021-02-28,1,1,1,0,0,0,0
JD_11638372,2021-02-28,25,20,17,0,0,0,0
JD_11638371,2021-02-28,2,2,2,0,0,0,0
JD_11638370,2021-02-28,0,0,0,0,0,0,0
JD_11638369,2021-02-28,0,0,0,0,0,0,0
JD_11638368,2021-02-28,0,0,0,0,0,0,0
JD_11638367,2021-02-28,0,0,0,0,0,0,0
JD_11638366,2021-02-28,0,0,0,0,0,0,0
JD_11638365,2021-02-28,1,0,1,0,0,0,0
JD_11638364,2021-02-28,10,4,9,0,0,0,0
JD_11638363,2021-02-28,0,0,0,0,0,0,0
JD_11638362,2021-02-28,0,0,0,0,0,0,0
JD_11638360,2021-02-28,0,0,0,0,0,0,0
JD_11638359,2021-02-28,0,0,0,0,0,0,0
JD_11638354,2021-02-28,0,0,0,0,0,0,0
JD_11638352,2021-02-28,0,0,0,0,0,0,0
JD_11638348,2021-02-28,3,0,3,0,0,0,0
JD_11638347,2021-02-28,2,1,1,0,0,0,0
JD_11638073,2021-02-28,0,0,0,0,0,0,0
JD_11638072,2021-02-28,1,0,1,0,0,0,0
JD_11638071,2021-02-28,0,0,0,0,0,0,0
JD_11638070,2021-02-28,0,0,0,0,0,0,0
JD_11638069,2021-02-28,0,0,0,0,0,0,0
JD_11638068,2021-02-28,0,0,0,0,0,0,0
JD_11638067,2021-02-28,0,0,0,0,0,0,0
JD_11638066,2021-02-28,1,1,1,0,0,0,0
JD_11638065,2021-02-28,0,0,0,0,0,0,0
JD_11638064,2021-02-28,3,3,0,0,0,0,0
JD_11638062,2021-02-28,0,0,0,0,0,0,0
JD_11638061,2021-02-28,0,0,0,0,0,0,0
JD_11638060,2021-02-28,0,0,0,0,0,0,0
JD_11638059,2021-02-28,3,3,3,0,0,0,0
JD_11638057,2021-02-28,0,0,0,0,0,0,0
JD_11638055,2021-02-28,2,2,1,0,0,0,0
JD_11638054,2021-02-28,0,0,0,0,0,0,0
JD_11638053,2021-02-28,1,1,0,0,0,0,0
JD_11638052,2021-02-28,0,0,0,0,0,0,0
JD_11638051,2021-02-28,0,0,0,0,0,0,0
JD_11638050,2021-02-28,0,0,0,0,0,0,0
JD_11638049,2021-02-28,0,0,0,0,0,0,0
JD_11638048,2021-02-28,3,2,2,0,0,0,0
JD_11638047,2021-02-28,0,0,0,0,0,0,0
JD_11638046,2021-02-28,1,1,0,0,0,0,0
JD_11638044,2021-02-28,3,3,2,0,0,0,0
JD_11638043,2021-02-28,21,3,20,1,0,0,0
JD_11638041,2021-02-28,131,108,23,0,0,0,0
JD_11638040,2021-02-28,1,0,0,0,1,0,1
JD_11638039,2021-02-28,1,1,1,0,0,0,0
JD_11638037,2021-02-28,0,0,0,0,0,0,0
JD_11638036,2021-02-28,4,4,2,0,0,0,0
JD_11638035,2021-02-28,7,7,5,0,0,0,0
JD_11638032,2021-02-28,2,2,0,0,0,0,0
JD_11638028,2021-02-28,0,0,0,0,0,0,0
JD_11638027,2021-02-28,4,2,3,1,0,0,1
JD_11638026,2021-02-28,2,1,2,0,0,0,0
JD_11638025,2021-02-28,1,0,1,0,0,0,0
JD_11638024,2021-02-28,0,0,0,0,0,0,0
JD_11638023,2021-02-28,0,0,0,0,0,0,0
JD_11638022,2021-02-28,2,2,0,0,0,0,0
