JD_11491963,2021-02-28,0,0,0,0,0,0,0
JD_11491959,2021-02-28,0,0,0,0,0,0,0
JD_11491953,2021-02-28,0,0,0,0,0,0,0
JD_11491939,2021-02-28,0,0,0,0,0,0,0
JD_11491935,2021-02-28,28,19,11,0,0,0,0
JD_11491934,2021-02-28,15,4,15,0,0,0,0
JD_11491933,2021-02-28,32,5,31,0,0,0,0
JD_11491930,2021-02-28,9,2,8,0,1,0,1
JD_11491929,2021-02-28,18,13,8,0,0,0,0
JD_11491928,2021-02-28,0,0,0,0,0,0,0
JD_11491927,2021-02-28,4,2,2,0,0,0,0
JD_11491926,2021-02-28,2,1,1,0,0,0,0
JD_11491925,2021-02-28,14,2,14,0,0,0,0
JD_11491924,2021-02-28,10,7,3,0,0,0,0
JD_11491923,2021-02-28,11,5,8,0,0,0,0
JD_11491922,2021-02-28,3,1,2,0,0,0,0
JD_11491921,2021-02-28,1,0,1,0,0,0,0
JD_11491920,2021-02-28,1,0,1,0,0,0,0
JD_11491919,2021-02-28,0,0,0,0,0,0,0
JD_11491918,2021-02-28,1,1,0,0,0,0,0
JD_11491917,2021-02-28,4,0,3,0,1,0,0
JD_11491916,2021-02-28,1,1,1,0,0,0,0
JD_11491915,2021-02-28,1,0,1,0,0,0,0
JD_11491914,2021-02-28,8450,5119,5775,31,20,4,23
JD_11491913,2021-02-28,4,2,3,0,0,0,0
JD_11491912,2021-02-28,0,0,0,0,0,0,0
JD_11491911,2021-02-28,336,91,334,2,0,0,1
JD_11491910,2021-02-28,246,0,242,3,1,0,0
JD_11491909,2021-02-28,2,1,2,0,0,0,0
JD_11491907,2021-02-28,311,83,277,3,2,1,1
JD_11491906,2021-02-28,0,0,0,0,0,0,0
JD_11491905,2021-02-28,622,14,604,10,8,0,1
JD_11491904,2021-02-28,462,0,449,8,5,0,0
JD_11491903,2021-02-28,50,1,43,5,2,0,0
JD_11491902,2021-02-28,9,4,9,0,0,0,0
JD_11491901,2021-02-28,8,6,5,0,0,0,0
JD_11491899,2021-02-28,15,4,11,2,1,0,0
JD_11491898,2021-02-28,13,6,12,0,0,0,0
JD_11491897,2021-02-28,12,5,12,0,0,0,0
JD_11491896,2021-02-28,8,5,3,0,0,0,0
JD_11491895,2021-02-28,459,324,304,0,0,0,2
JD_11491894,2021-02-28,127,0,125,1,1,0,1
JD_11491893,2021-02-28,7,2,6,0,0,0,0
JD_11491892,2021-02-28,9,2,6,2,0,0,0
JD_11491891,2021-02-28,137,2,133,3,1,0,0
JD_11491887,2021-02-28,114,2,108,6,0,0,0
JD_11491886,2021-02-28,13,0,11,2,0,0,0
JD_11491885,2021-02-28,464,139,458,4,2,0,1
JD_11491884,2021-02-28,2523,719,2430,30,15,2,5
JD_11491883,2021-02-28,435,123,403,2,1,1,0
JD_11491879,2021-02-28,111,33,101,0,0,0,0
JD_11491878,2021-02-28,837,616,245,3,1,3,1
JD_11491871,2021-02-28,0,0,0,0,0,0,0
JD_11491870,2021-02-28,13,11,8,0,0,0,0
JD_11491869,2021-02-28,10,8,5,0,0,0,0
JD_11491868,2021-02-28,12,8,4,0,0,0,1
JD_11491867,2021-02-28,8,7,1,0,0,0,0
JD_11491866,2021-02-28,239,130,235,3,1,0,2
JD_11491865,2021-02-28,5,1,5,0,0,0,0
JD_11491864,2021-02-28,2,1,1,0,0,0,0
JD_11491863,2021-02-28,3,0,3,0,0,0,0
JD_11491862,2021-02-28,0,0,0,0,0,0,0
JD_11491861,2021-02-28,3,0,3,0,0,0,0
JD_11491860,2021-02-28,2,1,2,0,0,0,0
JD_11491859,2021-02-28,93,4,89,1,2,0,0
JD_11491854,2021-02-28,4,3,3,0,0,0,0
JD_11491853,2021-02-28,0,0,0,0,0,0,0
JD_11491852,2021-02-28,4,4,3,0,0,0,0
JD_11491851,2021-02-28,47,33,39,0,0,0,0
JD_11491850,2021-02-28,317,202,238,4,0,0,0
