JD_11380593,2021-02-28,2,0,2,0,0,0,0
JD_11380592,2021-02-28,154,0,148,5,1,0,0
JD_11380591,2021-02-28,0,0,0,0,0,0,0
JD_11380590,2021-02-28,68,41,38,0,1,0,1
JD_11380589,2021-02-28,86,73,63,0,0,0,0
JD_11380587,2021-02-28,81,35,80,0,0,0,0
JD_11380586,2021-02-28,25,16,21,0,0,0,0
JD_11380585,2021-02-28,16,10,7,0,0,0,0
JD_11380583,2021-02-28,24,14,22,0,0,0,0
JD_11380581,2021-02-28,52,33,32,1,0,0,0
JD_11380580,2021-02-28,13,9,8,0,0,0,0
JD_11380574,2021-02-28,68,0,65,1,2,0,0
JD_11380569,2021-02-28,6,0,6,0,0,0,0
JD_11380564,2021-02-28,5,0,5,0,0,0,0
JD_11380554,2021-02-28,766,409,716,7,2,0,4
JD_11380550,2021-02-28,190,72,159,1,2,0,0
JD_11380549,2021-02-28,18,6,17,1,0,0,0
JD_11380534,2021-02-28,14,7,13,0,1,0,0
JD_11380529,2021-02-28,847,31,836,5,6,0,1
JD_11380528,2021-02-28,9,7,4,0,0,0,0
JD_11380527,2021-02-28,1,1,1,0,0,0,0
JD_11380526,2021-02-28,1,1,1,0,0,0,0
JD_11380525,2021-02-28,0,0,0,0,0,0,0
JD_11380523,2021-02-28,234,57,218,10,5,0,1
JD_11380522,2021-02-28,172,16,169,2,1,0,1
JD_11380521,2021-02-28,45,19,39,1,1,0,0
JD_11380520,2021-02-28,6,0,5,1,0,0,0
JD_11380519,2021-02-28,5,2,3,0,0,0,1
JD_11380518,2021-02-28,11,1,9,1,0,0,0
JD_11380516,2021-02-28,27,0,25,1,1,0,0
JD_11380515,2021-02-28,2,0,2,0,0,0,0
JD_11380513,2021-02-28,2,1,1,0,0,0,0
JD_11380512,2021-02-28,14,7,10,0,0,0,0
JD_11380511,2021-02-28,92,66,50,0,0,0,0
JD_11380510,2021-02-28,0,0,0,0,0,0,0
JD_11380509,2021-02-28,0,0,0,0,0,0,0
JD_11380508,2021-02-28,3,1,2,0,1,0,0
JD_11380507,2021-02-28,0,0,0,0,0,0,0
JD_11380506,2021-02-28,5,4,2,0,0,0,0
JD_11380505,2021-02-28,0,0,0,0,0,0,0
JD_11380504,2021-02-28,10,3,8,0,0,0,0
JD_11380503,2021-02-28,6,5,4,0,0,0,0
JD_11380501,2021-02-28,2,1,2,0,0,0,0
JD_11380500,2021-02-28,1,1,1,0,0,0,0
JD_11380499,2021-02-28,69,44,61,0,0,0,0
JD_11380498,2021-02-28,0,0,0,0,0,0,0
JD_11380497,2021-02-28,12,7,10,1,0,0,0
JD_11380496,2021-02-28,2,1,1,0,0,0,0
JD_11380495,2021-02-28,54,15,50,0,0,0,0
JD_11380494,2021-02-28,17,12,11,0,0,0,0
JD_11380493,2021-02-28,5,1,3,1,0,0,0
JD_11380492,2021-02-28,0,0,0,0,0,0,0
JD_11380491,2021-02-28,7,5,6,0,0,0,0
JD_11380490,2021-02-28,47,24,37,0,1,0,0
JD_11380489,2021-02-28,2,1,2,0,0,0,0
JD_11380488,2021-02-28,3,1,2,0,0,0,0
JD_11380487,2021-02-28,2,1,1,0,0,0,0
JD_11380486,2021-02-28,126,87,65,0,0,0,0
JD_11380484,2021-02-28,29,16,16,0,1,0,0
JD_11380483,2021-02-28,12,11,3,0,0,0,0
JD_11380482,2021-02-28,0,0,0,0,0,0,0
JD_11380481,2021-02-28,12,11,2,0,0,0,0
JD_11380476,2021-02-28,2488,929,2476,8,3,0,5
JD_11380467,2021-02-28,3168,1501,2056,16,1,6,8
JD_11380455,2021-02-28,72,35,72,0,0,0,0
JD_11380453,2021-02-28,68,31,67,1,0,0,0
JD_11380452,2021-02-28,138,74,135,1,0,0,0
JD_11380451,2021-02-28,51,13,49,0,0,0,0
JD_11380450,2021-02-28,35,0,35,0,0,0,0
JD_11380449,2021-02-28,137,67,137,0,0,0,1
