JD_11537165,2021-02-28,13,5,13,0,0,0,0
JD_11537163,2021-02-28,0,0,0,0,0,0,0
JD_11537161,2021-02-28,0,0,0,0,0,0,0
JD_11537160,2021-02-28,0,0,0,0,0,0,0
JD_11537157,2021-02-28,276,163,218,1,1,0,2
JD_11537151,2021-02-28,79,43,68,0,0,0,0
JD_11537150,2021-02-28,10,0,10,0,0,0,0
JD_11537149,2021-02-28,1680,987,1667,7,2,0,5
JD_11537148,2021-02-28,2,2,1,0,0,0,0
JD_11537146,2021-02-28,0,0,0,0,0,0,0
JD_11537145,2021-02-28,20,9,16,0,0,0,0
JD_11537144,2021-02-28,22,18,11,0,0,0,0
JD_11537143,2021-02-28,0,0,0,0,0,0,0
JD_11537142,2021-02-28,22,13,12,1,0,0,0
JD_11537141,2021-02-28,24,15,12,0,0,0,0
JD_11537140,2021-02-28,22,13,15,0,0,0,0
JD_11537139,2021-02-28,124,51,97,2,0,0,0
JD_11537138,2021-02-28,12,7,7,0,1,0,0
JD_11537137,2021-02-28,7,5,4,0,0,0,0
JD_11537136,2021-02-28,21,11,19,0,0,0,0
JD_11537135,2021-02-28,28,20,24,0,0,0,0
JD_11537134,2021-02-28,0,0,0,0,0,0,0
JD_11537133,2021-02-28,19,16,8,0,0,0,0
JD_11537132,2021-02-28,1,1,0,0,0,0,0
JD_11537131,2021-02-28,43,39,22,0,0,0,0
JD_11537130,2021-02-28,18,14,10,0,0,0,0
JD_11537129,2021-02-28,28,20,20,0,0,0,0
JD_11537128,2021-02-28,20,13,18,0,0,0,0
JD_11537127,2021-02-28,1,0,1,0,0,0,0
JD_11537126,2021-02-28,1,1,0,0,0,0,0
JD_11537125,2021-02-28,12,11,2,0,0,0,0
JD_11537124,2021-02-28,14,11,6,0,0,0,1
JD_11537123,2021-02-28,97,13,95,2,0,0,0
JD_11537114,2021-02-28,3,2,2,0,0,0,0
JD_11537113,2021-02-28,3,3,2,0,0,0,0
JD_11537111,2021-02-28,8,3,7,0,1,0,0
JD_11537108,2021-02-28,5,5,3,0,0,0,0
JD_11537105,2021-02-28,2,2,0,0,0,0,0
JD_11537104,2021-02-28,6,2,5,0,1,0,0
JD_11537102,2021-02-28,1,1,0,0,0,0,0
JD_11537100,2021-02-28,2,0,2,0,0,0,0
JD_11537097,2021-02-28,5,0,4,0,1,0,0
JD_11537096,2021-02-28,4,2,3,0,0,0,0
JD_11537095,2021-02-28,24,4,24,0,0,0,0
JD_11537094,2021-02-28,0,0,0,0,0,0,0
JD_11537092,2021-02-28,21,7,20,0,0,0,0
JD_11537091,2021-02-28,52,31,36,0,0,0,0
JD_11537089,2021-02-28,7,0,7,0,0,0,0
JD_11537088,2021-02-28,0,0,0,0,0,0,0
JD_11537087,2021-02-28,0,0,0,0,0,0,0
JD_11537086,2021-02-28,6072,4601,2327,7,5,2,5
JD_11537085,2021-02-28,21,2,21,0,0,0,0
JD_11537084,2021-02-28,16,4,16,0,0,0,0
JD_11537083,2021-02-28,0,0,0,0,0,0,0
JD_11537082,2021-02-28,4882,3806,1695,7,4,4,3
JD_11537081,2021-02-28,24,1,24,0,0,0,0
JD_11537080,2021-02-28,35,28,17,0,0,0,0
JD_11537079,2021-02-28,10,9,7,0,0,0,0
JD_11537078,2021-02-28,8,6,5,0,0,0,0
JD_11537077,2021-02-28,17,9,13,0,0,0,0
JD_11537076,2021-02-28,3,1,2,0,0,0,0
JD_11537074,2021-02-28,0,0,0,0,0,0,0
JD_11537072,2021-02-28,5,1,4,0,0,0,0
JD_11537071,2021-02-28,38,20,28,1,0,0,0
JD_11537070,2021-02-28,3,2,2,0,0,0,0
JD_11537069,2021-02-28,1,1,0,0,0,0,0
JD_11537067,2021-02-28,1,1,1,0,0,0,0
JD_11537066,2021-02-28,5,4,2,0,0,0,0
JD_11537065,2021-02-28,7,5,7,0,0,0,0
JD_11537064,2021-02-28,1,0,1,0,0,0,0
