JD_12504467,2021-02-28,24,18,6,0,0,0,0
JD_12504466,2021-02-28,5,5,0,0,0,0,0
JD_12504465,2021-02-28,20,18,2,0,0,0,0
JD_12504464,2021-02-28,1,0,1,0,0,0,0
JD_12504463,2021-02-28,5,5,0,0,0,0,0
JD_12504462,2021-02-28,268,235,42,1,0,0,1
JD_12504461,2021-02-28,41,24,17,0,0,0,0
JD_12504460,2021-02-28,7,7,0,0,0,0,0
JD_12504459,2021-02-28,21,17,4,0,0,0,0
JD_12504458,2021-02-28,24,17,6,0,1,0,0
JD_12504457,2021-02-28,0,0,0,0,0,0,0
JD_12504456,2021-02-28,5,4,1,0,0,0,0
JD_12504455,2021-02-28,336,286,49,1,0,0,1
JD_12504454,2021-02-28,7,4,3,0,0,0,0
JD_12504453,2021-02-28,0,0,0,0,0,0,0
JD_12504452,2021-02-28,0,0,0,0,0,0,0
JD_12504451,2021-02-28,2,2,0,0,0,0,0
JD_12504450,2021-02-28,3,3,0,0,0,0,0
JD_12504449,2021-02-28,7,7,0,0,0,0,0
JD_12504448,2021-02-28,1362,1156,211,0,0,0,3
JD_12504447,2021-02-28,43,36,7,0,0,0,0
JD_12504446,2021-02-28,1,1,0,0,0,0,0
JD_12504445,2021-02-28,1345,1176,168,1,0,3,1
JD_12504444,2021-02-28,22,21,1,0,0,0,0
JD_12504443,2021-02-28,203,175,27,1,0,0,0
JD_12504442,2021-02-28,546,442,147,0,0,1,0
JD_12504441,2021-02-28,69,60,9,0,0,0,0
JD_12504440,2021-02-28,1,0,1,0,0,0,0
JD_12504437,2021-02-28,100,85,15,0,0,0,0
JD_12504436,2021-02-28,0,0,0,0,0,0,0
JD_12504435,2021-02-28,17,12,5,0,0,0,0
JD_12504434,2021-02-28,10,8,3,0,0,0,0
JD_12504433,2021-02-28,81,66,15,0,0,0,0
JD_12504432,2021-02-28,7,4,4,0,0,0,0
JD_12504431,2021-02-28,1065,883,181,1,0,0,2
JD_12504430,2021-02-28,83,51,40,0,0,0,0
JD_12504429,2021-02-28,366,297,68,1,0,0,0
JD_12504428,2021-02-28,638,452,265,3,0,1,3
JD_12504427,2021-02-28,983,831,150,1,1,1,0
JD_12504426,2021-02-28,348,230,143,0,0,2,0
JD_12504425,2021-02-28,41,36,5,0,0,0,0
JD_12504424,2021-02-28,112,91,22,0,0,0,0
JD_12504423,2021-02-28,141,123,18,0,0,0,1
JD_12504422,2021-02-28,619,416,205,3,1,1,4
JD_12504421,2021-02-28,88,83,5,0,0,0,0
JD_12504420,2021-02-28,43,37,10,0,0,0,0
JD_12504419,2021-02-28,161,133,28,0,0,0,1
JD_12504418,2021-02-28,59,48,18,0,0,0,0
JD_12504417,2021-02-28,0,0,0,0,0,0,0
JD_12504416,2021-02-28,31,28,6,0,0,0,0
JD_12504415,2021-02-28,72,56,16,0,0,0,0
JD_12504414,2021-02-28,2938,2440,593,3,1,2,6
JD_12504413,2021-02-28,88,68,20,0,0,0,0
JD_12504412,2021-02-28,4,4,0,0,0,0,0
JD_12504411,2021-02-28,52,38,14,0,0,0,0
JD_12504410,2021-02-28,38,36,2,0,0,0,0
JD_12504409,2021-02-28,25,19,6,0,0,0,0
JD_12504408,2021-02-28,8,7,1,0,0,0,0
JD_12504407,2021-02-28,79,67,12,0,0,0,0
JD_12504406,2021-02-28,67,55,15,0,0,0,1
JD_12504405,2021-02-28,89,63,26,0,0,0,1
JD_12504404,2021-02-28,46,38,15,0,0,0,0
JD_12504403,2021-02-28,35,26,8,0,1,0,0
JD_12504402,2021-02-28,3,3,0,0,0,0,0
JD_12504401,2021-02-28,110,81,29,0,0,0,2
JD_12504400,2021-02-28,181,128,66,0,0,0,0
JD_12504399,2021-02-28,67,48,19,0,0,0,1
JD_12504398,2021-02-28,344,250,128,0,1,1,4
JD_12504397,2021-02-28,44,30,14,0,0,0,0
JD_12504396,2021-02-28,776,583,239,3,0,0,3
