JD_12552873,2021-02-28,23,20,3,0,0,0,0
JD_12552872,2021-02-28,0,0,0,0,0,0,0
JD_12552871,2021-02-28,4,4,0,0,0,0,0
JD_12552870,2021-02-28,133,115,18,0,0,0,0
JD_12552869,2021-02-28,4,3,1,0,0,0,0
JD_12552866,2021-02-28,0,0,0,0,0,0,0
JD_12552864,2021-02-28,229,193,36,0,0,0,0
JD_12552863,2021-02-28,3,3,0,0,0,0,0
JD_12552862,2021-02-28,1,1,0,0,0,0,0
JD_12552861,2021-02-28,228,199,28,1,0,1,0
JD_12552860,2021-02-28,245,196,48,0,1,0,0
JD_12552859,2021-02-28,78,68,10,0,0,0,0
JD_12552858,2021-02-28,3,3,0,0,0,0,0
JD_12552857,2021-02-28,0,0,0,0,0,0,0
JD_12552856,2021-02-28,162,135,25,1,1,0,0
JD_12552855,2021-02-28,0,0,0,0,0,0,0
JD_12552854,2021-02-28,32,29,3,0,0,0,0
JD_12552853,2021-02-28,0,0,0,0,0,0,0
JD_12552852,2021-02-28,0,0,0,0,0,0,0
JD_12552851,2021-02-28,0,0,0,0,0,0,0
JD_12552850,2021-02-28,0,0,0,0,0,0,0
JD_12552849,2021-02-28,1,1,0,0,0,0,0
JD_12552848,2021-02-28,28,25,3,0,0,0,0
JD_12552847,2021-02-28,7,6,1,0,0,0,0
JD_12552846,2021-02-28,9,9,0,0,0,0,0
JD_12552845,2021-02-28,4,4,0,0,0,0,0
JD_12552844,2021-02-28,16,10,6,0,0,0,0
JD_12552843,2021-02-28,1,1,0,0,0,0,0
JD_12552842,2021-02-28,8,8,0,0,0,0,0
JD_12552840,2021-02-28,499,396,102,1,0,1,2
JD_12552838,2021-02-28,145,124,21,0,0,0,0
JD_12552837,2021-02-28,9,9,0,0,0,0,0
JD_12552836,2021-02-28,8,7,1,0,0,0,0
JD_12552835,2021-02-28,12,9,3,0,0,0,0
JD_12552834,2021-02-28,10,10,0,0,0,0,0
JD_12552833,2021-02-28,7,5,2,0,0,0,0
JD_12552832,2021-02-28,14,13,1,0,0,0,0
JD_12552831,2021-02-28,7,7,0,0,0,0,0
JD_12552830,2021-02-28,26,23,3,0,0,0,0
JD_12552829,2021-02-28,2,2,0,0,0,0,0
JD_12552828,2021-02-28,21,21,0,0,0,0,0
JD_12552827,2021-02-28,174,149,25,0,0,0,0
JD_12552826,2021-02-28,8,8,0,0,0,0,0
JD_12552825,2021-02-28,1,1,0,0,0,0,0
JD_12552824,2021-02-28,8,8,0,0,0,0,0
JD_12552823,2021-02-28,2,2,0,0,0,0,0
JD_12552822,2021-02-28,214,191,23,0,0,0,0
JD_12552820,2021-02-28,14,12,2,0,0,0,0
JD_12552819,2021-02-28,0,0,0,0,0,0,0
JD_12552818,2021-02-28,3096,2378,717,1,0,14,12
JD_12552817,2021-02-28,0,0,0,0,0,0,0
JD_12552816,2021-02-28,0,0,0,0,0,0,0
JD_12552815,2021-02-28,627,526,101,0,0,0,1
JD_12552814,2021-02-28,5323,4634,685,3,1,3,4
JD_12552813,2021-02-28,1233,1067,164,2,0,0,1
JD_12552812,2021-02-28,136,110,25,1,0,0,1
JD_12551950,2021-02-28,25,20,5,0,0,0,0
JD_12551948,2021-02-28,29,21,8,0,0,0,0
JD_12551947,2021-02-28,67,62,4,1,0,0,0
JD_12551946,2021-02-28,11,9,2,0,0,0,0
JD_12551944,2021-02-28,3,2,1,0,0,0,0
JD_12551942,2021-02-28,0,0,0,0,0,0,0
JD_12551938,2021-02-28,1,1,0,0,0,0,0
JD_12551937,2021-02-28,39,32,7,0,0,0,1
JD_12551936,2021-02-28,35,26,9,0,0,0,0
JD_12551935,2021-02-28,3180,2687,493,0,0,15,7
JD_12551933,2021-02-28,12,10,2,0,0,0,0
JD_12551932,2021-02-28,6,4,2,0,0,0,0
JD_12551423,2021-02-28,12,12,0,0,0,0,0
JD_12551422,2021-02-28,9,9,0,0,0,0,0
