JD_11546331,2021-02-28,0,0,0,0,0,0,0
JD_11546330,2021-02-28,0,0,0,0,0,0,0
JD_11546329,2021-02-28,0,0,0,0,0,0,0
JD_11546328,2021-02-28,0,0,0,0,0,0,0
JD_11546327,2021-02-28,0,0,0,0,0,0,0
JD_11546326,2021-02-28,0,0,0,0,0,0,0
JD_11546325,2021-02-28,0,0,0,0,0,0,0
JD_11546324,2021-02-28,0,0,0,0,0,0,0
JD_11546323,2021-02-28,0,0,0,0,0,0,0
JD_11546322,2021-02-28,5,3,2,0,0,0,0
JD_11546321,2021-02-28,0,0,0,0,0,0,0
JD_11546320,2021-02-28,0,0,0,0,0,0,0
JD_11546319,2021-02-28,0,0,0,0,0,0,0
JD_11546318,2021-02-28,0,0,0,0,0,0,0
JD_11546317,2021-02-28,0,0,0,0,0,0,0
JD_11546316,2021-02-28,0,0,0,0,0,0,0
JD_11546315,2021-02-28,0,0,0,0,0,0,0
JD_11546314,2021-02-28,0,0,0,0,0,0,0
JD_11546313,2021-02-28,0,0,0,0,0,0,0
JD_11546312,2021-02-28,0,0,0,0,0,0,0
JD_11546311,2021-02-28,0,0,0,0,0,0,0
JD_11546310,2021-02-28,0,0,0,0,0,0,0
JD_11546309,2021-02-28,0,0,0,0,0,0,0
JD_11546308,2021-02-28,0,0,0,0,0,0,0
JD_11546307,2021-02-28,0,0,0,0,0,0,0
JD_11546306,2021-02-28,0,0,0,0,0,0,0
JD_11546305,2021-02-28,0,0,0,0,0,0,0
JD_11546304,2021-02-28,0,0,0,0,0,0,0
JD_11546303,2021-02-28,0,0,0,0,0,0,0
JD_11546302,2021-02-28,0,0,0,0,0,0,0
JD_11546301,2021-02-28,0,0,0,0,0,0,0
JD_11546300,2021-02-28,6,3,4,0,0,0,0
JD_11546299,2021-02-28,27,21,20,0,0,0,0
JD_11546298,2021-02-28,0,0,0,0,0,0,0
JD_11546297,2021-02-28,3,0,3,0,0,0,0
JD_11546296,2021-02-28,2,2,1,0,0,0,0
JD_11546295,2021-02-28,1,0,1,0,0,0,0
JD_11546294,2021-02-28,0,0,0,0,0,0,0
JD_11546292,2021-02-28,1304,959,695,5,0,0,3
JD_11546291,2021-02-28,0,0,0,0,0,0,0
JD_11546290,2021-02-28,1,0,1,0,0,0,0
JD_11546289,2021-02-28,3,2,1,0,0,0,0
JD_11546288,2021-02-28,0,0,0,0,0,0,0
JD_11546287,2021-02-28,0,0,0,0,0,0,0
JD_11546286,2021-02-28,44,32,15,0,0,0,0
JD_11546285,2021-02-28,28,20,14,1,0,0,0
JD_11546284,2021-02-28,0,0,0,0,0,0,0
JD_11546283,2021-02-28,0,0,0,0,0,0,0
JD_11546282,2021-02-28,1,0,1,0,0,0,0
JD_11546281,2021-02-28,0,0,0,0,0,0,0
JD_11546280,2021-02-28,0,0,0,0,0,0,0
JD_11546279,2021-02-28,0,0,0,0,0,0,0
JD_11546277,2021-02-28,1,1,1,0,0,0,0
JD_11546274,2021-02-28,4,0,3,0,1,0,0
JD_11546272,2021-02-28,0,0,0,0,0,0,0
JD_11546271,2021-02-28,0,0,0,0,0,0,0
JD_11546270,2021-02-28,0,0,0,0,0,0,0
JD_11546269,2021-02-28,31,23,16,0,0,0,0
JD_11546268,2021-02-28,0,0,0,0,0,0,0
JD_11546267,2021-02-28,9,8,4,0,0,0,0
JD_11546266,2021-02-28,11,9,6,0,0,0,0
JD_11546265,2021-02-28,0,0,0,0,0,0,0
JD_11546264,2021-02-28,311,246,64,1,0,0,0
JD_11546263,2021-02-28,0,0,0,0,0,0,0
JD_11546262,2021-02-28,626,440,303,6,2,1,0
JD_11546261,2021-02-28,195,122,115,1,0,0,0
JD_11546260,2021-02-28,223,137,126,0,0,0,1
JD_11546259,2021-02-28,32,8,31,1,0,0,0
JD_11546258,2021-02-28,175,121,98,1,1,0,0
JD_11546257,2021-02-28,162,56,128,2,2,0,2
