JD_11520743,2021-02-28,45,30,36,0,1,0,1
JD_11520742,2021-02-28,151,100,127,0,0,0,2
JD_11520741,2021-02-28,283,159,225,1,1,0,1
JD_11520740,2021-02-28,26,18,24,0,0,0,0
JD_11520739,2021-02-28,81,50,57,1,0,0,1
JD_11520738,2021-02-28,93,45,81,2,1,0,1
JD_11520737,2021-02-28,544,262,425,3,1,0,1
JD_11520736,2021-02-28,56,34,43,0,0,0,0
JD_11520734,2021-02-28,62,26,61,0,1,0,0
JD_11520733,2021-02-28,299,186,286,4,1,0,2
JD_11520732,2021-02-28,323,207,318,3,2,0,1
JD_11520731,2021-02-28,3,0,3,0,0,0,0
JD_11520722,2021-02-28,6,4,2,0,0,0,0
JD_11520721,2021-02-28,8,5,7,0,0,0,0
JD_11520714,2021-02-28,1333,813,1041,9,7,0,4
JD_11520713,2021-02-28,2446,1398,1751,38,27,2,10
JD_11520712,2021-02-28,1198,425,1018,11,5,0,4
JD_11520711,2021-02-28,117,3,116,1,0,0,0
JD_11520710,2021-02-28,67,0,64,3,0,0,0
JD_11520709,2021-02-28,0,0,0,0,0,0,0
JD_11520708,2021-02-28,96,3,89,5,2,0,0
JD_11520707,2021-02-28,42,36,14,1,0,0,0
JD_11520706,2021-02-28,18,5,18,0,0,0,0
JD_11520705,2021-02-28,22,15,16,0,1,0,0
JD_11520704,2021-02-28,21,2,19,1,0,0,0
JD_11520703,2021-02-28,25,8,22,1,0,0,0
JD_11520701,2021-02-28,410,152,406,2,2,1,1
JD_11520700,2021-02-28,3,0,3,0,0,0,0
JD_11520699,2021-02-28,198,9,191,2,1,0,0
JD_11520698,2021-02-28,21,0,19,1,1,0,0
JD_11520697,2021-02-28,35,12,28,0,1,0,0
JD_11520696,2021-02-28,5,2,5,0,0,0,1
JD_11520695,2021-02-28,0,0,0,0,0,0,0
JD_11520694,2021-02-28,4,3,2,0,0,0,0
JD_11520693,2021-02-28,4,3,1,1,0,0,0
JD_11520692,2021-02-28,15,2,14,1,0,0,0
JD_11520690,2021-02-28,6,4,3,0,0,0,0
JD_11520688,2021-02-28,1,1,0,0,0,0,0
JD_11520687,2021-02-28,46,4,38,5,2,0,0
JD_11520686,2021-02-28,207,81,173,3,5,0,2
JD_11520685,2021-02-28,56,37,34,0,1,0,0
JD_11520684,2021-02-28,13,1,13,0,0,0,0
JD_11520683,2021-02-28,1,1,0,0,0,0,0
JD_11520681,2021-02-28,266,111,197,3,0,0,1
JD_11520680,2021-02-28,11,3,8,0,1,0,0
JD_11520679,2021-02-28,16,6,10,0,0,0,0
JD_11520678,2021-02-28,28,2,25,3,0,0,0
JD_11520677,2021-02-28,0,0,0,0,0,0,0
JD_11520676,2021-02-28,7,3,5,0,0,0,0
JD_11520675,2021-02-28,24,17,19,0,0,0,0
JD_11520674,2021-02-28,3,1,2,0,0,0,0
JD_11520673,2021-02-28,13,11,6,0,0,0,0
JD_11520672,2021-02-28,22,2,22,0,0,0,0
JD_11520671,2021-02-28,79,5,75,1,3,0,0
JD_11520670,2021-02-28,17553,11299,13890,248,172,12,40
JD_11520669,2021-02-28,32,23,17,0,0,0,0
JD_11520668,2021-02-28,7,4,3,0,0,0,0
JD_11520667,2021-02-28,101,60,97,1,1,1,1
JD_11520666,2021-02-28,2144,1322,1574,18,10,0,1
JD_11520665,2021-02-28,2,0,2,0,0,0,0
JD_11520664,2021-02-28,301,11,249,27,25,0,1
JD_11520663,2021-02-28,66,0,66,0,0,0,0
JD_11520661,2021-02-28,0,0,0,0,0,0,0
JD_11520660,2021-02-28,4,3,2,0,0,0,0
JD_11520659,2021-02-28,4,3,3,0,0,0,0
JD_11520658,2021-02-28,7,6,2,0,0,0,0
JD_11520657,2021-02-28,8,4,6,0,0,0,0
JD_11520656,2021-02-28,66,32,48,0,0,0,0
JD_11520655,2021-02-28,67,22,62,1,0,0,0
JD_11520654,2021-02-28,34,29,14,0,0,0,0
