JD_12096550,2021-02-28,23,18,17,0,0,0,0
JD_12096549,2021-02-28,14,13,11,0,0,0,0
JD_12096547,2021-02-28,3,2,3,0,0,0,0
JD_12096545,2021-02-28,6,6,2,0,0,0,0
JD_12096544,2021-02-28,13,10,9,0,0,0,0
JD_12096543,2021-02-28,2,1,1,0,0,0,0
JD_12096542,2021-02-28,86,65,62,0,0,0,0
JD_12096541,2021-02-28,7,7,2,0,0,0,0
JD_12096540,2021-02-28,0,0,0,0,0,0,0
JD_12096539,2021-02-28,0,0,0,0,0,0,0
JD_12096538,2021-02-28,33,18,32,1,0,0,0
JD_12096537,2021-02-28,3,2,1,0,0,0,0
JD_12096536,2021-02-28,6,3,4,0,0,0,0
JD_12096534,2021-02-28,21,19,12,0,0,0,0
JD_12096533,2021-02-28,2,0,1,1,0,0,0
JD_12096532,2021-02-28,83,20,80,1,1,0,0
JD_12096531,2021-02-28,30,20,24,0,0,0,0
JD_12096530,2021-02-28,41,12,38,1,1,0,0
JD_12096529,2021-02-28,112,90,42,0,0,0,1
JD_12096528,2021-02-28,4,3,4,0,0,0,0
JD_12096527,2021-02-28,6,6,2,0,0,0,0
JD_12096526,2021-02-28,40,31,34,0,0,0,0
JD_12096525,2021-02-28,27,18,21,0,0,0,1
JD_12096523,2021-02-28,12,12,6,0,0,0,0
JD_12096522,2021-02-28,5,3,4,0,0,0,0
JD_12096520,2021-02-28,26,20,13,0,0,0,0
JD_12096519,2021-02-28,5,5,2,0,0,0,0
JD_12096518,2021-02-28,18,10,18,0,0,0,0
JD_12096101,2021-02-28,8,7,5,0,0,0,0
JD_12096100,2021-02-28,25,12,25,0,0,0,0
JD_12096099,2021-02-28,41,33,22,0,0,0,0
JD_12096097,2021-02-28,9,6,7,0,0,0,0
JD_12096096,2021-02-28,90,65,89,1,0,0,1
JD_12096095,2021-02-28,14,9,10,0,0,0,1
JD_12096093,2021-02-28,39,33,12,0,0,0,0
JD_12096092,2021-02-28,1,1,1,0,0,0,0
JD_12096091,2021-02-28,29,24,29,0,0,0,0
JD_12096090,2021-02-28,1,1,0,0,0,0,0
JD_12096089,2021-02-28,17,13,9,0,0,0,0
JD_12096088,2021-02-28,20,14,9,0,0,0,0
JD_12096087,2021-02-28,406,298,193,3,0,2,0
JD_12096086,2021-02-28,0,0,0,0,0,0,0
JD_12096085,2021-02-28,11971,10009,3965,1,0,12,11
JD_12096084,2021-02-28,5,2,5,0,0,0,0
JD_12096082,2021-02-28,4,3,4,0,0,0,0
JD_12096079,2021-02-28,9,9,4,0,0,0,0
JD_12096077,2021-02-28,49,44,28,0,0,0,0
JD_12096075,2021-02-28,103,93,55,0,0,0,0
JD_12096073,2021-02-28,3,3,1,0,0,0,0
JD_12096072,2021-02-28,5,3,3,0,0,0,0
JD_12096071,2021-02-28,21,15,10,0,0,0,0
JD_12096070,2021-02-28,3,2,2,0,0,0,0
JD_12096069,2021-02-28,4,4,1,0,0,0,0
JD_12096068,2021-02-28,2,0,2,0,0,0,0
JD_12096067,2021-02-28,1654,1362,911,2,2,0,0
JD_12096066,2021-02-28,69,53,56,0,0,0,0
JD_12096065,2021-02-28,403,314,257,1,2,0,1
JD_12096064,2021-02-28,283,222,167,1,1,1,0
JD_12096063,2021-02-28,2652,2013,1442,3,1,7,4
JD_12096062,2021-02-28,1,1,1,0,0,0,0
JD_12096059,2021-02-28,41,36,19,0,0,0,0
JD_12096057,2021-02-28,0,0,0,0,0,0,0
JD_12096053,2021-02-28,78,59,53,0,0,0,0
JD_12096051,2021-02-28,4037,3325,2043,0,1,4,3
JD_12096049,2021-02-28,542,426,323,1,0,0,1
JD_12096045,2021-02-28,7254,5549,3677,3,4,14,17
JD_12096043,2021-02-28,120,84,74,0,1,0,0
JD_12096041,2021-02-28,349,289,140,1,0,0,0
JD_12096040,2021-02-28,17,9,11,0,0,0,0
JD_12096038,2021-02-28,7,6,4,0,0,0,0
