JD_12140109,2021-02-28,2809,2189,2802,3,0,3,9
JD_12140107,2021-02-28,3269,2639,3260,4,5,2,12
JD_12140106,2021-02-28,3,2,4,0,0,0,0
JD_12140105,2021-02-28,2,2,0,0,0,0,0
JD_12140104,2021-02-28,181,149,80,0,0,0,0
JD_12140103,2021-02-28,51,44,24,0,0,0,0
JD_12140102,2021-02-28,3,3,2,0,0,0,0
JD_12140101,2021-02-28,52,46,16,0,0,1,0
JD_12140100,2021-02-28,2,1,1,0,0,0,0
JD_12140099,2021-02-28,163,111,160,0,0,0,0
JD_12140097,2021-02-28,1167,911,1150,2,1,2,2
JD_12140096,2021-02-28,2,1,1,0,0,0,1
JD_12140095,2021-02-28,3710,3036,3705,0,3,3,10
JD_12140094,2021-02-28,0,0,0,0,0,0,0
JD_12140093,2021-02-28,110,81,107,0,1,0,1
JD_12140091,2021-02-28,254,192,252,0,0,0,0
JD_12140090,2021-02-28,6,4,5,0,0,0,0
JD_12140089,2021-02-28,313,230,313,0,0,1,0
JD_12140087,2021-02-28,268,212,182,0,0,0,0
JD_12140086,2021-02-28,84,73,15,0,0,0,0
JD_12140085,2021-02-28,59,51,22,0,0,0,1
JD_12140083,2021-02-28,123,94,44,0,0,1,0
JD_12140082,2021-02-28,0,0,0,0,0,0,0
JD_12140081,2021-02-28,1846,1563,1840,4,1,0,2
JD_12140080,2021-02-28,1,1,0,0,0,0,0
JD_12140079,2021-02-28,161,114,161,0,0,0,1
JD_12140078,2021-02-28,2,2,2,0,0,0,0
JD_12140077,2021-02-28,96,71,94,0,1,0,0
JD_12140076,2021-02-28,127,115,23,0,0,0,0
JD_12140075,2021-02-28,4182,3299,4174,3,5,4,13
JD_12140073,2021-02-28,137,104,136,0,0,1,0
JD_12140072,2021-02-28,50,45,10,0,0,0,1
JD_12140071,2021-02-28,9838,8258,4200,6,2,7,17
JD_12140070,2021-02-28,1,1,0,0,0,0,0
JD_12140069,2021-02-28,8380,6694,4842,3,2,17,8
JD_12140068,2021-02-28,3,2,2,0,0,0,0
JD_12140067,2021-02-28,667,563,659,0,1,1,1
JD_12140066,2021-02-28,1,1,1,0,0,0,0
JD_12140064,2021-02-28,2,2,1,0,0,0,0
JD_12140063,2021-02-28,613,517,580,1,2,1,0
JD_12140062,2021-02-28,4,4,2,0,0,0,0
JD_12140061,2021-02-28,957,783,451,1,1,0,3
JD_12140060,2021-02-28,19,13,15,0,0,0,0
JD_12140059,2021-02-28,496,411,105,0,1,0,0
JD_12140058,2021-02-28,5,3,4,0,0,0,0
JD_12140057,2021-02-28,104,86,58,0,0,0,0
JD_12140056,2021-02-28,3,3,1,0,0,0,0
JD_12140055,2021-02-28,4559,3796,2172,9,1,1,3
JD_12140054,2021-02-28,0,0,0,0,0,0,0
JD_12140053,2021-02-28,3272,2495,1401,2,2,5,4
JD_12140052,2021-02-28,3,2,3,0,0,0,0
JD_12140051,2021-02-28,1822,1526,1821,0,1,1,1
JD_12140048,2021-02-28,2,1,2,0,0,0,0
JD_12140046,2021-02-28,23,15,10,0,0,0,0
JD_12140044,2021-02-28,16,11,13,0,0,0,0
JD_12140043,2021-02-28,1343,1022,936,2,0,3,0
JD_12140042,2021-02-28,37,25,26,0,0,0,0
JD_12140041,2021-02-28,9,9,3,0,0,0,0
JD_12140040,2021-02-28,6,3,5,0,0,0,0
JD_12140038,2021-02-28,13,9,13,0,0,0,0
JD_12140036,2021-02-28,2,2,1,0,0,0,0
JD_12140034,2021-02-28,4,4,1,0,0,0,0
JD_12140032,2021-02-28,2,1,2,0,0,0,0
JD_12140030,2021-02-28,5,2,4,0,0,0,0
JD_12140029,2021-02-28,25,20,20,0,0,0,0
JD_12139785,2021-02-28,134,117,87,1,0,0,1
JD_12139784,2021-02-28,48,33,31,0,0,0,2
JD_12139783,2021-02-28,544,451,241,0,0,1,1
JD_12139782,2021-02-28,101,81,56,0,0,0,0
JD_12139781,2021-02-28,15,11,8,0,0,0,1
