JD_11590571,2021-02-28,0,0,0,0,0,0,0
JD_11590569,2021-02-28,3,1,2,0,0,0,0
JD_11590568,2021-02-28,5,2,4,0,1,0,0
JD_11590567,2021-02-28,2447,1756,731,9,3,4,5
JD_11590566,2021-02-28,6,3,6,0,0,0,0
JD_11590565,2021-02-28,10,3,10,0,0,0,0
JD_11590560,2021-02-28,390,137,348,5,2,0,0
JD_11590558,2021-02-28,418,289,200,0,0,0,1
JD_11590557,2021-02-28,24,1,24,0,0,0,0
JD_11590551,2021-02-28,9,5,9,0,0,0,0
JD_11590550,2021-02-28,0,0,0,0,0,0,0
JD_11590547,2021-02-28,16,1,15,1,0,0,0
JD_11590546,2021-02-28,1,0,1,0,0,0,0
JD_11590545,2021-02-28,0,0,0,0,0,0,0
JD_11590542,2021-02-28,14,6,12,0,0,0,1
JD_11590541,2021-02-28,0,0,0,0,0,0,0
JD_11590540,2021-02-28,2,2,2,0,0,0,0
JD_11590539,2021-02-28,16,14,8,0,0,0,0
JD_11590538,2021-02-28,17,13,9,0,1,0,0
JD_11590537,2021-02-28,2,2,2,0,0,0,0
JD_11590536,2021-02-28,2,0,2,0,0,0,0
JD_11590535,2021-02-28,45,24,41,1,1,0,0
JD_11590534,2021-02-28,0,0,0,0,0,0,0
JD_11590533,2021-02-28,33,26,9,0,0,0,0
JD_11590532,2021-02-28,1,0,1,0,0,0,0
JD_11590531,2021-02-28,18,10,10,0,0,0,0
JD_11590530,2021-02-28,1,0,1,0,0,0,0
JD_11590529,2021-02-28,0,0,0,0,0,0,0
JD_11590528,2021-02-28,2,1,1,0,0,0,0
JD_11590527,2021-02-28,10,6,8,0,0,0,1
JD_11590526,2021-02-28,1,0,1,0,0,0,0
JD_11590525,2021-02-28,5085,3811,3326,16,5,5,6
JD_11590524,2021-02-28,0,0,0,0,0,0,0
JD_11590523,2021-02-28,15,8,12,0,0,0,0
JD_11590521,2021-02-28,4515,3306,3077,10,12,6,8
JD_11590520,2021-02-28,83,68,47,0,0,0,0
JD_11590519,2021-02-28,178,129,119,2,0,0,1
JD_11590517,2021-02-28,0,0,0,0,0,0,0
JD_11590516,2021-02-28,0,0,0,0,0,0,0
JD_11590515,2021-02-28,0,0,0,0,0,0,0
JD_11590252,2021-02-28,5,2,3,1,0,0,0
JD_11590251,2021-02-28,29,18,21,0,0,0,0
JD_11590250,2021-02-28,8,5,8,0,0,0,0
JD_11590249,2021-02-28,17,11,12,0,0,0,0
JD_11590248,2021-02-28,4,0,4,0,0,0,0
JD_11590247,2021-02-28,3,2,3,0,0,0,0
JD_11590246,2021-02-28,75,40,62,1,0,0,0
JD_11590245,2021-02-28,0,0,0,0,0,0,0
JD_11590244,2021-02-28,55,27,53,1,1,0,1
JD_11590243,2021-02-28,22,3,21,0,0,0,0
JD_11590242,2021-02-28,12,7,6,0,0,0,0
JD_11590240,2021-02-28,2,1,1,0,0,0,0
JD_11590239,2021-02-28,30,7,27,1,1,0,0
JD_11590238,2021-02-28,3,1,2,0,1,0,0
JD_11590236,2021-02-28,57,25,50,0,0,0,1
JD_11590234,2021-02-28,7,5,3,0,0,0,0
JD_11590233,2021-02-28,361,114,338,4,3,0,0
JD_11590231,2021-02-28,20,12,20,0,0,0,0
JD_11590230,2021-02-28,52,40,21,0,1,0,0
JD_11590226,2021-02-28,37,32,18,0,1,0,0
JD_11590225,2021-02-28,9,5,6,0,0,0,0
JD_11590224,2021-02-28,0,0,0,0,0,0,0
JD_11590222,2021-02-28,2,1,2,0,0,0,0
JD_11590221,2021-02-28,33,6,31,1,1,0,0
JD_11590217,2021-02-28,15,10,10,0,0,0,0
JD_11590215,2021-02-28,97,10,96,1,0,0,0
JD_11590214,2021-02-28,5,2,3,0,0,0,0
JD_11590212,2021-02-28,12,8,3,0,1,0,0
JD_11590211,2021-02-28,56,1,55,1,0,0,0
JD_11590210,2021-02-28,29,0,29,0,0,0,0
