JD_11338620,2021-02-28,20,14,14,0,0,0,0
JD_11338619,2021-02-28,28,20,15,0,0,0,0
JD_11338618,2021-02-28,1,1,0,0,0,0,0
JD_11338617,2021-02-28,5,5,3,0,0,0,0
JD_11338616,2021-02-28,2,0,2,0,0,0,0
JD_11338615,2021-02-28,0,0,0,0,0,0,0
JD_11338614,2021-02-28,2,2,0,0,0,0,0
JD_11338611,2021-02-28,14,10,5,0,0,0,0
JD_11338610,2021-02-28,1,0,1,0,0,0,0
JD_11338609,2021-02-28,0,0,0,0,0,0,0
JD_11338608,2021-02-28,2,0,2,0,0,0,0
JD_11338606,2021-02-28,28,23,12,0,0,0,0
JD_11338605,2021-02-28,65,42,53,0,1,0,1
JD_11338604,2021-02-28,1,1,0,0,0,0,0
JD_11338603,2021-02-28,77,52,60,0,0,0,0
JD_11338602,2021-02-28,91,62,70,2,0,0,0
JD_11338601,2021-02-28,31,12,24,0,0,0,1
JD_11338600,2021-02-28,296,148,251,2,2,2,2
JD_11338599,2021-02-28,56,42,47,0,0,0,0
JD_11338598,2021-02-28,55,23,46,1,0,0,0
JD_11338597,2021-02-28,26,12,22,2,0,0,0
JD_11338596,2021-02-28,158,105,92,3,1,0,2
JD_11338595,2021-02-28,147,77,111,3,4,0,1
JD_11338594,2021-02-28,690,330,351,10,6,0,0
JD_11338593,2021-02-28,7,4,5,0,0,0,0
JD_11338592,2021-02-28,113,0,106,6,1,0,0
JD_11338591,2021-02-28,1,1,1,0,0,0,0
JD_11338590,2021-02-28,5,2,4,0,0,0,0
JD_11338589,2021-02-28,3,1,3,0,0,0,0
JD_11338588,2021-02-28,45,16,41,2,0,0,0
JD_11338584,2021-02-28,13,9,9,1,0,0,0
JD_11338581,2021-02-28,9,5,7,0,0,0,0
JD_11338580,2021-02-28,60,33,55,1,1,0,0
JD_11338579,2021-02-28,240,0,238,2,0,0,0
JD_11338578,2021-02-28,32,0,31,1,0,0,0
JD_11338575,2021-02-28,8,5,6,1,0,0,0
JD_11338574,2021-02-28,86,40,56,0,2,0,0
JD_11338573,2021-02-28,16,11,9,0,0,0,0
JD_11338571,2021-02-28,124,0,116,5,3,0,0
JD_11338570,2021-02-28,117,56,88,1,0,0,0
JD_11338569,2021-02-28,68,10,65,2,1,0,0
JD_11338568,2021-02-28,6889,5239,2753,16,8,1,7
JD_11338567,2021-02-28,6357,5010,3172,8,15,3,7
JD_11338566,2021-02-28,582,421,414,1,1,1,2
JD_11338565,2021-02-28,124,30,121,1,2,0,0
JD_11338563,2021-02-28,214,143,101,0,0,0,0
JD_11338562,2021-02-28,505,368,323,0,1,1,0
JD_11338561,2021-02-28,286,128,283,3,0,0,0
JD_11338560,2021-02-28,376,263,312,2,1,0,1
JD_11338559,2021-02-28,601,219,588,7,6,0,0
JD_11338558,2021-02-28,61,13,57,2,2,0,0
JD_11338557,2021-02-28,7077,5601,3045,12,6,3,10
JD_11338556,2021-02-28,30072,24796,6575,48,17,9,32
JD_11338554,2021-02-28,686,438,680,3,1,0,0
JD_11338553,2021-02-28,240,157,234,3,0,0,1
JD_11338552,2021-02-28,130,23,125,1,4,0,0
JD_11338551,2021-02-28,1088,547,1025,10,3,0,1
JD_11338550,2021-02-28,186,7,177,4,0,0,1
JD_11338548,2021-02-28,486,261,334,6,0,1,6
JD_11338546,2021-02-28,161,82,94,1,0,0,0
JD_11338542,2021-02-28,2,1,1,0,0,0,0
JD_11338541,2021-02-28,5042,2979,3666,16,8,6,7
JD_11338540,2021-02-28,1870,1027,1850,5,3,6,7
JD_11338538,2021-02-28,862,505,654,3,1,1,3
JD_11338537,2021-02-28,1027,509,978,5,1,0,3
JD_11338536,2021-02-28,2952,1120,2823,15,5,0,12
JD_11338535,2021-02-28,1020,459,955,5,1,0,1
JD_11338534,2021-02-28,701,303,637,5,1,1,3
JD_11338533,2021-02-28,780,426,669,1,1,0,1
JD_11338532,2021-02-28,2477,1435,2269,15,10,0,3
