JD_12419735,2021-02-28,2,2,0,0,0,0,0
JD_12419734,2021-02-28,12,12,2,0,0,0,0
JD_12419733,2021-02-28,0,0,0,0,0,0,0
JD_12419732,2021-02-28,3529,2978,710,5,2,3,5
JD_12419731,2021-02-28,7,3,4,0,0,0,0
JD_12419730,2021-02-28,42,35,42,0,0,0,0
JD_12419729,2021-02-28,0,0,0,0,0,0,0
JD_12419728,2021-02-28,37,34,34,0,0,0,0
JD_12419727,2021-02-28,5,3,3,0,0,0,0
JD_12419726,2021-02-28,4,4,2,0,0,0,0
JD_12419725,2021-02-28,7,6,2,0,0,0,0
JD_12419724,2021-02-28,36,30,32,0,0,0,0
JD_12419723,2021-02-28,34,22,15,0,0,0,0
JD_12419722,2021-02-28,33,27,30,0,0,0,0
JD_12419721,2021-02-28,821,691,398,2,0,0,1
JD_12419720,2021-02-28,102,83,32,0,0,0,0
JD_12419719,2021-02-28,35,30,18,0,0,0,0
JD_12419718,2021-02-28,226,168,99,0,0,0,2
JD_12419717,2021-02-28,78,61,34,0,0,0,0
JD_12419716,2021-02-28,92,72,52,0,0,0,3
JD_12419714,2021-02-28,1050,870,176,2,2,0,5
JD_12419713,2021-02-28,93,79,37,0,0,0,0
JD_12419712,2021-02-28,887,750,877,1,2,0,1
JD_12419711,2021-02-28,57,45,23,0,0,0,0
JD_12419710,2021-02-28,44,38,42,0,0,0,0
JD_12419709,2021-02-28,54,45,23,0,0,0,0
JD_12419708,2021-02-28,2,2,0,0,0,0,0
JD_12419707,2021-02-28,90,70,48,0,0,0,0
JD_12419706,2021-02-28,75,62,20,0,0,0,0
JD_12419705,2021-02-28,88,76,27,0,0,0,0
JD_12419704,2021-02-28,7,7,0,0,0,0,0
JD_12419703,2021-02-28,71,60,25,0,1,0,0
JD_12419702,2021-02-28,2,1,1,0,0,0,0
JD_12419701,2021-02-28,227,194,88,1,0,0,0
JD_12419700,2021-02-28,44,32,19,0,0,0,0
JD_12419699,2021-02-28,67,57,29,1,0,0,0
JD_12419698,2021-02-28,85,67,25,0,0,0,0
JD_12419697,2021-02-28,134,120,68,0,0,0,0
JD_12419696,2021-02-28,56,45,13,0,0,0,0
JD_12419694,2021-02-28,3,2,2,0,0,0,0
JD_12419693,2021-02-28,64,56,25,0,0,0,0
JD_12419692,2021-02-28,12,11,1,0,0,0,0
JD_12419691,2021-02-28,89,80,41,0,0,0,0
JD_12419690,2021-02-28,268,235,32,2,1,0,0
JD_12419689,2021-02-28,43,36,14,0,0,0,0
JD_12419688,2021-02-28,74,62,14,1,0,0,0
JD_12419395,2021-02-28,4,4,1,0,0,0,0
JD_12419394,2021-02-28,42,35,10,0,0,0,0
JD_12419393,2021-02-28,4,4,0,0,0,0,0
JD_12419392,2021-02-28,30,27,8,0,0,0,0
JD_12419391,2021-02-28,30,24,9,0,0,0,0
JD_12419390,2021-02-28,113,92,31,0,0,0,0
JD_12419389,2021-02-28,0,0,0,0,0,0,0
JD_12419388,2021-02-28,290,241,76,0,0,2,0
JD_12419387,2021-02-28,466,395,121,0,0,0,1
JD_12419386,2021-02-28,82,71,16,0,0,0,0
JD_12419385,2021-02-28,1,1,0,0,0,0,0
JD_12419384,2021-02-28,1124,934,304,4,5,1,4
JD_12419383,2021-02-28,963,835,351,0,5,1,0
JD_12419382,2021-02-28,96,68,38,0,0,0,1
JD_12419381,2021-02-28,38,34,12,0,0,0,0
JD_12419380,2021-02-28,579,487,148,0,2,1,2
JD_12419379,2021-02-28,4,4,0,0,0,0,0
JD_12419378,2021-02-28,175,139,88,0,0,0,0
JD_12419377,2021-02-28,59,47,13,0,0,0,0
JD_12419376,2021-02-28,26,22,4,0,0,0,1
JD_12419375,2021-02-28,0,0,0,0,0,0,0
JD_12419374,2021-02-28,31,26,10,0,0,0,0
JD_12419373,2021-02-28,1,1,0,0,0,0,0
JD_12419372,2021-02-28,27,22,14,0,0,0,0
