JD_11427416,2021-02-28,68,41,39,1,0,0,0
JD_11427414,2021-02-28,102,42,90,0,3,0,0
JD_11427413,2021-02-28,2,2,2,0,0,0,0
JD_11427409,2021-02-28,5,2,5,0,0,0,0
JD_11427408,2021-02-28,10,6,5,0,0,0,0
JD_11427404,2021-02-28,26,1,26,0,0,0,0
JD_11427403,2021-02-28,16,0,15,1,0,0,0
JD_11427402,2021-02-28,15,3,15,0,0,0,0
JD_11427401,2021-02-28,513,178,492,11,6,1,2
JD_11427400,2021-02-28,45,7,44,0,1,0,0
JD_11427399,2021-02-28,1372,207,1155,33,12,0,2
JD_11427397,2021-02-28,16,5,16,0,0,0,0
JD_11427396,2021-02-28,35,12,35,0,0,0,0
JD_11427395,2021-02-28,34,9,32,0,0,0,0
JD_11427394,2021-02-28,512,206,487,5,1,0,1
JD_11427393,2021-02-28,9,4,7,1,0,0,0
JD_11427392,2021-02-28,45,41,10,0,0,0,0
JD_11427391,2021-02-28,61,24,61,0,0,0,1
JD_11427390,2021-02-28,21,8,13,0,0,0,0
JD_11427389,2021-02-28,2,1,1,0,0,0,1
JD_11427388,2021-02-28,0,0,0,0,0,0,0
JD_11427387,2021-02-28,19,9,13,0,0,0,0
JD_11427386,2021-02-28,209,154,120,2,2,0,0
JD_11427385,2021-02-28,12,7,9,0,0,0,0
JD_11427384,2021-02-28,4,2,4,0,0,0,0
JD_11427382,2021-02-28,2,2,1,0,0,0,0
JD_11427381,2021-02-28,228,125,156,3,2,0,1
JD_11427380,2021-02-28,26,13,24,0,0,0,0
JD_11427379,2021-02-28,13,5,8,0,1,0,0
JD_11427376,2021-02-28,74,0,71,1,2,0,0
JD_11427375,2021-02-28,2146,1462,1183,7,2,1,8
JD_11427374,2021-02-28,245,50,226,3,0,0,1
JD_11427373,2021-02-28,220,152,204,0,0,0,2
JD_11427372,2021-02-28,19,15,10,0,0,0,0
JD_11427371,2021-02-28,0,0,0,0,0,0,0
JD_11427370,2021-02-28,3,1,2,0,0,0,0
JD_11427369,2021-02-28,10,2,8,0,2,0,0
JD_11427368,2021-02-28,2,2,0,0,0,0,0
JD_11427367,2021-02-28,16,13,8,1,0,0,0
JD_11427366,2021-02-28,7,5,2,0,0,0,0
JD_11427365,2021-02-28,9,3,7,0,0,0,0
JD_11427364,2021-02-28,13,10,6,1,0,0,0
JD_11427362,2021-02-28,7,4,5,0,0,0,0
JD_11427361,2021-02-28,1,0,1,0,0,0,0
JD_11427360,2021-02-28,1,1,1,0,0,0,0
JD_11427359,2021-02-28,6,4,1,1,0,0,0
JD_11427358,2021-02-28,31,24,14,0,1,0,0
JD_11427357,2021-02-28,7,2,6,0,0,0,0
JD_11427355,2021-02-28,7,5,3,0,0,0,0
JD_11427354,2021-02-28,5,4,5,0,0,0,0
JD_11427353,2021-02-28,0,0,0,0,0,0,0
JD_11427352,2021-02-28,4,1,4,0,0,0,0
JD_11427351,2021-02-28,23,16,18,0,0,0,0
JD_11427350,2021-02-28,1,0,1,0,0,0,0
JD_11427348,2021-02-28,2,1,2,0,0,0,1
JD_11427346,2021-02-28,6,2,4,0,0,0,0
JD_11427345,2021-02-28,6,3,6,0,0,0,0
JD_11427344,2021-02-28,0,0,0,0,0,0,0
JD_11427343,2021-02-28,6,4,5,0,0,0,0
JD_11427341,2021-02-28,9,3,6,0,1,0,0
JD_11427340,2021-02-28,4,0,4,0,0,0,0
JD_11427339,2021-02-28,8,3,5,0,1,0,0
JD_11427338,2021-02-28,101044,61031,76558,498,275,120,282
JD_11427337,2021-02-28,4,1,3,1,0,0,0
JD_11427334,2021-02-28,6,1,3,0,2,0,0
JD_11427333,2021-02-28,5,2,3,0,0,0,0
JD_11427331,2021-02-28,0,0,0,0,0,0,0
JD_11427326,2021-02-28,0,0,0,0,0,0,0
JD_11427325,2021-02-28,0,0,0,0,0,0,0
JD_11427323,2021-02-28,1,1,1,0,0,0,0
