JD_12220175,2021-02-28,9,5,6,0,0,0,0
JD_12220174,2021-02-28,48,40,23,0,0,0,0
JD_12220173,2021-02-28,18,12,11,0,0,0,0
JD_12220172,2021-02-28,9,8,4,0,0,0,0
JD_12220171,2021-02-28,35,27,28,1,0,0,0
JD_12220170,2021-02-28,10,7,6,0,0,0,0
JD_12220169,2021-02-28,12,9,4,1,0,0,0
JD_12220168,2021-02-28,24,19,12,0,0,0,0
JD_12220167,2021-02-28,40,36,15,0,0,0,0
JD_12220166,2021-02-28,2,2,2,0,0,0,0
JD_12220165,2021-02-28,45,41,16,0,0,0,0
JD_12219487,2021-02-28,7,6,1,0,0,0,0
JD_12219441,2021-02-28,0,0,0,0,0,0,0
JD_12219232,2021-02-28,33,23,32,0,0,0,0
JD_12219231,2021-02-28,10,8,2,0,0,0,0
JD_12219230,2021-02-28,48,37,27,0,1,0,0
JD_12219229,2021-02-28,27,17,14,0,0,0,0
JD_12219227,2021-02-28,3606,2868,1879,2,1,11,10
JD_12219225,2021-02-28,69,57,41,1,0,0,0
JD_12219223,2021-02-28,26,23,21,0,0,0,0
JD_12219222,2021-02-28,2811,2311,1756,12,6,3,8
JD_12219221,2021-02-28,209,181,51,0,0,0,0
JD_12219217,2021-02-28,47,41,22,0,0,0,1
JD_12219213,2021-02-28,7,7,7,0,0,0,0
JD_12219211,2021-02-28,13,13,4,0,0,0,0
JD_12219209,2021-02-28,20,20,12,0,0,0,0
JD_12219208,2021-02-28,3,2,1,0,0,0,0
JD_12219207,2021-02-28,15,14,7,0,0,0,0
JD_12219206,2021-02-28,5,4,3,0,0,0,0
JD_12218028,2021-02-28,0,0,0,0,0,0,0
JD_12218025,2021-02-28,0,0,0,0,0,0,0
JD_12218024,2021-02-28,110,93,61,0,1,0,1
JD_12218023,2021-02-28,13,11,5,0,0,0,0
JD_12218021,2021-02-28,16,12,7,0,0,0,0
JD_12218020,2021-02-28,571,503,207,0,2,0,1
JD_12218019,2021-02-28,2,1,2,0,0,0,0
JD_12218017,2021-02-28,56,52,27,0,0,0,0
JD_12218015,2021-02-28,238,208,109,0,0,0,0
JD_12218014,2021-02-28,104,66,103,0,0,0,1
JD_12218013,2021-02-28,69,54,51,0,0,0,0
JD_12217598,2021-02-28,57,50,19,0,0,0,0
JD_12217050,2021-02-28,2634,2197,2476,1,1,1,5
JD_12213814,2021-02-28,61,47,39,0,1,0,0
JD_12213813,2021-02-28,7,7,3,0,0,0,0
JD_12213812,2021-02-28,81,60,66,0,0,0,0
JD_12213810,2021-02-28,390,315,269,0,0,1,1
JD_12213809,2021-02-28,58,52,32,0,1,0,0
JD_12213808,2021-02-28,325,210,317,1,1,0,4
JD_12213807,2021-02-28,154,127,105,0,1,0,0
JD_12213806,2021-02-28,7255,5725,3392,8,5,10,20
JD_12213805,2021-02-28,5,5,4,0,0,0,0
JD_12213803,2021-02-28,264,225,168,1,1,0,0
JD_12213801,2021-02-28,7,7,6,0,0,0,0
JD_12213799,2021-02-28,9,9,3,0,0,0,0
JD_12213182,2021-02-28,30,20,27,0,0,0,0
JD_12213130,2021-02-28,41,20,34,0,1,0,0
JD_12212563,2021-02-28,388,330,249,1,1,0,2
JD_12212459,2021-02-28,23,17,12,0,0,0,0
JD_12212458,2021-02-28,164,84,163,0,1,0,1
JD_12212457,2021-02-28,1,1,0,0,0,0,0
JD_12212456,2021-02-28,12,7,12,0,0,0,0
JD_12212455,2021-02-28,3,2,3,0,0,0,0
JD_12212454,2021-02-28,5,5,5,0,0,0,0
JD_12212453,2021-02-28,0,0,0,0,0,0,0
JD_12212452,2021-02-28,434,224,432,0,2,0,2
JD_12212450,2021-02-28,14,8,14,0,0,0,0
JD_12212449,2021-02-28,14,11,10,0,0,0,0
JD_12212448,2021-02-28,425,211,425,0,0,0,1
JD_12212447,2021-02-28,5,5,5,0,0,0,0
JD_12212446,2021-02-28,411,184,408,2,1,0,1
