JD_12465957,2021-02-28,169,143,54,0,0,0,1
JD_12465956,2021-02-28,4,3,1,0,0,0,0
JD_12465955,2021-02-28,144,123,44,1,0,0,0
JD_12465954,2021-02-28,2,2,0,0,0,0,0
JD_12465953,2021-02-28,44,37,13,0,0,0,0
JD_12465952,2021-02-28,4,4,0,0,0,0,0
JD_12465951,2021-02-28,26,20,8,0,0,0,0
JD_12465950,2021-02-28,5,4,1,0,0,0,0
JD_12465949,2021-02-28,39,30,19,0,0,0,0
JD_12465947,2021-02-28,91,75,17,1,1,0,0
JD_12465946,2021-02-28,157,127,36,0,0,0,3
JD_12465945,2021-02-28,110,90,22,1,0,0,1
JD_12465944,2021-02-28,0,0,0,0,0,0,0
JD_12465943,2021-02-28,96,87,17,0,0,0,0
JD_12465942,2021-02-28,7,7,0,0,0,0,0
JD_12465941,2021-02-28,47,40,7,0,0,0,1
JD_12465940,2021-02-28,5,4,1,0,0,0,0
JD_12465939,2021-02-28,126,108,23,0,0,0,0
JD_12465938,2021-02-28,0,0,0,0,0,0,0
JD_12465937,2021-02-28,100,85,23,0,0,0,0
JD_12465936,2021-02-28,10,8,3,0,0,0,0
JD_12465935,2021-02-28,24,20,4,0,0,0,0
JD_12465934,2021-02-28,1,0,1,0,0,0,0
JD_12465933,2021-02-28,125,105,20,1,1,0,1
JD_12465932,2021-02-28,0,0,0,0,0,0,0
JD_12465931,2021-02-28,46,42,13,0,0,0,0
JD_12465930,2021-02-28,1,1,0,0,0,0,0
JD_12465929,2021-02-28,9,9,0,0,0,0,0
JD_12465928,2021-02-28,0,0,0,0,0,0,0
JD_12465927,2021-02-28,70,53,20,0,0,0,0
JD_12465926,2021-02-28,0,0,0,0,0,0,0
JD_12465925,2021-02-28,105,85,23,0,0,0,0
JD_12465924,2021-02-28,1,1,1,0,0,0,0
JD_12465923,2021-02-28,290,209,83,1,0,1,0
JD_12465922,2021-02-28,1,1,1,0,0,0,0
JD_12465920,2021-02-28,11808,10318,1741,2,3,8,4
JD_12465919,2021-02-28,213,179,53,0,0,1,0
JD_12465918,2021-02-28,3,3,0,0,0,0,0
JD_12465917,2021-02-28,1269,1004,258,4,3,2,4
JD_12465916,2021-02-28,0,0,0,0,0,0,0
JD_12465915,2021-02-28,1,1,0,0,0,0,0
JD_12465914,2021-02-28,3,2,2,0,0,0,0
JD_12465913,2021-02-28,9,4,6,0,0,0,0
JD_12465912,2021-02-28,8,5,4,0,0,0,0
JD_12465911,2021-02-28,71,60,19,0,0,0,0
JD_12465910,2021-02-28,0,0,0,0,0,0,0
JD_12465909,2021-02-28,64,51,16,0,0,0,0
JD_12465908,2021-02-28,9,7,3,0,0,0,0
JD_12465907,2021-02-28,6,6,1,0,0,0,0
JD_12465906,2021-02-28,1,1,1,0,0,0,0
JD_12465905,2021-02-28,2,2,0,0,0,0,0
JD_12465904,2021-02-28,1,1,0,0,0,0,0
JD_12465903,2021-02-28,61,54,15,0,0,0,0
JD_12465902,2021-02-28,54,41,31,0,0,0,1
JD_12465901,2021-02-28,4,2,2,0,0,0,0
JD_12465900,2021-02-28,14,10,6,2,0,0,0
JD_12465899,2021-02-28,1,1,1,0,0,0,0
JD_12465898,2021-02-28,1020,806,425,2,1,1,3
JD_12465897,2021-02-28,3,2,1,0,0,0,0
JD_12465896,2021-02-28,130,107,28,1,1,2,0
JD_12465895,2021-02-28,4,3,2,0,0,0,0
JD_12465894,2021-02-28,149,127,27,1,0,0,1
JD_12465893,2021-02-28,2,2,0,0,0,0,0
JD_12465892,2021-02-28,176,151,30,2,0,0,0
JD_12465891,2021-02-28,12,6,8,0,0,0,0
JD_12465890,2021-02-28,218,182,36,1,0,0,0
JD_12465889,2021-02-28,2,2,0,0,0,0,0
JD_12465888,2021-02-28,226,185,65,0,1,4,0
JD_12465887,2021-02-28,727,594,146,1,2,1,2
JD_12465886,2021-02-28,160,121,57,0,1,2,2
