JD_11428499,2021-02-28,17,9,17,0,0,0,0
JD_11428498,2021-02-28,0,0,0,0,0,0,0
JD_11428497,2021-02-28,0,0,0,0,0,0,0
JD_11428494,2021-02-28,0,0,0,0,0,0,0
JD_11428493,2021-02-28,1,1,0,0,0,0,0
JD_11428490,2021-02-28,45,34,22,0,0,0,0
JD_11428486,2021-02-28,7,6,6,0,0,0,0
JD_11428485,2021-02-28,0,0,0,0,0,0,0
JD_11428483,2021-02-28,45,20,42,0,0,0,0
JD_11428481,2021-02-28,8,1,8,0,0,0,0
JD_11428480,2021-02-28,0,0,0,0,0,0,0
JD_11428478,2021-02-28,0,0,0,0,0,0,0
JD_11428470,2021-02-28,2,2,0,0,0,0,0
JD_11428468,2021-02-28,14,13,2,0,0,0,0
JD_11428466,2021-02-28,1,1,0,0,0,0,0
JD_11428465,2021-02-28,5,5,3,0,0,0,0
JD_11428463,2021-02-28,16,12,8,0,0,0,0
JD_11428460,2021-02-28,49,32,43,0,0,0,0
JD_11428458,2021-02-28,11,7,5,0,0,0,0
JD_11428457,2021-02-28,0,0,0,0,0,0,0
JD_11428455,2021-02-28,2,2,2,0,0,0,0
JD_11428454,2021-02-28,12,7,6,0,1,0,0
JD_11428453,2021-02-28,1,1,1,0,0,0,0
JD_11428450,2021-02-28,6,4,5,1,0,0,0
JD_11428449,2021-02-28,0,0,0,0,0,0,0
JD_11428448,2021-02-28,2,1,2,0,0,0,0
JD_11428446,2021-02-28,0,0,0,0,0,0,0
JD_11428441,2021-02-28,0,0,0,0,0,0,0
JD_11428437,2021-02-28,47,11,46,1,0,1,0
JD_11428433,2021-02-28,1,0,1,0,0,0,0
JD_11428432,2021-02-28,156,113,77,0,1,0,2
JD_11428430,2021-02-28,0,0,0,0,0,0,0
JD_11428428,2021-02-28,0,0,0,0,0,0,0
JD_11428425,2021-02-28,3,3,1,0,0,0,0
JD_11428423,2021-02-28,2,2,2,0,0,0,0
JD_11428420,2021-02-28,216,135,166,1,0,0,1
JD_11428419,2021-02-28,12121,625,11557,307,120,1,3
JD_11428418,2021-02-28,8,0,8,0,0,0,0
JD_11428417,2021-02-28,1,1,1,0,0,0,0
JD_11428416,2021-02-28,437,240,320,5,2,0,0
JD_11428415,2021-02-28,19,2,16,1,1,0,0
JD_11428414,2021-02-28,141,102,81,0,0,0,0
JD_11428413,2021-02-28,51,0,49,1,1,0,0
JD_11428412,2021-02-28,13,8,8,0,0,0,0
JD_11428409,2021-02-28,17,3,17,0,0,0,0
JD_11428408,2021-02-28,30393,25073,11618,16,10,15,37
JD_11428407,2021-02-28,37026,30956,9001,17,13,19,41
JD_11428406,2021-02-28,1702,46,1664,27,6,0,1
JD_11428404,2021-02-28,604,0,597,7,0,0,0
JD_11428397,2021-02-28,255,0,254,1,0,0,1
JD_11428396,2021-02-28,131,0,129,2,0,0,0
JD_11428395,2021-02-28,507,283,351,3,4,0,0
JD_11428394,2021-02-28,503,0,498,5,0,0,0
JD_11428393,2021-02-28,122,0,122,0,0,0,0
JD_11428392,2021-02-28,145,0,143,2,0,0,0
JD_11428389,2021-02-28,142,0,139,3,0,0,0
JD_11428388,2021-02-28,107,0,106,1,0,0,0
JD_11428387,2021-02-28,83,39,83,0,0,0,1
JD_11428386,2021-02-28,69,5,66,3,0,0,0
JD_11428384,2021-02-28,330,40,325,5,0,0,0
JD_11428383,2021-02-28,55,23,49,0,0,0,0
JD_11428382,2021-02-28,181,137,182,0,0,1,0
JD_11428378,2021-02-28,138,99,138,0,0,0,0
JD_11428365,2021-02-28,8,4,6,0,0,0,0
JD_11428363,2021-02-28,15,9,9,0,0,0,0
JD_11428362,2021-02-28,1497,494,1469,14,9,0,1
JD_11428360,2021-02-28,846,211,833,12,1,0,1
JD_11428359,2021-02-28,410,110,392,8,1,0,0
JD_11428358,2021-02-28,360,51,355,5,0,0,1
JD_11428357,2021-02-28,176,48,172,4,0,0,0
