JD_11622426,2021-02-28,5,2,5,0,0,0,0
JD_11622425,2021-02-28,8,5,4,1,0,0,0
JD_11622424,2021-02-28,29,11,24,0,2,0,0
JD_11622423,2021-02-28,0,0,0,0,0,0,0
JD_11622422,2021-02-28,21,14,12,0,0,0,0
JD_11622421,2021-02-28,97,57,62,1,0,0,0
JD_11622420,2021-02-28,20,16,12,0,0,0,0
JD_11622418,2021-02-28,2,1,1,0,0,0,0
JD_11622416,2021-02-28,0,0,0,0,0,0,0
JD_11622415,2021-02-28,565,362,326,5,1,0,1
JD_11622414,2021-02-28,26,14,18,1,0,0,0
JD_11622413,2021-02-28,45,25,30,0,0,0,0
JD_11622412,2021-02-28,1168,488,1009,7,1,0,4
JD_11622411,2021-02-28,1853,1150,1298,22,10,0,2
JD_11622410,2021-02-28,1,0,1,0,0,0,0
JD_11622409,2021-02-28,190,128,133,0,0,0,0
JD_11622408,2021-02-28,89,27,82,1,0,0,0
JD_11622407,2021-02-28,47,36,30,0,0,0,0
JD_11622406,2021-02-28,0,0,0,0,0,0,0
JD_11622405,2021-02-28,2,0,2,0,0,0,0
JD_11622404,2021-02-28,0,0,0,0,0,0,0
JD_11622403,2021-02-28,1,0,1,0,0,0,0
JD_11622402,2021-02-28,0,0,0,0,0,0,0
JD_11622401,2021-02-28,0,0,0,0,0,0,0
JD_11622400,2021-02-28,1,0,1,0,0,0,0
JD_11622399,2021-02-28,0,0,0,0,0,0,0
JD_11622398,2021-02-28,1,0,1,0,0,0,0
JD_11622397,2021-02-28,0,0,0,0,0,0,0
JD_11622396,2021-02-28,2,2,2,0,0,0,0
JD_11622395,2021-02-28,0,0,0,0,0,0,0
JD_11622394,2021-02-28,535,350,329,2,2,0,1
JD_11622393,2021-02-28,2,1,2,0,0,0,0
JD_11622392,2021-02-28,1,0,1,0,0,0,0
JD_11622391,2021-02-28,1,0,1,0,0,0,0
JD_11622390,2021-02-28,2,0,2,0,0,0,0
JD_11622389,2021-02-28,1,0,1,0,0,0,0
JD_11622388,2021-02-28,0,0,0,0,0,0,0
JD_11622387,2021-02-28,0,0,0,0,0,0,0
JD_11622386,2021-02-28,1,0,1,0,0,0,0
JD_11622385,2021-02-28,0,0,0,0,0,0,0
JD_11622131,2021-02-28,232,125,166,0,1,0,2
JD_11622130,2021-02-28,9,0,8,1,0,0,0
JD_11622129,2021-02-28,6,6,2,0,0,0,0
JD_11622127,2021-02-28,160,110,132,0,0,1,0
JD_11622125,2021-02-28,16,0,16,0,0,0,0
JD_11622124,2021-02-28,35,0,33,2,0,0,0
JD_11622123,2021-02-28,48,0,47,1,0,0,0
JD_11622120,2021-02-28,15,9,9,0,0,0,0
JD_11622118,2021-02-28,11,0,11,0,0,0,0
JD_11622117,2021-02-28,20,14,14,0,0,0,0
JD_11622116,2021-02-28,28,15,22,1,0,0,0
JD_11622115,2021-02-28,129,90,67,1,0,0,1
JD_11622112,2021-02-28,75,54,42,1,0,0,0
JD_11622111,2021-02-28,157,111,89,2,0,0,0
JD_11622110,2021-02-28,127,87,77,0,0,0,0
JD_11622109,2021-02-28,56,43,46,1,0,0,0
JD_11622108,2021-02-28,314,219,254,3,0,1,1
JD_11622107,2021-02-28,86,59,51,0,0,0,0
JD_11622106,2021-02-28,102,76,49,0,0,0,0
JD_11622105,2021-02-28,33,22,14,1,0,0,0
JD_11622104,2021-02-28,242,176,99,1,1,0,1
JD_11622103,2021-02-28,99,67,54,0,0,0,0
JD_11622100,2021-02-28,5,3,5,0,0,0,0
JD_11622099,2021-02-28,109,70,60,1,3,0,1
JD_11622098,2021-02-28,5,2,4,0,0,0,0
JD_11622096,2021-02-28,3,0,1,1,1,0,0
JD_11622095,2021-02-28,2,2,0,0,0,0,0
JD_11622094,2021-02-28,270,206,134,1,0,0,0
JD_11622093,2021-02-28,1,0,1,0,0,0,0
JD_11622092,2021-02-28,6,1,6,0,0,0,0
