JD_12491255,2021-02-28,0,0,0,0,0,0,0
JD_12491254,2021-02-28,24,19,6,0,0,0,0
JD_12491253,2021-02-28,3,3,0,0,0,0,0
JD_12491252,2021-02-28,13,12,3,0,0,0,0
JD_12491251,2021-02-28,42,39,3,0,0,0,0
JD_12491250,2021-02-28,18,14,4,0,0,0,0
JD_12491249,2021-02-28,1,1,0,0,0,0,0
JD_12491248,2021-02-28,4,3,1,0,0,0,0
JD_12491247,2021-02-28,3,3,0,0,0,0,0
JD_12491246,2021-02-28,32,26,6,0,0,0,0
JD_12491245,2021-02-28,8,6,2,0,0,0,0
JD_12491244,2021-02-28,8,7,2,0,0,0,0
JD_12491243,2021-02-28,607,557,69,0,0,0,1
JD_12491242,2021-02-28,37,35,3,0,0,0,0
JD_12491241,2021-02-28,595,533,80,1,0,1,0
JD_12491240,2021-02-28,0,0,0,0,0,0,0
JD_12491239,2021-02-28,19,12,7,0,0,0,0
JD_12491238,2021-02-28,2,2,1,0,0,0,0
JD_12491237,2021-02-28,3,3,0,0,0,0,0
JD_12491236,2021-02-28,52,46,5,1,0,0,0
JD_12491235,2021-02-28,243,211,32,0,0,0,0
JD_12491234,2021-02-28,18,12,6,0,0,0,0
JD_12491233,2021-02-28,0,0,0,0,0,0,0
JD_12491232,2021-02-28,3,1,2,0,0,0,0
JD_12491231,2021-02-28,272,237,35,0,0,1,0
JD_12491230,2021-02-28,356,319,57,1,2,0,1
JD_12491229,2021-02-28,360,309,51,1,0,2,2
JD_12491228,2021-02-28,117,85,47,0,0,1,0
JD_12491227,2021-02-28,12,11,1,0,0,0,0
JD_12491226,2021-02-28,59,47,11,1,0,0,0
JD_12491225,2021-02-28,21,18,3,0,0,0,0
JD_12491224,2021-02-28,192,140,51,0,1,0,0
JD_12491223,2021-02-28,6,4,3,0,0,0,0
JD_12491222,2021-02-28,0,0,0,0,0,0,0
JD_12491221,2021-02-28,15,10,6,0,0,0,0
JD_12491220,2021-02-28,3,3,1,0,0,0,0
JD_12491219,2021-02-28,17,12,4,1,0,0,0
JD_12491218,2021-02-28,934,782,176,0,0,1,2
JD_12491217,2021-02-28,201,167,36,0,0,0,0
JD_12491216,2021-02-28,856,734,200,1,0,0,1
JD_12491215,2021-02-28,4,2,2,0,0,0,0
JD_12491214,2021-02-28,168,123,45,0,0,0,0
JD_12491213,2021-02-28,4,4,0,0,0,0,0
JD_12491211,2021-02-28,8,8,0,0,0,0,0
JD_12491210,2021-02-28,4,2,2,0,0,0,0
JD_12491209,2021-02-28,1,1,0,0,0,0,0
JD_12491208,2021-02-28,1,1,0,0,0,0,0
JD_12491047,2021-02-28,235,200,35,0,0,1,0
JD_12491046,2021-02-28,181,120,62,4,0,0,2
JD_12491044,2021-02-28,297,239,101,1,0,0,0
JD_12491043,2021-02-28,24,23,1,0,0,0,0
JD_12491042,2021-02-28,40,24,38,0,0,0,0
JD_12491040,2021-02-28,48,42,22,0,0,0,0
JD_12491038,2021-02-28,150,104,112,0,0,1,0
JD_12491036,2021-02-28,26,23,6,0,0,0,0
JD_12491035,2021-02-28,6,5,1,0,0,0,0
JD_12491034,2021-02-28,228,185,71,0,0,0,1
JD_12491033,2021-02-28,19,15,4,0,0,0,0
JD_12491032,2021-02-28,2280,1870,501,2,1,4,4
JD_12491030,2021-02-28,43,34,9,0,0,0,0
JD_12491029,2021-02-28,215,127,88,0,0,0,0
JD_12491027,2021-02-28,289,174,114,1,0,0,1
JD_12491026,2021-02-28,2645,2004,2284,6,4,42,8
JD_12491025,2021-02-28,117,102,15,0,0,1,0
JD_12491024,2021-02-28,43,32,36,1,0,0,0
JD_12491023,2021-02-28,61,54,7,0,0,1,0
JD_12491022,2021-02-28,7,7,1,0,0,0,0
JD_12491021,2021-02-28,212,176,37,0,0,0,0
JD_12491020,2021-02-28,7,5,2,1,0,0,0
JD_12491019,2021-02-28,0,0,0,0,0,0,0
