JD_12599243,2021-02-28,2,2,0,0,0,0,0
JD_12599242,2021-02-28,129,97,32,0,0,0,0
JD_12599241,2021-02-28,72,44,28,0,0,0,0
JD_12599240,2021-02-28,81,67,14,0,0,0,0
JD_12599239,2021-02-28,69,41,28,0,0,0,0
JD_12599238,2021-02-28,180,124,56,0,0,0,1
JD_12599237,2021-02-28,72,44,28,0,0,0,0
JD_12599236,2021-02-28,11,10,1,0,0,0,0
JD_12599235,2021-02-28,0,0,0,0,0,0,0
JD_12599234,2021-02-28,138,126,12,0,0,0,0
JD_12599233,2021-02-28,314,254,58,1,1,0,0
JD_12599232,2021-02-28,128,97,31,0,0,0,0
JD_12599231,2021-02-28,3,2,1,0,0,0,0
JD_12599230,2021-02-28,0,0,0,0,0,0,0
JD_12599229,2021-02-28,98,91,7,0,0,0,0
JD_12599228,2021-02-28,4,3,1,0,0,0,0
JD_12599227,2021-02-28,285,226,59,0,0,0,1
JD_12599226,2021-02-28,34,28,6,0,0,0,0
JD_12599225,2021-02-28,238,162,75,1,0,0,0
JD_12599224,2021-02-28,0,0,0,0,0,0,0
JD_12599223,2021-02-28,115,105,10,0,0,0,0
JD_12599222,2021-02-28,9,8,1,0,0,0,0
JD_12599221,2021-02-28,29,22,7,0,0,0,0
JD_12599220,2021-02-28,0,0,0,0,0,0,0
JD_12599219,2021-02-28,1294,1195,99,0,0,0,0
JD_12599218,2021-02-28,0,0,0,0,0,0,0
JD_12599217,2021-02-28,32,22,9,1,0,0,0
JD_12599216,2021-02-28,5,5,0,0,0,0,0
JD_12599215,2021-02-28,81,73,8,0,0,0,0
JD_12599214,2021-02-28,10,8,2,0,0,0,0
JD_12599213,2021-02-28,1,1,0,0,0,0,0
JD_12599212,2021-02-28,6,6,0,0,0,0,0
JD_12599211,2021-02-28,38,36,2,0,0,0,0
JD_12599210,2021-02-28,7,7,0,0,0,0,0
JD_12599209,2021-02-28,30,27,3,0,0,0,0
JD_12599208,2021-02-28,3155,2515,637,2,1,0,10
JD_12599207,2021-02-28,22,19,3,0,0,0,0
JD_12599206,2021-02-28,0,0,0,0,0,0,0
JD_12599205,2021-02-28,38,35,3,0,0,0,0
JD_12599204,2021-02-28,108,88,20,0,0,0,0
JD_12599203,2021-02-28,9,9,0,0,0,0,0
JD_12599202,2021-02-28,10,9,1,0,0,1,0
JD_12599201,2021-02-28,10,9,1,0,0,0,0
JD_12599200,2021-02-28,0,0,0,0,0,0,0
JD_12599199,2021-02-28,4,4,0,0,0,0,0
JD_12599198,2021-02-28,0,0,0,0,0,0,0
JD_12599197,2021-02-28,1,1,0,0,0,0,0
JD_12599196,2021-02-28,5,4,1,0,0,0,0
JD_12599195,2021-02-28,9,8,1,0,0,0,0
JD_12599194,2021-02-28,0,0,0,0,0,0,0
JD_12599193,2021-02-28,2,1,1,0,0,0,0
JD_12599192,2021-02-28,0,0,0,0,0,0,0
JD_12599191,2021-02-28,111,95,16,0,0,0,0
JD_12599190,2021-02-28,14,11,3,0,0,0,0
JD_12599189,2021-02-28,50,42,8,0,0,0,0
JD_12599188,2021-02-28,0,0,0,0,0,0,0
JD_12599187,2021-02-28,48,42,6,0,0,0,0
JD_12599186,2021-02-28,0,0,0,0,0,0,0
JD_12599185,2021-02-28,38,35,3,0,0,0,0
JD_12599184,2021-02-28,456,389,67,0,0,1,0
JD_12599183,2021-02-28,6,5,1,0,0,0,0
JD_12599182,2021-02-28,102,90,12,0,0,0,0
JD_12599181,2021-02-28,2,1,1,0,0,0,0
JD_12599180,2021-02-28,218,175,43,0,0,0,1
JD_12599179,2021-02-28,42,36,6,0,0,0,0
JD_12599178,2021-02-28,47,36,11,0,0,0,0
JD_12599177,2021-02-28,66,57,9,0,0,0,0
JD_12599176,2021-02-28,180,150,30,0,0,0,2
JD_12599175,2021-02-28,1,1,0,0,0,0,0
JD_12599174,2021-02-28,192,156,33,2,1,1,2
