JD_11646351,2021-02-28,62,0,61,0,1,0,0
JD_11646350,2021-02-28,88,67,54,0,0,0,0
JD_11646349,2021-02-28,1437,1073,1063,5,2,3,3
JD_11646348,2021-02-28,4,1,3,0,0,0,0
JD_11646347,2021-02-28,52,39,22,0,2,0,0
JD_11646345,2021-02-28,2,0,2,0,0,0,0
JD_11646344,2021-02-28,8,6,7,0,0,0,0
JD_11646343,2021-02-28,24,19,15,0,0,0,0
JD_11646342,2021-02-28,2,0,2,0,0,0,0
JD_11646340,2021-02-28,596,231,585,6,4,1,2
JD_11646339,2021-02-28,219,5,213,4,0,0,1
JD_11646338,2021-02-28,6,4,3,0,0,0,0
JD_11646337,2021-02-28,53,31,33,0,1,0,0
JD_11646336,2021-02-28,5,1,5,0,0,0,0
JD_11646335,2021-02-28,26,18,12,1,0,0,0
JD_11646333,2021-02-28,3,3,3,0,0,0,0
JD_11646332,2021-02-28,86,42,63,0,0,0,0
JD_11646331,2021-02-28,90,42,74,1,0,0,1
JD_11646330,2021-02-28,40,0,38,1,1,0,0
JD_11646329,2021-02-28,30,25,9,0,0,0,0
JD_11646327,2021-02-28,6,5,2,0,0,0,0
JD_11646326,2021-02-28,168,79,128,2,1,1,3
JD_11646325,2021-02-28,276,12,269,5,1,0,3
JD_11646324,2021-02-28,34,1,32,2,0,0,0
JD_11646323,2021-02-28,1,0,1,0,0,0,0
JD_11646319,2021-02-28,0,0,0,0,0,0,0
JD_11646314,2021-02-28,2,2,1,0,0,0,0
JD_11646313,2021-02-28,14,11,9,0,0,0,0
JD_11646311,2021-02-28,182,56,181,1,0,0,0
JD_11646057,2021-02-28,7,3,7,0,0,0,0
JD_11646056,2021-02-28,3,0,3,0,0,0,0
JD_11646055,2021-02-28,12,1,11,0,0,0,0
JD_11646054,2021-02-28,4,0,4,0,0,0,0
JD_11646053,2021-02-28,9,2,7,1,0,0,0
JD_11646052,2021-02-28,9,2,9,0,0,0,0
JD_11646051,2021-02-28,18,9,16,0,0,0,0
JD_11646050,2021-02-28,8,2,8,0,0,0,0
JD_11646049,2021-02-28,3,0,3,0,0,0,0
JD_11646048,2021-02-28,10,4,10,0,0,0,0
JD_11646047,2021-02-28,10,8,4,0,0,0,0
JD_11646046,2021-02-28,6,5,3,0,0,0,0
JD_11646045,2021-02-28,47,29,34,0,1,0,1
JD_11646044,2021-02-28,31,0,30,1,0,0,0
JD_11646043,2021-02-28,0,0,0,0,0,0,0
JD_11646041,2021-02-28,28,14,19,1,0,0,0
JD_11646040,2021-02-28,13,10,5,0,0,0,0
JD_11646039,2021-02-28,12,9,10,0,0,0,0
JD_11646038,2021-02-28,34,18,21,1,0,0,0
JD_11646037,2021-02-28,5,4,4,0,0,0,0
JD_11646036,2021-02-28,20,20,2,0,0,0,0
JD_11646035,2021-02-28,12,4,10,0,0,0,0
JD_11646034,2021-02-28,0,0,0,0,0,0,0
JD_11646033,2021-02-28,33,27,14,0,2,0,0
JD_11646032,2021-02-28,62,35,55,1,0,0,0
JD_11646031,2021-02-28,1,1,0,0,0,0,0
JD_11646029,2021-02-28,9,8,7,0,0,0,0
JD_11646028,2021-02-28,20,13,10,0,0,0,0
JD_11646027,2021-02-28,1,0,1,0,0,0,1
JD_11646025,2021-02-28,2,2,0,0,0,0,0
JD_11646024,2021-02-28,0,0,0,0,0,0,0
JD_11646023,2021-02-28,1,1,0,0,0,0,0
JD_11646022,2021-02-28,1,1,1,0,0,0,0
JD_11646021,2021-02-28,1,1,0,0,0,0,0
JD_11646020,2021-02-28,0,0,0,0,0,0,0
JD_11646019,2021-02-28,1,1,0,0,0,0,0
JD_11646018,2021-02-28,0,0,0,0,0,0,0
JD_11646017,2021-02-28,7,4,4,0,0,0,0
JD_11646016,2021-02-28,5,4,5,0,0,0,1
JD_11646015,2021-02-28,5,5,3,0,0,0,0
JD_11646014,2021-02-28,1,1,1,0,0,0,0
