JD_11540320,2021-02-28,141,78,109,4,0,0,1
JD_11540319,2021-02-28,3,3,0,0,0,0,0
JD_11540318,2021-02-28,1004,416,851,8,5,1,4
JD_11540317,2021-02-28,39,30,23,0,0,0,0
JD_11540316,2021-02-28,1630,614,1380,11,5,2,0
JD_11540315,2021-02-28,30,12,24,0,2,0,0
JD_11540312,2021-02-28,5,2,3,0,0,0,0
JD_11540311,2021-02-28,20,14,13,0,0,0,0
JD_11540310,2021-02-28,17,11,9,0,0,0,0
JD_11540306,2021-02-28,17,16,5,0,0,0,0
JD_11540304,2021-02-28,24,17,16,0,0,0,0
JD_11540303,2021-02-28,4,0,4,0,0,0,0
JD_11540302,2021-02-28,2,0,2,0,0,0,0
JD_11540301,2021-02-28,5,2,5,0,0,0,0
JD_11540299,2021-02-28,20,14,10,0,0,0,0
JD_11540298,2021-02-28,0,0,0,0,0,0,0
JD_11540296,2021-02-28,42,19,31,1,0,0,0
JD_11540295,2021-02-28,11,9,3,0,0,0,0
JD_11540293,2021-02-28,40,32,19,0,0,0,0
JD_11540292,2021-02-28,18,16,8,0,0,0,0
JD_11540291,2021-02-28,15,13,4,0,0,0,0
JD_11540290,2021-02-28,19,12,12,0,0,0,0
JD_11540289,2021-02-28,7,3,5,0,0,0,0
JD_11540288,2021-02-28,18,12,8,0,0,0,1
JD_11540286,2021-02-28,2,1,2,0,0,0,0
JD_11540285,2021-02-28,1,0,1,0,0,0,0
JD_11540284,2021-02-28,7,3,6,0,0,0,0
JD_11540283,2021-02-28,3,0,3,0,0,0,0
JD_11540282,2021-02-28,8,7,2,0,0,0,0
JD_11540280,2021-02-28,17,8,16,0,0,1,0
JD_11540279,2021-02-28,1,1,0,0,0,0,0
JD_11540278,2021-02-28,1,0,1,0,0,0,0
JD_11540276,2021-02-28,16,13,9,0,0,0,0
JD_11540275,2021-02-28,14,11,6,0,0,0,0
JD_11540274,2021-02-28,0,0,0,0,0,0,0
JD_11540272,2021-02-28,3,3,2,0,0,0,0
JD_11540271,2021-02-28,0,0,0,0,0,0,0
JD_11540270,2021-02-28,0,0,0,0,0,0,0
JD_11540269,2021-02-28,10,6,5,0,0,0,0
JD_11540268,2021-02-28,1,0,1,0,0,0,0
JD_11540267,2021-02-28,0,0,0,0,0,0,0
JD_11540266,2021-02-28,2,0,2,0,0,0,0
JD_11540265,2021-02-28,2,1,2,0,0,0,0
JD_11540264,2021-02-28,2,2,0,0,0,0,0
JD_11540263,2021-02-28,1,0,1,0,0,0,0
JD_11540262,2021-02-28,2,2,0,0,0,0,0
JD_11540261,2021-02-28,18,17,6,0,0,0,0
JD_11540260,2021-02-28,0,0,0,0,0,0,0
JD_11540259,2021-02-28,0,0,0,0,0,0,0
JD_11540258,2021-02-28,36,25,22,1,0,0,0
JD_11540257,2021-02-28,13,10,7,0,0,0,0
JD_11540256,2021-02-28,7,4,3,0,0,0,0
JD_11540255,2021-02-28,5,3,2,0,0,0,0
JD_11540253,2021-02-28,16,12,5,0,0,0,0
JD_11540252,2021-02-28,40,29,25,1,0,0,0
JD_11540250,2021-02-28,11,10,2,0,0,0,0
JD_11540249,2021-02-28,34,23,18,0,0,0,0
JD_11540248,2021-02-28,3,3,2,0,0,0,0
JD_11540247,2021-02-28,3,2,1,0,0,0,0
JD_11540245,2021-02-28,0,0,0,0,0,0,0
JD_11540244,2021-02-28,6,4,6,0,0,0,0
JD_11540243,2021-02-28,0,0,0,0,0,0,0
JD_11540242,2021-02-28,7,4,4,0,0,0,0
JD_11540241,2021-02-28,3,1,3,0,0,0,0
JD_11540239,2021-02-28,0,0,0,0,0,0,0
JD_11540238,2021-02-28,18,15,14,1,0,0,0
JD_11540237,2021-02-28,7,4,3,0,0,0,0
JD_11540235,2021-02-28,5,4,1,1,0,0,0
JD_11540233,2021-02-28,0,0,0,0,0,0,0
JD_11540232,2021-02-28,51,32,45,1,0,0,0
