JD_11506154,2021-02-28,13,2,12,0,0,0,0
JD_11506153,2021-02-28,0,0,0,0,0,0,0
JD_11506152,2021-02-28,15,0,15,0,0,0,0
JD_11506151,2021-02-28,15,8,11,0,0,0,0
JD_11506150,2021-02-28,36,25,36,0,0,0,0
JD_11506147,2021-02-28,252,185,199,0,2,0,1
JD_11506146,2021-02-28,4,1,4,0,0,0,0
JD_11506145,2021-02-28,394,269,287,2,2,0,1
JD_11506144,2021-02-28,73,39,70,1,0,0,1
JD_11506143,2021-02-28,178,103,163,1,0,0,0
JD_11506142,2021-02-28,462,303,246,2,0,1,1
JD_11506141,2021-02-28,57,23,52,2,0,0,0
JD_11506140,2021-02-28,4,3,3,0,0,0,0
JD_11506139,2021-02-28,358,134,302,5,3,0,0
JD_11506138,2021-02-28,5,3,3,0,0,0,1
JD_11506137,2021-02-28,56,27,41,0,1,0,0
JD_11506136,2021-02-28,269,125,231,2,0,0,0
JD_11506135,2021-02-28,61,27,58,2,0,0,0
JD_11506132,2021-02-28,156,114,90,0,0,0,0
JD_11506131,2021-02-28,323,102,298,3,1,1,0
JD_11506130,2021-02-28,240,76,219,1,3,0,0
JD_11506129,2021-02-28,112,65,77,1,0,0,0
JD_11506128,2021-02-28,641,389,526,4,0,0,2
JD_11506127,2021-02-28,4,4,2,0,0,0,0
JD_11506126,2021-02-28,0,0,0,0,0,0,0
JD_11506125,2021-02-28,570,426,568,2,0,0,3
JD_11506124,2021-02-28,6,3,4,0,0,0,0
JD_11506123,2021-02-28,1434,933,953,0,1,7,14
JD_11506122,2021-02-28,347,192,346,1,0,1,7
JD_11506121,2021-02-28,410,253,294,0,0,2,2
JD_11506120,2021-02-28,1,0,1,0,0,0,0
JD_11506118,2021-02-28,258,5,252,4,2,0,0
JD_11506117,2021-02-28,642,210,634,1,1,0,2
JD_11506115,2021-02-28,248,2,245,3,0,0,0
JD_11506114,2021-02-28,6,1,6,0,0,0,0
JD_11506113,2021-02-28,267,0,265,2,0,0,0
JD_11506112,2021-02-28,319,0,310,8,1,0,0
JD_11506111,2021-02-28,590,0,575,11,4,0,0
JD_11506110,2021-02-28,320,0,315,3,2,0,0
JD_11506109,2021-02-28,84,10,74,4,3,0,1
JD_11506108,2021-02-28,1325,665,1295,10,2,1,7
JD_11506106,2021-02-28,241,0,234,6,1,0,0
JD_11506105,2021-02-28,3825,2389,3657,22,7,6,7
JD_11506102,2021-02-28,177,77,175,2,0,0,0
JD_11506100,2021-02-28,4538,2473,4487,36,13,8,3
JD_11506098,2021-02-28,35,17,28,1,0,0,0
JD_11506097,2021-02-28,70,31,46,1,1,0,0
JD_11506096,2021-02-28,3,3,3,0,0,0,0
JD_11506095,2021-02-28,21,6,18,0,0,0,0
JD_11506094,2021-02-28,26,15,16,1,0,0,0
JD_11506093,2021-02-28,14,6,11,1,0,0,0
JD_11506092,2021-02-28,30,16,19,0,0,0,0
JD_11506091,2021-02-28,10,8,5,0,0,0,0
JD_11506089,2021-02-28,80,44,59,1,0,0,0
JD_11506088,2021-02-28,368,177,264,1,2,1,2
JD_11506087,2021-02-28,26,10,17,0,0,1,0
JD_11506086,2021-02-28,82,0,82,0,0,0,0
JD_11506085,2021-02-28,124,42,122,2,0,0,0
JD_11506084,2021-02-28,506,303,366,9,4,0,1
JD_11506083,2021-02-28,34,6,32,1,0,0,0
JD_11506082,2021-02-28,25,15,10,1,0,0,0
JD_11506081,2021-02-28,49,13,42,0,0,0,0
JD_11506080,2021-02-28,0,0,0,0,0,0,0
JD_11506079,2021-02-28,1,0,1,0,0,0,0
JD_11506078,2021-02-28,15,12,13,0,0,0,0
JD_11506077,2021-02-28,3,2,2,0,0,0,0
JD_11506076,2021-02-28,10,6,6,0,0,0,0
JD_11506075,2021-02-28,16,12,10,0,0,0,0
JD_11506074,2021-02-28,5,2,5,0,0,0,0
JD_11506073,2021-02-28,0,0,0,0,0,0,0
