JD_11420420,2021-02-28,23,14,14,0,0,0,0
JD_11420419,2021-02-28,37,24,32,0,0,0,0
JD_11420415,2021-02-28,9,5,8,0,0,0,0
JD_11420414,2021-02-28,29,6,23,0,0,0,0
JD_11420413,2021-02-28,15,12,4,0,0,0,0
JD_11420412,2021-02-28,15,11,8,0,0,0,0
JD_11420409,2021-02-28,3,1,2,0,0,0,0
JD_11420403,2021-02-28,25,0,23,2,0,0,0
JD_11420398,2021-02-28,11,1,11,0,0,0,0
JD_11420394,2021-02-28,2,1,2,0,0,0,0
JD_11420390,2021-02-28,0,0,0,0,0,0,0
JD_11420389,2021-02-28,1,0,1,0,0,0,0
JD_11420387,2021-02-28,36,24,22,0,0,0,0
JD_11420386,2021-02-28,3,2,3,0,0,0,0
JD_11420385,2021-02-28,4,1,4,0,0,0,0
JD_11420384,2021-02-28,1,0,1,0,0,0,0
JD_11420383,2021-02-28,3,0,3,0,0,0,0
JD_11420382,2021-02-28,0,0,0,0,0,0,0
JD_11420381,2021-02-28,13,11,3,0,0,0,0
JD_11420380,2021-02-28,20,0,19,0,1,0,0
JD_11420379,2021-02-28,21,1,20,1,0,0,0
JD_11420377,2021-02-28,14,0,12,2,0,0,0
JD_11420376,2021-02-28,13,0,13,0,0,0,0
JD_11420375,2021-02-28,4,0,4,0,0,0,0
JD_11420373,2021-02-28,5,1,4,0,1,0,0
JD_11420372,2021-02-28,3,1,2,1,0,0,0
JD_11420371,2021-02-28,83,53,47,1,0,0,0
JD_11420370,2021-02-28,10,0,10,0,0,0,0
JD_11420369,2021-02-28,27,21,10,0,1,0,1
JD_11420368,2021-02-28,4,1,4,0,0,0,0
JD_11420366,2021-02-28,0,0,0,0,0,0,0
JD_11420365,2021-02-28,1,1,0,0,0,0,0
JD_11420364,2021-02-28,1,1,0,0,0,0,0
JD_11420363,2021-02-28,4,1,4,0,0,0,0
JD_11420362,2021-02-28,7,1,5,1,0,0,0
JD_11420361,2021-02-28,1,0,1,0,0,0,0
JD_11420360,2021-02-28,4,0,4,0,0,0,0
JD_11420359,2021-02-28,5,2,2,1,0,0,0
JD_11420357,2021-02-28,5,0,5,0,0,0,0
JD_11420354,2021-02-28,5,0,4,0,1,0,0
JD_11420350,2021-02-28,39,23,27,0,1,0,1
JD_11420349,2021-02-28,7,0,7,0,0,0,0
JD_11420346,2021-02-28,165,68,159,5,1,0,2
JD_11420344,2021-02-28,135,82,89,4,0,1,0
JD_11420340,2021-02-28,55,3,54,1,0,0,0
JD_11420338,2021-02-28,700,502,380,8,1,0,0
JD_11420336,2021-02-28,3,2,1,0,0,0,0
JD_11420335,2021-02-28,1,0,1,0,0,0,0
JD_11420334,2021-02-28,50,1,46,3,1,0,1
JD_11420333,2021-02-28,531,88,482,11,1,0,0
JD_11420332,2021-02-28,25,14,25,0,0,0,0
JD_11420330,2021-02-28,34,22,22,0,0,0,0
JD_11420329,2021-02-28,6,2,4,0,1,0,0
JD_11420328,2021-02-28,7,2,4,1,0,0,0
JD_11420327,2021-02-28,2,1,2,0,0,0,0
JD_11420325,2021-02-28,3,0,3,0,0,0,0
JD_11420323,2021-02-28,6,2,6,0,0,0,0
JD_11420322,2021-02-28,23,0,22,1,0,0,0
JD_11420321,2021-02-28,14,4,13,0,0,0,1
JD_11420319,2021-02-28,0,0,0,0,0,0,0
JD_11420314,2021-02-28,16,12,12,0,0,0,0
JD_11420309,2021-02-28,39,21,32,0,0,0,0
JD_11420308,2021-02-28,165,117,97,2,0,0,1
JD_11420307,2021-02-28,0,0,0,0,0,0,0
JD_11420306,2021-02-28,12,7,12,0,0,0,0
JD_11420305,2021-02-28,0,0,0,0,0,0,0
JD_11420303,2021-02-28,70,51,49,0,0,0,0
JD_11420302,2021-02-28,33,21,25,0,0,0,0
JD_11420297,2021-02-28,5,3,2,0,0,0,0
JD_11420296,2021-02-28,139,102,121,1,0,0,0
