JD_12486917,2021-02-28,43,34,9,0,0,0,0
JD_12486916,2021-02-28,867,648,218,1,0,3,0
JD_12486915,2021-02-28,17,16,2,0,0,0,0
JD_12486914,2021-02-28,826,608,216,1,1,4,1
JD_12486913,2021-02-28,2,2,0,0,0,0,0
JD_12486912,2021-02-28,5447,4661,1028,4,2,8,7
JD_12486911,2021-02-28,18,15,3,0,0,0,0
JD_12486910,2021-02-28,16,13,3,0,0,0,0
JD_12486909,2021-02-28,12,9,3,0,0,0,0
JD_12486908,2021-02-28,83,71,22,0,0,0,0
JD_12486907,2021-02-28,38,32,6,0,0,0,0
JD_12486906,2021-02-28,23,19,4,0,0,0,0
JD_12486905,2021-02-28,8,5,3,0,0,0,0
JD_12486904,2021-02-28,17,15,3,0,0,0,0
JD_12486903,2021-02-28,2,2,0,0,0,0,0
JD_12486902,2021-02-28,30,25,9,0,0,0,0
JD_12486901,2021-02-28,2,2,0,0,0,0,0
JD_12486900,2021-02-28,807,613,193,1,0,4,2
JD_12486899,2021-02-28,26,19,7,0,0,0,0
JD_12486898,2021-02-28,0,0,0,0,0,0,0
JD_12486897,2021-02-28,105,91,16,0,0,0,1
JD_12486896,2021-02-28,26,22,3,1,0,0,0
JD_12486895,2021-02-28,23,18,5,0,0,0,0
JD_12486894,2021-02-28,111,93,34,0,0,0,0
JD_12486893,2021-02-28,11,9,2,0,0,0,0
JD_12486892,2021-02-28,396,318,333,2,1,0,0
JD_12486891,2021-02-28,19,18,1,0,0,0,0
JD_12486890,2021-02-28,1903,1706,321,5,1,0,3
JD_12486889,2021-02-28,2,2,0,0,0,0,0
JD_12483902,2021-02-28,69,56,24,1,0,0,0
JD_12483901,2021-02-28,5,4,2,0,0,0,0
JD_12483900,2021-02-28,5,5,1,0,0,0,0
JD_12483899,2021-02-28,10,8,2,0,0,0,0
JD_12483898,2021-02-28,7,7,1,0,0,0,0
JD_12483897,2021-02-28,5,5,0,0,0,0,0
JD_12483896,2021-02-28,5,4,1,0,0,0,0
JD_12483895,2021-02-28,5,5,1,0,0,0,0
JD_12483894,2021-02-28,335,273,86,0,1,0,2
JD_12483893,2021-02-28,7,6,1,0,0,0,0
JD_12483892,2021-02-28,67,53,15,0,0,0,1
JD_12483891,2021-02-28,24,20,4,0,0,0,0
JD_12483890,2021-02-28,38,30,12,0,0,0,0
JD_12483889,2021-02-28,10,8,1,1,0,0,0
JD_12483888,2021-02-28,18,13,5,0,0,0,0
JD_12483887,2021-02-28,5,3,2,0,0,0,0
JD_12483886,2021-02-28,10,8,2,0,0,0,0
JD_12483885,2021-02-28,2,2,0,0,0,0,0
JD_12483884,2021-02-28,121,99,31,0,0,1,0
JD_12483883,2021-02-28,83,69,14,1,0,0,0
JD_12483882,2021-02-28,660,562,150,1,0,0,1
JD_12483881,2021-02-28,37,28,14,0,0,0,0
JD_12483880,2021-02-28,23,18,6,0,0,0,0
JD_12483879,2021-02-28,166,144,25,0,0,0,0
JD_12483878,2021-02-28,21615,18399,4142,18,12,7,13
JD_12483877,2021-02-28,20,16,5,0,0,0,0
JD_12483876,2021-02-28,4833,4024,1102,12,5,2,6
JD_12483875,2021-02-28,3,2,1,0,0,0,0
JD_12483874,2021-02-28,230,173,85,0,0,1,2
JD_12483873,2021-02-28,9,7,1,1,0,0,0
JD_12483872,2021-02-28,82,69,19,0,0,0,0
JD_12483871,2021-02-28,16,15,1,0,0,0,0
JD_12483870,2021-02-28,23,12,13,0,0,0,0
JD_12483868,2021-02-28,96,81,21,0,0,0,0
JD_12483867,2021-02-28,6,6,0,0,0,0,0
JD_12483866,2021-02-28,11,9,2,0,0,0,0
JD_12483865,2021-02-28,4,3,2,0,0,0,0
JD_12483864,2021-02-28,188,163,43,0,1,1,0
JD_12483863,2021-02-28,4,4,0,0,0,0,0
JD_12483862,2021-02-28,14,11,7,0,0,0,0
JD_12483861,2021-02-28,0,0,0,0,0,0,0
