JD_12113353,2021-02-28,3,3,0,0,0,0,0
JD_12113352,2021-02-28,152,115,92,0,0,0,0
JD_12113351,2021-02-28,5,4,5,0,0,0,0
JD_12113350,2021-02-28,198,153,195,1,0,0,1
JD_12113349,2021-02-28,657,568,391,1,1,0,0
JD_12113348,2021-02-28,1007,634,808,8,2,0,6
JD_12113347,2021-02-28,903,784,438,1,0,0,2
JD_12113346,2021-02-28,794,624,505,0,0,0,2
JD_12113345,2021-02-28,15,11,8,0,0,0,0
JD_12113344,2021-02-28,50,33,45,0,0,0,0
JD_12113343,2021-02-28,249,212,136,0,2,0,0
JD_12113342,2021-02-28,636,494,575,0,0,2,0
JD_12113341,2021-02-28,171,132,88,2,0,0,1
JD_12113340,2021-02-28,1241,1030,594,0,0,0,1
JD_12113339,2021-02-28,124,99,113,0,0,0,0
JD_12113337,2021-02-28,6,5,3,0,0,0,0
JD_12113336,2021-02-28,56,47,22,0,0,0,0
JD_12113335,2021-02-28,346,271,158,1,1,0,0
JD_12113334,2021-02-28,1461,1124,937,6,8,4,2
JD_12113333,2021-02-28,59,46,39,0,0,0,0
JD_12113332,2021-02-28,1191,936,774,0,1,0,3
JD_12113330,2021-02-28,517,368,475,0,0,0,0
JD_12113329,2021-02-28,152,120,74,0,0,0,0
JD_12113328,2021-02-28,36,29,21,0,0,0,0
JD_12113326,2021-02-28,703,510,684,3,1,1,1
JD_12113325,2021-02-28,20,17,9,0,0,0,0
JD_12113324,2021-02-28,1,1,1,0,0,0,0
JD_12113323,2021-02-28,120,97,58,0,0,0,0
JD_12113322,2021-02-28,5,3,3,1,0,0,0
JD_12113321,2021-02-28,0,0,0,0,0,0,0
JD_12113320,2021-02-28,857,620,779,0,0,0,4
JD_12113319,2021-02-28,3395,2862,3068,7,4,4,3
JD_12113318,2021-02-28,1684,1271,1590,1,1,1,4
JD_12113317,2021-02-28,2410,2006,1689,4,6,1,3
JD_12113316,2021-02-28,0,0,0,0,0,0,0
JD_12113315,2021-02-28,253,192,109,2,3,0,1
JD_12113314,2021-02-28,6,5,4,0,0,0,0
JD_12113313,2021-02-28,17,9,14,0,0,0,0
JD_12113311,2021-02-28,115,94,68,0,0,0,0
JD_12113310,2021-02-28,6,4,3,0,0,0,0
JD_12113309,2021-02-28,5,4,2,0,0,0,0
JD_12113308,2021-02-28,187,155,131,0,1,0,2
JD_12113307,2021-02-28,79,70,30,0,0,0,0
JD_12113305,2021-02-28,477,403,216,0,0,1,3
JD_12113304,2021-02-28,134,59,131,1,2,0,2
JD_12113303,2021-02-28,1314,921,860,2,1,2,7
JD_12113302,2021-02-28,5,0,5,0,0,0,0
JD_12113301,2021-02-28,25,22,11,0,0,0,0
JD_12113300,2021-02-28,2,2,0,0,0,0,0
JD_12113299,2021-02-28,5,2,4,0,0,0,0
JD_12113298,2021-02-28,3,3,0,0,0,0,0
JD_12113150,2021-02-28,20,11,19,0,0,0,0
JD_12113149,2021-02-28,18,15,10,0,0,0,0
JD_12113148,2021-02-28,23,17,10,0,0,0,0
JD_12113147,2021-02-28,161,135,55,0,0,1,1
JD_12113146,2021-02-28,77,62,60,1,0,0,0
JD_12113145,2021-02-28,7,7,5,0,0,0,0
JD_12113144,2021-02-28,1,1,1,0,0,0,0
JD_12113142,2021-02-28,2,2,2,0,0,0,0
JD_12113141,2021-02-28,2,2,1,0,0,0,0
JD_12113140,2021-02-28,11,7,10,0,0,0,0
JD_12113139,2021-02-28,8,5,5,0,0,0,0
JD_12113138,2021-02-28,2,2,2,0,0,0,0
JD_12113137,2021-02-28,77,60,77,0,0,0,0
JD_12113136,2021-02-28,1,1,1,0,0,0,0
JD_12113135,2021-02-28,75,60,61,0,0,0,0
JD_12113134,2021-02-28,22,17,20,0,0,0,0
JD_12113133,2021-02-28,52,44,51,0,0,0,0
JD_12113132,2021-02-28,1,1,0,0,0,0,0
JD_12113130,2021-02-28,17,12,8,0,0,0,0
