JD_11480796,2021-02-28,26,5,25,0,1,0,0
JD_11480795,2021-02-28,38,6,37,1,0,0,0
JD_11480792,2021-02-28,151,1,147,2,2,0,0
JD_11480791,2021-02-28,17,1,16,1,0,0,0
JD_11480790,2021-02-28,57,44,48,0,0,0,0
JD_11480789,2021-02-28,111,0,107,3,1,0,0
JD_11480788,2021-02-28,12,6,7,0,0,0,0
JD_11480787,2021-02-28,3,2,2,0,0,0,0
JD_11480786,2021-02-28,5,3,2,0,0,0,0
JD_11480785,2021-02-28,33,2,30,1,1,0,0
JD_11480784,2021-02-28,127,68,90,2,0,0,0
JD_11480782,2021-02-28,15,9,8,0,0,0,0
JD_11480781,2021-02-28,5,3,3,0,0,0,0
JD_11480780,2021-02-28,10,5,8,0,0,0,0
JD_11480779,2021-02-28,21,6,18,0,0,0,0
JD_11480778,2021-02-28,273,123,271,1,1,0,2
JD_11480777,2021-02-28,2521,1717,1580,10,7,3,6
JD_11480776,2021-02-28,84,1,83,0,1,0,1
JD_11480775,2021-02-28,139,1,134,4,1,0,0
JD_11480774,2021-02-28,15,3,14,0,1,0,0
JD_11480773,2021-02-28,14,3,13,0,0,0,0
JD_11480769,2021-02-28,66,37,61,2,0,0,0
JD_11480768,2021-02-28,9,4,9,0,0,0,0
JD_11480755,2021-02-28,0,0,0,0,0,0,0
JD_11480754,2021-02-28,109,0,108,1,0,0,0
JD_11480753,2021-02-28,108,0,108,0,0,0,0
JD_11480750,2021-02-28,100,0,100,0,0,0,0
JD_11480749,2021-02-28,0,0,0,0,0,0,0
JD_11480744,2021-02-28,0,0,0,0,0,0,0
JD_11480742,2021-02-28,278,0,272,5,1,0,0
JD_11480740,2021-02-28,360,0,355,5,0,0,0
JD_11480739,2021-02-28,115,0,114,1,0,0,0
JD_11480738,2021-02-28,82,10,71,2,3,0,1
JD_11480737,2021-02-28,66,2,56,5,5,0,0
JD_11480736,2021-02-28,33,1,28,4,0,0,0
JD_11480735,2021-02-28,59,44,38,0,0,0,0
JD_11480732,2021-02-28,14,0,13,1,0,0,0
JD_11480731,2021-02-28,9,1,9,0,0,0,0
JD_11480730,2021-02-28,5,1,5,0,0,0,0
JD_11480729,2021-02-28,5,1,5,0,0,0,0
JD_11480728,2021-02-28,5,4,1,0,0,0,1
JD_11480727,2021-02-28,6,3,5,0,0,0,0
JD_11480726,2021-02-28,0,0,0,0,0,0,0
JD_11480725,2021-02-28,0,0,0,0,0,0,0
JD_11480724,2021-02-28,9,1,8,0,0,0,0
JD_11480723,2021-02-28,52,38,23,1,0,0,0
JD_11480722,2021-02-28,66,42,54,4,0,0,0
JD_11480721,2021-02-28,20,16,10,0,0,0,0
JD_11480720,2021-02-28,30,27,11,0,0,0,0
JD_11480719,2021-02-28,58,40,41,2,0,0,1
JD_11480718,2021-02-28,88,63,45,0,0,0,0
JD_11480717,2021-02-28,93,3,87,5,1,0,0
JD_11480716,2021-02-28,111,76,57,2,1,0,0
JD_11480715,2021-02-28,4,2,2,0,0,0,0
JD_11480714,2021-02-28,64,39,49,0,0,0,1
JD_11480712,2021-02-28,1605,1183,997,1,0,0,1
JD_11480711,2021-02-28,503,381,275,0,1,0,1
JD_11480710,2021-02-28,4470,3464,2924,4,4,0,4
JD_11480709,2021-02-28,4,1,3,0,0,0,0
JD_11480708,2021-02-28,1,1,1,0,0,0,0
JD_11480707,2021-02-28,3892,3020,2728,4,1,7,7
JD_11480706,2021-02-28,2321,1767,1371,2,0,0,6
JD_11480704,2021-02-28,7,4,6,1,0,0,0
JD_11480703,2021-02-28,3721,2859,2283,1,3,1,2
JD_11480702,2021-02-28,5,0,5,0,0,0,0
JD_11480701,2021-02-28,45,12,43,2,0,0,0
JD_11480700,2021-02-28,39,22,25,1,0,0,0
JD_11480699,2021-02-28,4,1,4,0,0,0,0
JD_11480698,2021-02-28,235,0,230,5,0,0,1
JD_11480697,2021-02-28,10,4,9,0,0,0,0
