JD_11483021,2021-02-28,0,0,0,0,0,0,0
JD_11483020,2021-02-28,29,0,27,2,0,0,0
JD_11483017,2021-02-28,1796,1176,1652,5,1,2,3
JD_11483016,2021-02-28,2527,1632,2168,6,1,0,6
JD_11483013,2021-02-28,0,0,0,0,0,0,0
JD_11483012,2021-02-28,0,0,0,0,0,0,0
JD_11483011,2021-02-28,2,1,2,0,0,0,0
JD_11483008,2021-02-28,0,0,0,0,0,0,0
JD_11483003,2021-02-28,238,177,156,0,1,0,0
JD_11483002,2021-02-28,93,35,75,0,0,0,0
JD_11482999,2021-02-28,79,61,55,2,0,0,0
JD_11482998,2021-02-28,272,196,152,1,1,0,0
JD_11482995,2021-02-28,61,23,60,1,0,0,0
JD_11482990,2021-02-28,196,0,182,8,6,0,0
JD_11482988,2021-02-28,5,2,4,1,0,0,0
JD_11482987,2021-02-28,2,2,0,0,0,0,0
JD_11482986,2021-02-28,10,5,9,0,0,0,0
JD_11482985,2021-02-28,1,1,0,0,0,0,0
JD_11482984,2021-02-28,5,3,3,0,0,0,0
JD_11482983,2021-02-28,0,0,0,0,0,0,0
JD_11482981,2021-02-28,7,7,4,0,0,0,0
JD_11482980,2021-02-28,264,180,178,1,0,0,1
JD_11482979,2021-02-28,10,10,4,0,0,0,0
JD_11482978,2021-02-28,141,85,86,3,0,0,0
JD_11482977,2021-02-28,12,1,11,0,0,0,0
JD_11482976,2021-02-28,20,2,17,1,1,0,0
JD_11482975,2021-02-28,9,1,6,2,0,0,0
JD_11482974,2021-02-28,14,6,12,0,0,0,0
JD_11482973,2021-02-28,20,9,15,0,0,0,0
JD_11482972,2021-02-28,3,3,1,0,0,0,0
JD_11482971,2021-02-28,9,5,6,0,0,0,0
JD_11482970,2021-02-28,4,1,4,0,0,0,0
JD_11482968,2021-02-28,9,3,8,0,0,0,0
JD_11482967,2021-02-28,2,2,0,0,0,0,0
JD_11482966,2021-02-28,0,0,0,0,0,0,0
JD_11482964,2021-02-28,10,4,10,0,0,0,0
JD_11482963,2021-02-28,10,4,9,0,0,0,0
JD_11482962,2021-02-28,2,0,2,0,0,0,0
JD_11482961,2021-02-28,1,1,0,0,0,0,0
JD_11482960,2021-02-28,15,0,14,1,0,0,0
JD_11482959,2021-02-28,47,21,40,0,0,0,0
JD_11482958,2021-02-28,11,3,10,0,0,0,0
JD_11482957,2021-02-28,5,2,5,0,0,0,0
JD_11482956,2021-02-28,6,3,5,0,0,0,0
JD_11482955,2021-02-28,4,4,3,0,0,0,0
JD_11482954,2021-02-28,0,0,0,0,0,0,0
JD_11482953,2021-02-28,3,3,2,0,0,0,0
JD_11482952,2021-02-28,4,0,4,0,0,0,0
JD_11482951,2021-02-28,202,147,110,1,0,0,2
JD_11482949,2021-02-28,1,0,1,0,0,0,0
JD_11482948,2021-02-28,7,7,1,0,0,0,0
JD_11482947,2021-02-28,16,10,8,0,0,0,0
JD_11482946,2021-02-28,215,141,135,0,0,1,0
JD_11482945,2021-02-28,54,20,54,0,0,0,1
JD_11482944,2021-02-28,104,69,55,0,1,1,0
JD_11482943,2021-02-28,442,332,385,2,1,1,0
JD_11482942,2021-02-28,107,66,70,0,0,2,0
JD_11482941,2021-02-28,248,48,244,2,2,0,1
JD_11482940,2021-02-28,89,55,55,0,1,0,0
JD_11482939,2021-02-28,186,75,184,1,1,0,0
JD_11482896,2021-02-28,874,409,755,3,3,0,4
JD_11482895,2021-02-28,2372,1571,2092,10,7,0,1
JD_11482894,2021-02-28,0,0,0,0,0,0,0
JD_11482893,2021-02-28,3,3,0,0,0,0,0
JD_11482892,2021-02-28,10,8,4,0,0,0,0
JD_11482890,2021-02-28,0,0,0,0,0,0,0
JD_11482887,2021-02-28,0,0,0,0,0,0,0
JD_11482886,2021-02-28,0,0,0,0,0,0,0
JD_11482885,2021-02-28,18,9,18,0,0,0,0
JD_11482884,2021-02-28,117,21,115,1,1,0,0
