JD_11451797,2021-02-28,11,2,11,0,0,0,0
JD_11451795,2021-02-28,114,26,107,3,0,0,0
JD_11451794,2021-02-28,27,4,25,1,0,0,0
JD_11451793,2021-02-28,24,12,24,0,0,0,0
JD_11451792,2021-02-28,96,30,89,2,0,0,0
JD_11451791,2021-02-28,83,26,83,0,0,0,0
JD_11451790,2021-02-28,199,43,193,4,2,0,0
JD_11451789,2021-02-28,58,20,56,1,0,0,0
JD_11451788,2021-02-28,19,5,19,0,0,0,0
JD_11451787,2021-02-28,24,3,24,0,0,0,0
JD_11451786,2021-02-28,4,3,3,0,0,0,0
JD_11451785,2021-02-28,5,2,5,0,0,0,0
JD_11451784,2021-02-28,105,40,103,1,0,0,0
JD_11451783,2021-02-28,16,11,8,0,0,0,0
JD_11451782,2021-02-28,7,5,5,0,0,0,0
JD_11451781,2021-02-28,141,77,93,1,1,1,0
JD_11451780,2021-02-28,112,72,77,1,0,1,1
JD_11451779,2021-02-28,33,18,23,0,0,0,0
JD_11451778,2021-02-28,4,0,4,0,0,0,0
JD_11451777,2021-02-28,60,55,16,0,0,0,0
JD_11451776,2021-02-28,2,2,2,0,0,0,0
JD_11451773,2021-02-28,174,118,106,4,0,0,1
JD_11451771,2021-02-28,2,2,0,0,0,0,0
JD_11451770,2021-02-28,4,2,3,0,0,0,0
JD_11451769,2021-02-28,2,1,1,0,1,0,0
JD_11451768,2021-02-28,22,8,18,0,0,0,0
JD_11451767,2021-02-28,3,1,3,0,0,0,0
JD_11451766,2021-02-28,27,18,17,1,0,0,1
JD_11451765,2021-02-28,3,3,2,0,0,0,0
JD_11451764,2021-02-28,65,40,65,0,0,0,0
JD_11451763,2021-02-28,15,7,11,0,0,0,0
JD_11451762,2021-02-28,29,15,27,0,0,0,0
JD_11451761,2021-02-28,2,0,2,0,0,0,0
JD_11451760,2021-02-28,21,18,5,0,0,0,0
JD_11451759,2021-02-28,52,36,26,0,0,0,1
JD_11451758,2021-02-28,8,8,2,0,0,0,0
JD_11451757,2021-02-28,3,3,1,0,0,0,0
JD_11451756,2021-02-28,7,5,3,0,0,0,0
JD_11451755,2021-02-28,24,17,23,0,0,0,0
JD_11451754,2021-02-28,1,1,0,0,0,0,0
JD_11451753,2021-02-28,6,5,3,0,0,0,0
JD_11451752,2021-02-28,55,39,28,0,0,0,0
JD_11451750,2021-02-28,1,0,1,0,0,0,0
JD_11451749,2021-02-28,57,36,55,0,0,0,0
JD_11451748,2021-02-28,629,509,269,0,0,0,2
JD_11451747,2021-02-28,41,23,31,1,0,0,0
JD_11451746,2021-02-28,31,11,31,0,0,0,1
JD_11451745,2021-02-28,44,31,43,0,0,0,0
JD_11451744,2021-02-28,33,14,33,0,0,0,0
JD_11451743,2021-02-28,3,3,2,0,0,0,0
JD_11451742,2021-02-28,26,18,24,0,0,0,0
JD_11451740,2021-02-28,3838,6,3795,27,10,0,8
JD_11451739,2021-02-28,23,11,20,0,0,0,0
JD_11451737,2021-02-28,38,24,25,0,0,0,0
JD_11451736,2021-02-28,0,0,0,0,0,0,0
JD_11451734,2021-02-28,42,7,41,1,0,0,0
JD_11451733,2021-02-28,93,7,80,3,3,0,0
JD_11451732,2021-02-28,27,9,18,0,0,0,0
JD_11451731,2021-02-28,128,76,53,0,0,0,1
JD_11451729,2021-02-28,169,42,166,2,1,0,0
JD_11451727,2021-02-28,63,47,36,0,0,0,0
JD_11451725,2021-02-28,40,10,36,1,2,0,0
JD_11451724,2021-02-28,4,2,4,0,0,0,0
JD_11451723,2021-02-28,782,427,761,13,8,0,0
JD_11451721,2021-02-28,12,10,4,0,0,0,0
JD_11451720,2021-02-28,16,12,9,0,0,0,0
JD_11451719,2021-02-28,60,45,27,0,0,0,0
JD_11451717,2021-02-28,16,0,15,1,0,0,0
JD_11451716,2021-02-28,20,11,18,0,0,0,0
JD_11451688,2021-02-28,11,11,7,0,0,0,0
