JD_11368563,2021-02-28,31,11,29,1,0,0,0
JD_11368562,2021-02-28,2,1,2,0,0,0,0
JD_11368561,2021-02-28,124,95,104,1,0,0,0
JD_11368559,2021-02-28,73,47,35,0,2,0,0
JD_11368558,2021-02-28,58,3,57,1,0,0,0
JD_11368555,2021-02-28,9,1,9,0,0,0,0
JD_11368549,2021-02-28,410,289,268,0,1,0,2
JD_11368548,2021-02-28,18,4,17,0,1,0,0
JD_11368547,2021-02-28,328,232,325,3,0,0,0
JD_11368544,2021-02-28,57,37,31,0,0,0,0
JD_11368540,2021-02-28,69,38,51,0,0,0,1
JD_11368534,2021-02-28,0,0,0,0,0,0,0
JD_11368532,2021-02-28,65,30,42,0,0,0,2
JD_11368531,2021-02-28,120,62,76,1,0,1,2
JD_11368529,2021-02-28,10,6,6,0,0,0,0
JD_11368528,2021-02-28,234,104,164,2,0,0,1
JD_11368527,2021-02-28,8,0,8,0,0,0,0
JD_11368526,2021-02-28,37,29,17,0,0,0,0
JD_11368525,2021-02-28,57,31,56,0,0,0,0
JD_11368524,2021-02-28,81,40,54,1,0,0,0
JD_11368520,2021-02-28,12111,7354,8412,64,12,8,30
JD_11368519,2021-02-28,2223,1187,1851,11,4,2,7
JD_11368518,2021-02-28,163,0,155,4,4,0,0
JD_11368516,2021-02-28,92,0,90,2,0,0,0
JD_11368515,2021-02-28,5,2,3,0,0,0,0
JD_11368514,2021-02-28,1,1,1,0,0,0,0
JD_11368513,2021-02-28,182,56,176,3,0,0,0
JD_11368511,2021-02-28,0,0,0,0,0,0,0
JD_11368510,2021-02-28,0,0,0,0,0,0,0
JD_11368509,2021-02-28,0,0,0,0,0,0,0
JD_11368508,2021-02-28,19,0,19,0,0,0,0
JD_11368507,2021-02-28,45,14,31,0,0,0,0
JD_11368504,2021-02-28,9,2,6,0,1,0,0
JD_11368503,2021-02-28,232,4,228,2,0,1,0
JD_11368502,2021-02-28,20,8,20,0,0,0,0
JD_11368495,2021-02-28,9,3,8,0,0,0,0
JD_11368493,2021-02-28,8,1,8,0,0,0,0
JD_11368491,2021-02-28,24,0,23,1,0,0,0
JD_11368490,2021-02-28,32,16,24,0,1,0,0
JD_11368488,2021-02-28,7,4,6,0,0,0,0
JD_11368486,2021-02-28,113,23,109,1,2,0,0
JD_11368485,2021-02-28,7,4,6,0,0,0,0
JD_11368481,2021-02-28,180,52,172,6,2,0,0
JD_11368480,2021-02-28,30,16,30,0,0,0,0
JD_11368479,2021-02-28,21,5,18,2,0,0,0
JD_11368478,2021-02-28,36,0,33,2,1,0,0
JD_11368477,2021-02-28,2,2,1,0,0,0,0
JD_11368476,2021-02-28,36,21,18,0,0,0,0
JD_11368475,2021-02-28,4079,1446,3384,90,47,2,10
JD_11368474,2021-02-28,5,1,5,0,0,0,0
JD_11368473,2021-02-28,10,5,8,2,0,0,0
JD_11368472,2021-02-28,13,1,13,0,0,0,0
JD_11368471,2021-02-28,28,6,26,2,0,0,0
JD_11368470,2021-02-28,11,4,8,0,0,0,0
JD_11368469,2021-02-28,15,6,9,1,1,0,0
JD_11368468,2021-02-28,27,5,25,1,1,0,0
JD_11368465,2021-02-28,97,0,94,2,1,0,0
JD_11368464,2021-02-28,8,1,8,0,0,0,0
JD_11368463,2021-02-28,37,18,36,0,1,0,0
JD_11368462,2021-02-28,28,2,28,0,0,0,0
JD_11368461,2021-02-28,30,17,21,1,0,0,0
JD_11368460,2021-02-28,17,4,16,0,1,0,0
JD_11368459,2021-02-28,2,1,2,0,0,0,0
JD_11368458,2021-02-28,853,129,805,20,6,0,2
JD_11368457,2021-02-28,34,4,32,1,0,0,0
JD_11368456,2021-02-28,53,1,52,0,1,1,0
JD_11368455,2021-02-28,21,9,13,1,1,0,0
JD_11368454,2021-02-28,10,4,8,0,0,0,0
JD_11368453,2021-02-28,9,3,6,0,1,0,0
JD_11368452,2021-02-28,0,0,0,0,0,0,0
