JD_11286817,2021-02-28,4,0,4,0,0,0,0
JD_11286816,2021-02-28,0,0,0,0,0,0,0
JD_11286815,2021-02-28,4,0,4,0,0,0,0
JD_11286814,2021-02-28,3,0,3,0,0,0,0
JD_11286813,2021-02-28,7,0,7,0,0,0,0
JD_11286811,2021-02-28,661,0,634,21,6,0,0
JD_11286810,2021-02-28,13679,6141,10688,64,37,10,35
JD_11286808,2021-02-28,0,0,0,0,0,0,0
JD_11286801,2021-02-28,3893,2295,2438,15,10,4,5
JD_11286799,2021-02-28,521,327,421,1,1,0,2
JD_11286798,2021-02-28,334,160,248,1,0,0,0
JD_11286797,2021-02-28,463,263,318,2,0,0,1
JD_11286796,2021-02-28,293,128,288,0,0,0,1
JD_11286795,2021-02-28,63642,40456,48552,228,73,43,107
JD_11286794,2021-02-28,5462,3276,3506,15,9,8,16
JD_11286793,2021-02-28,13208,6947,11015,43,20,9,29
JD_11286792,2021-02-28,3,0,3,0,0,0,0
JD_11286791,2021-02-28,4,3,1,0,0,0,0
JD_11286790,2021-02-28,3,0,3,0,0,0,0
JD_11286789,2021-02-28,9,7,9,0,0,0,0
JD_11286788,2021-02-28,28,12,23,0,0,0,0
JD_11286787,2021-02-28,18,15,18,0,0,0,0
JD_11286786,2021-02-28,2,2,2,0,0,0,0
JD_11286785,2021-02-28,170,11,161,2,2,1,0
JD_11286784,2021-02-28,53,19,45,1,1,0,0
JD_11286783,2021-02-28,91,46,65,2,3,0,0
JD_11286782,2021-02-28,12,5,10,0,0,0,0
JD_11286781,2021-02-28,12,5,10,0,0,0,0
JD_11286780,2021-02-28,12,4,10,0,0,0,0
JD_11286778,2021-02-28,3259,2623,1915,10,2,2,3
JD_11286776,2021-02-28,0,0,0,0,0,0,0
JD_11286775,2021-02-28,2,1,1,0,0,0,0
JD_11286774,2021-02-28,0,0,0,0,0,0,0
JD_11286773,2021-02-28,0,0,0,0,0,0,0
JD_11286769,2021-02-28,0,0,0,0,0,0,0
JD_11286768,2021-02-28,3,1,2,0,0,0,0
JD_11286766,2021-02-28,0,0,0,0,0,0,0
JD_11286765,2021-02-28,0,0,0,0,0,0,0
JD_11286763,2021-02-28,0,0,0,0,0,0,0
JD_11286758,2021-02-28,0,0,0,0,0,0,0
JD_11286757,2021-02-28,0,0,0,0,0,0,0
JD_11286756,2021-02-28,0,0,0,0,0,0,0
JD_11286755,2021-02-28,0,0,0,0,0,0,0
JD_11286753,2021-02-28,1,1,1,0,0,0,0
JD_11286752,2021-02-28,7,6,4,0,0,0,0
JD_11286750,2021-02-28,1,1,0,0,0,0,0
JD_11286749,2021-02-28,0,0,0,0,0,0,0
JD_11286748,2021-02-28,0,0,0,0,0,0,0
JD_11286746,2021-02-28,0,0,0,0,0,0,0
JD_11286745,2021-02-28,8,8,1,0,0,0,0
JD_11286744,2021-02-28,4,1,3,0,0,0,0
JD_11286743,2021-02-28,2,2,0,0,0,0,0
JD_11286742,2021-02-28,7,3,5,0,0,0,0
JD_11286741,2021-02-28,5,3,3,0,0,0,0
JD_11286740,2021-02-28,7,0,7,0,0,0,0
JD_11286739,2021-02-28,20,8,15,0,0,0,0
JD_11286738,2021-02-28,4,2,3,0,0,0,0
JD_11286737,2021-02-28,47,32,29,0,1,0,0
JD_11286736,2021-02-28,1,1,0,0,0,0,0
JD_11286735,2021-02-28,952,722,722,4,1,3,2
JD_11286726,2021-02-28,53,10,49,2,0,0,0
JD_11286722,2021-02-28,172,5,171,1,0,0,1
JD_11286721,2021-02-28,150,12,146,3,0,0,1
JD_11286720,2021-02-28,12,3,11,0,0,0,0
JD_11286718,2021-02-28,140,0,134,3,3,0,0
JD_11286717,2021-02-28,139,0,132,5,2,0,0
JD_11286715,2021-02-28,114,0,107,5,2,0,0
JD_11286712,2021-02-28,1343,756,788,2,1,3,3
JD_11286711,2021-02-28,1035,646,652,3,2,0,0
JD_11286710,2021-02-28,253,163,202,0,0,0,0
