JD_11870561,2021-02-28,24,12,20,0,0,0,0
JD_11870560,2021-02-28,26,8,25,1,0,0,0
JD_11870559,2021-02-28,8,1,8,0,0,0,0
JD_11870558,2021-02-28,2484,1555,1326,10,6,3,13
JD_11870557,2021-02-28,52,28,48,0,1,0,0
JD_11870555,2021-02-28,2052,1694,1064,9,3,5,6
JD_11870551,2021-02-28,953,623,865,8,2,0,2
JD_11870548,2021-02-28,7,1,7,0,0,0,0
JD_11870547,2021-02-28,30,26,18,0,0,0,0
JD_11870545,2021-02-28,66,50,29,0,0,0,0
JD_11870544,2021-02-28,2,2,1,0,0,0,0
JD_11870543,2021-02-28,4,2,4,0,0,0,0
JD_11870541,2021-02-28,45,40,25,0,0,0,0
JD_11870539,2021-02-28,37,30,18,0,0,0,0
JD_11870537,2021-02-28,49,40,23,0,0,0,0
JD_11870536,2021-02-28,44,0,44,0,0,0,0
JD_11870534,2021-02-28,34,0,34,0,0,0,0
JD_11870533,2021-02-28,22,16,14,0,0,0,0
JD_11870532,2021-02-28,14,7,10,0,0,0,0
JD_11870531,2021-02-28,162,115,157,1,0,0,0
JD_11870530,2021-02-28,162,128,114,0,0,0,0
JD_11870529,2021-02-28,29,22,24,0,0,0,0
JD_11870528,2021-02-28,28,17,27,0,0,0,0
JD_11870527,2021-02-28,26,22,22,0,0,0,0
JD_11870526,2021-02-28,29,21,14,0,0,0,0
JD_11870525,2021-02-28,81,64,71,0,0,0,0
JD_11870523,2021-02-28,6,6,4,0,0,0,0
JD_11870522,2021-02-28,47,1,42,3,2,0,0
JD_11870521,2021-02-28,8,7,4,0,0,0,0
JD_11870520,2021-02-28,43,0,43,0,0,0,0
JD_11870519,2021-02-28,27,23,23,0,0,0,0
JD_11870518,2021-02-28,683,452,509,2,1,1,2
JD_11870516,2021-02-28,698,386,691,4,1,1,6
JD_11870515,2021-02-28,13,12,10,0,0,0,0
JD_11870514,2021-02-28,186,78,176,2,0,0,1
JD_11870513,2021-02-28,4,1,4,0,0,0,0
JD_11870512,2021-02-28,20,13,15,0,0,0,0
JD_11870511,2021-02-28,117,52,87,1,1,0,0
JD_11870510,2021-02-28,55,32,41,0,0,0,0
JD_11870509,2021-02-28,0,0,0,0,0,0,0
JD_11870508,2021-02-28,5,2,5,0,0,0,0
JD_11870507,2021-02-28,3,3,0,0,0,0,0
JD_11870506,2021-02-28,31,21,19,0,2,0,1
JD_11870505,2021-02-28,2,2,2,0,0,0,0
JD_11870504,2021-02-28,9,3,8,0,0,0,0
JD_11870503,2021-02-28,1,1,0,0,0,0,0
JD_11869239,2021-02-28,1,0,1,0,0,0,0
JD_11869238,2021-02-28,5,4,4,0,0,0,0
JD_11869237,2021-02-28,25,15,13,0,0,0,0
JD_11869236,2021-02-28,2,2,0,0,0,0,0
JD_11869235,2021-02-28,173,61,171,1,1,0,0
JD_11869234,2021-02-28,1,0,1,0,0,0,0
JD_11869232,2021-02-28,7,3,5,0,0,0,0
JD_11869231,2021-02-28,86,68,44,0,0,0,0
JD_11869230,2021-02-28,1,1,0,0,0,0,0
JD_11869229,2021-02-28,58,14,57,0,0,0,0
JD_11869228,2021-02-28,0,0,0,0,0,0,0
JD_11869227,2021-02-28,6,0,6,0,0,0,0
JD_11869226,2021-02-28,35,4,31,0,0,0,0
JD_11869225,2021-02-28,3,0,3,0,0,0,0
JD_11869224,2021-02-28,26,7,17,1,1,0,0
JD_11869223,2021-02-28,6,5,3,0,0,0,0
JD_11869222,2021-02-28,28,7,24,0,0,0,0
JD_11869221,2021-02-28,1,0,1,0,0,0,0
JD_11869220,2021-02-28,18,5,16,0,0,0,0
JD_11869219,2021-02-28,47,42,29,0,0,0,0
JD_11869218,2021-02-28,18,8,13,0,0,0,0
JD_11869217,2021-02-28,4,0,4,0,0,0,0
JD_11869216,2021-02-28,63,42,56,0,0,0,1
JD_11869215,2021-02-28,66,46,64,1,0,0,1
