JD_12195219,2021-02-28,6,6,2,0,0,0,0
JD_12195218,2021-02-28,7328,5693,7296,19,12,2,14
JD_12195217,2021-02-28,7,7,2,0,0,0,0
JD_12195216,2021-02-28,172,138,144,2,0,0,0
JD_12195215,2021-02-28,3,3,1,0,0,0,0
JD_12195214,2021-02-28,8,3,6,0,0,0,0
JD_12195213,2021-02-28,43,31,30,0,0,0,2
JD_12195212,2021-02-28,13,10,6,0,0,0,0
JD_12195211,2021-02-28,3095,2512,1600,3,2,4,6
JD_12195210,2021-02-28,1,1,0,0,0,0,0
JD_12195209,2021-02-28,4836,4064,2094,2,0,7,8
JD_12195208,2021-02-28,0,0,0,0,0,0,0
JD_12195207,2021-02-28,964,779,810,1,1,2,0
JD_12195206,2021-02-28,3,3,2,0,0,0,0
JD_12195205,2021-02-28,24,20,18,0,0,0,0
JD_12195204,2021-02-28,6,6,6,0,0,0,0
JD_12195203,2021-02-28,58,54,32,0,0,0,0
JD_12195201,2021-02-28,15,11,12,0,0,0,0
JD_12195200,2021-02-28,14,8,14,0,0,0,1
JD_12195199,2021-02-28,117,95,74,1,0,0,0
JD_12195198,2021-02-28,3,3,2,0,0,0,0
JD_12195196,2021-02-28,2,2,1,0,0,0,0
JD_12195195,2021-02-28,40,32,18,1,0,0,0
JD_12195194,2021-02-28,4,3,2,0,0,0,0
JD_12195193,2021-02-28,7,4,3,0,0,0,0
JD_12195191,2021-02-28,19,18,12,0,0,0,0
JD_12195190,2021-02-28,0,0,0,0,0,0,0
JD_12195189,2021-02-28,76,59,48,0,0,0,1
JD_12195188,2021-02-28,0,0,0,0,0,0,0
JD_12194868,2021-02-28,1,0,1,0,0,0,0
JD_12194867,2021-02-28,8896,7298,6183,3,1,23,16
JD_12194866,2021-02-28,428,317,311,1,1,1,2
JD_12194865,2021-02-28,71,61,71,0,0,0,0
JD_12194864,2021-02-28,0,0,0,0,0,0,0
JD_12194862,2021-02-28,0,0,0,0,0,0,0
JD_12194861,2021-02-28,19,17,19,0,0,0,0
JD_12194860,2021-02-28,11,8,7,0,0,0,0
JD_12194859,2021-02-28,117,91,73,0,0,0,0
JD_12194858,2021-02-28,2,1,2,0,0,0,0
JD_12194856,2021-02-28,2,2,0,0,0,0,0
JD_12194855,2021-02-28,26,18,19,0,0,0,1
JD_12194854,2021-02-28,6,5,6,0,0,0,0
JD_12194853,2021-02-28,21,14,16,0,0,0,0
JD_12194852,2021-02-28,0,0,0,0,0,0,0
JD_12194851,2021-02-28,53,36,25,0,1,0,3
JD_12194850,2021-02-28,0,0,0,0,0,0,0
JD_12194849,2021-02-28,85,77,59,0,0,1,0
JD_12194847,2021-02-28,117,95,68,0,0,0,0
JD_12194846,2021-02-28,9,7,5,0,0,0,0
JD_12194845,2021-02-28,5,5,4,0,0,0,0
JD_12194844,2021-02-28,2,2,1,0,0,0,0
JD_12194843,2021-02-28,2,1,1,0,0,0,0
JD_12194842,2021-02-28,6,6,0,0,0,0,0
JD_12194841,2021-02-28,15,14,14,0,0,0,0
JD_12194840,2021-02-28,0,0,0,0,0,0,0
JD_12194839,2021-02-28,40,35,29,0,0,0,0
JD_12194838,2021-02-28,0,0,0,0,0,0,0
JD_12194837,2021-02-28,9,7,7,0,0,0,0
JD_12194836,2021-02-28,0,0,0,0,0,0,0
JD_12194835,2021-02-28,55,48,55,0,0,0,0
JD_12194833,2021-02-28,91,82,40,0,0,0,0
JD_12194831,2021-02-28,9,7,8,0,0,0,0
JD_12194829,2021-02-28,2,1,2,0,0,0,0
JD_12194828,2021-02-28,3,3,1,0,0,0,0
JD_12194827,2021-02-28,8,5,7,0,0,0,0
JD_12194826,2021-02-28,4,3,1,0,0,0,0
JD_12194825,2021-02-28,0,0,0,0,0,0,0
JD_12194824,2021-02-28,4,3,2,0,0,0,0
JD_12194823,2021-02-28,6,5,6,0,0,0,0
JD_12194822,2021-02-28,1,1,0,0,0,0,0
