JD_11902422,2021-02-28,78,62,35,0,0,0,0
JD_11902421,2021-02-28,15,0,15,0,0,0,0
JD_11902420,2021-02-28,116,68,82,1,0,0,2
JD_11902419,2021-02-28,322,237,173,1,1,0,0
JD_11902418,2021-02-28,43,35,25,0,0,0,0
JD_11902417,2021-02-28,2,2,1,0,0,0,0
JD_11902415,2021-02-28,415,321,182,2,0,0,0
JD_11902414,2021-02-28,1,0,1,0,0,0,0
JD_11902413,2021-02-28,155,118,68,0,0,1,0
JD_11902412,2021-02-28,1,1,0,0,0,0,0
JD_11902411,2021-02-28,16,11,14,0,0,0,0
JD_11902409,2021-02-28,0,0,0,0,0,0,0
JD_11902408,2021-02-28,35,30,14,0,0,0,0
JD_11902407,2021-02-28,305,236,118,4,0,1,0
JD_11902406,2021-02-28,1,1,0,0,0,0,0
JD_11902405,2021-02-28,30,10,28,1,1,0,0
JD_11902404,2021-02-28,23,19,9,0,0,0,0
JD_11902403,2021-02-28,68,45,41,2,2,0,1
JD_11902401,2021-02-28,144,97,92,0,2,0,1
JD_11902400,2021-02-28,1,0,1,0,0,0,0
JD_11902399,2021-02-28,631,503,456,0,1,0,0
JD_11902398,2021-02-28,1,1,0,0,0,0,0
JD_11902397,2021-02-28,2,2,0,0,0,0,0
JD_11902396,2021-02-28,0,0,0,0,0,0,0
JD_11902394,2021-02-28,9,6,6,0,0,0,0
JD_11902393,2021-02-28,1,1,1,0,0,0,0
JD_11902392,2021-02-28,30,24,25,0,0,1,1
JD_11902391,2021-02-28,479,242,441,1,1,0,0
JD_11902390,2021-02-28,65,21,63,0,0,0,0
JD_11902389,2021-02-28,116,92,52,1,1,0,0
JD_11902388,2021-02-28,133,78,127,0,0,0,0
JD_11902387,2021-02-28,80,46,56,1,0,0,0
JD_11902386,2021-02-28,1,1,1,0,0,0,0
JD_11902385,2021-02-28,83,63,48,1,0,0,0
JD_11902384,2021-02-28,8,0,8,0,0,0,0
JD_11902383,2021-02-28,97,63,71,0,0,0,0
JD_11902382,2021-02-28,0,0,0,0,0,0,0
JD_11902381,2021-02-28,106,72,78,0,0,0,1
JD_11902380,2021-02-28,3,1,3,0,0,0,0
JD_11902379,2021-02-28,22,14,21,0,0,0,0
JD_11902378,2021-02-28,10,5,7,0,0,0,0
JD_11902377,2021-02-28,89,49,68,1,0,0,0
JD_11902376,2021-02-28,0,0,0,0,0,0,0
JD_11902375,2021-02-28,26,15,19,1,0,0,0
JD_11902374,2021-02-28,5,3,4,0,0,0,0
JD_11902373,2021-02-28,23,16,16,0,0,0,0
JD_11901618,2021-02-28,2,1,2,0,0,0,0
JD_11901616,2021-02-28,16,6,16,0,0,0,0
JD_11901614,2021-02-28,1,1,0,0,0,0,0
JD_11901612,2021-02-28,0,0,0,0,0,0,0
JD_11901610,2021-02-28,362,231,307,0,0,0,0
JD_11901609,2021-02-28,5,3,4,0,0,0,0
JD_11901608,2021-02-28,0,0,0,0,0,0,0
JD_11901606,2021-02-28,1,0,1,0,0,0,0
JD_11901604,2021-02-28,3,1,2,0,0,0,0
JD_11901603,2021-02-28,1,1,0,0,0,0,0
JD_11901602,2021-02-28,0,0,0,0,0,0,0
JD_11901600,2021-02-28,1891,1401,976,2,0,7,3
JD_11901597,2021-02-28,2,1,1,0,0,0,0
JD_11901595,2021-02-28,9,2,7,0,0,0,0
JD_11901594,2021-02-28,18241,15116,4466,12,5,30,23
JD_11901593,2021-02-28,13,2,12,0,0,0,0
JD_11901592,2021-02-28,1622,1304,517,1,1,4,2
JD_11901590,2021-02-28,0,0,0,0,0,0,0
JD_11901589,2021-02-28,127,91,61,0,1,0,0
JD_11901588,2021-02-28,155,26,154,1,0,0,0
JD_11901587,2021-02-28,23,16,14,0,0,0,0
JD_11901586,2021-02-28,15,8,11,0,0,0,1
JD_11901584,2021-02-28,108,72,99,0,0,1,0
JD_11901583,2021-02-28,5,5,3,0,0,0,0
