JD_11288478,2021-02-28,0,0,0,0,0,0,0
JD_11288466,2021-02-28,0,0,0,0,0,0,0
JD_11288462,2021-02-28,0,0,0,0,0,0,0
JD_11288457,2021-02-28,2,0,2,0,0,0,0
JD_11288455,2021-02-28,0,0,0,0,0,0,0
JD_11288453,2021-02-28,0,0,0,0,0,0,0
JD_11288451,2021-02-28,0,0,0,0,0,0,0
JD_11288445,2021-02-28,0,0,0,0,0,0,0
JD_11288444,2021-02-28,4,0,4,0,0,0,0
JD_11288442,2021-02-28,0,0,0,0,0,0,0
JD_11288435,2021-02-28,2,0,2,0,0,0,0
JD_11288423,2021-02-28,0,0,0,0,0,0,0
JD_11288422,2021-02-28,0,0,0,0,0,0,0
JD_11288413,2021-02-28,0,0,0,0,0,0,0
JD_11288412,2021-02-28,0,0,0,0,0,0,0
JD_11288407,2021-02-28,0,0,0,0,0,0,0
JD_11288405,2021-02-28,0,0,0,0,0,0,0
JD_11288401,2021-02-28,494,122,484,7,3,0,2
JD_11288400,2021-02-28,256,0,251,5,0,0,0
JD_11288397,2021-02-28,0,0,0,0,0,0,0
JD_11288390,2021-02-28,4,3,1,0,0,0,0
JD_11288389,2021-02-28,3,0,3,0,0,0,0
JD_11288388,2021-02-28,1,1,0,0,0,0,0
JD_11288387,2021-02-28,3,3,1,0,0,0,0
JD_11288386,2021-02-28,2,2,1,0,0,0,0
JD_11288385,2021-02-28,1,1,0,0,0,0,0
JD_11288383,2021-02-28,7,5,6,0,0,0,0
JD_11288380,2021-02-28,167,3,161,6,0,0,0
JD_11288373,2021-02-28,300,0,290,5,5,0,0
JD_11288371,2021-02-28,5,3,3,0,0,0,0
JD_11288370,2021-02-28,46,19,45,0,0,0,0
JD_11288369,2021-02-28,117,50,102,2,0,0,0
JD_11288368,2021-02-28,105,61,66,0,0,0,0
JD_11288358,2021-02-28,0,0,0,0,0,0,0
JD_11288351,2021-02-28,4,0,4,0,0,0,0
JD_11288350,2021-02-28,9,6,5,0,0,0,0
JD_11288349,2021-02-28,19,8,18,0,1,0,0
JD_11288348,2021-02-28,16,12,8,0,0,0,0
JD_11288347,2021-02-28,16,10,11,0,0,0,0
JD_11288346,2021-02-28,0,0,0,0,0,0,0
JD_11288345,2021-02-28,6,4,3,0,0,0,0
JD_11288344,2021-02-28,3,2,1,0,0,0,0
JD_11288343,2021-02-28,40,0,40,0,0,0,0
JD_11288342,2021-02-28,33,14,24,0,0,0,0
JD_11288341,2021-02-28,5,3,3,0,0,0,0
JD_11288340,2021-02-28,6,3,4,0,0,0,0
JD_11288336,2021-02-28,0,0,0,0,0,0,0
JD_11288335,2021-02-28,3,1,3,0,0,0,0
JD_11288334,2021-02-28,75,16,69,3,3,0,0
JD_11288333,2021-02-28,76,19,73,1,2,0,0
JD_11288332,2021-02-28,74,16,70,3,0,0,0
JD_11288331,2021-02-28,58,1,54,2,2,0,0
JD_11288330,2021-02-28,71,14,68,2,0,0,0
JD_11288329,2021-02-28,204,6,193,6,5,0,0
JD_11288328,2021-02-28,323,20,307,10,6,0,0
JD_11288327,2021-02-28,59,27,44,1,1,0,0
JD_11288326,2021-02-28,34,4,32,0,1,0,0
JD_11288325,2021-02-28,747,439,718,11,6,0,1
JD_11288324,2021-02-28,19,0,17,0,2,0,0
JD_11288322,2021-02-28,21,0,19,1,1,0,0
JD_11288321,2021-02-28,14,0,12,0,2,0,0
JD_11288313,2021-02-28,47,0,42,3,2,0,0
JD_11288312,2021-02-28,101,0,91,9,1,0,0
JD_11288310,2021-02-28,112,39,107,1,2,0,0
JD_11288309,2021-02-28,336,126,331,4,1,0,1
JD_11288308,2021-02-28,146,4,138,7,1,0,0
JD_11288307,2021-02-28,3724,2305,2285,9,3,7,9
JD_11288305,2021-02-28,32,26,21,0,0,0,0
JD_11288304,2021-02-28,30,22,17,0,0,0,0
JD_11288303,2021-02-28,40,31,19,0,0,0,0
