JD_12537423,2021-02-28,42,36,6,0,0,0,0
JD_12537422,2021-02-28,14,10,4,0,0,0,0
JD_12537421,2021-02-28,339,270,69,0,0,0,2
JD_12537420,2021-02-28,15,12,3,0,0,0,0
JD_12537419,2021-02-28,885,741,143,1,0,1,0
JD_12537418,2021-02-28,12,11,1,0,0,0,0
JD_12537417,2021-02-28,4088,3597,491,0,0,4,4
JD_12537416,2021-02-28,6,6,0,0,0,0,0
JD_12537415,2021-02-28,3306,2888,418,0,0,2,3
JD_12537414,2021-02-28,8,7,1,0,0,0,0
JD_12537413,2021-02-28,3238,2456,775,3,4,4,14
JD_12537412,2021-02-28,13,13,0,0,0,0,0
JD_12537411,2021-02-28,9334,7957,1359,12,6,5,13
JD_12537410,2021-02-28,10,10,0,0,0,0,0
JD_12537409,2021-02-28,298,230,68,0,0,0,0
JD_12537408,2021-02-28,10,5,5,0,0,0,0
JD_12537407,2021-02-28,417,368,48,0,1,1,1
JD_12537406,2021-02-28,15,13,2,0,0,0,0
JD_12537405,2021-02-28,519,408,110,1,0,0,0
JD_12537404,2021-02-28,13,9,4,0,0,0,0
JD_12537403,2021-02-28,94,84,10,0,0,0,0
JD_12537402,2021-02-28,15,11,4,0,0,0,0
JD_12537401,2021-02-28,11,8,3,0,0,0,0
JD_12537400,2021-02-28,8,7,1,0,0,0,0
JD_12537399,2021-02-28,5,4,1,0,0,0,0
JD_12537398,2021-02-28,24,19,5,0,0,0,0
JD_12537397,2021-02-28,257,209,48,0,0,0,0
JD_12537396,2021-02-28,8,5,3,0,0,0,0
JD_12537395,2021-02-28,705,564,140,1,0,0,1
JD_12537394,2021-02-28,11,11,0,0,0,0,0
JD_12537393,2021-02-28,2,2,0,0,0,0,0
JD_12537392,2021-02-28,2,2,0,0,0,0,0
JD_12537391,2021-02-28,190,171,18,0,1,0,0
JD_12537390,2021-02-28,189,136,54,0,0,1,1
JD_12537389,2021-02-28,16,13,3,0,0,0,0
JD_12537388,2021-02-28,129,100,29,0,0,0,1
JD_12537387,2021-02-28,0,0,0,0,0,0,0
JD_12537386,2021-02-28,350,249,114,1,0,1,2
JD_12537385,2021-02-28,9,8,1,0,0,0,0
JD_12537384,2021-02-28,1,1,0,0,0,0,0
JD_12537383,2021-02-28,0,0,0,0,0,0,0
JD_12537382,2021-02-28,12,8,4,0,0,0,0
JD_12537381,2021-02-28,20,15,5,0,0,0,0
JD_12537380,2021-02-28,6,6,0,0,0,0,0
JD_12537379,2021-02-28,10,9,1,0,0,0,0
JD_12537378,2021-02-28,30,26,4,0,0,0,0
JD_12537377,2021-02-28,388,347,41,0,0,0,0
JD_12537376,2021-02-28,0,0,0,0,0,0,0
JD_12537375,2021-02-28,185,148,37,0,0,0,0
JD_12537374,2021-02-28,6,5,1,0,0,0,0
JD_12537373,2021-02-28,433,358,75,0,0,0,1
JD_12537372,2021-02-28,8,6,2,0,0,0,0
JD_12537371,2021-02-28,277,218,59,0,0,0,0
JD_12537370,2021-02-28,14,12,2,0,0,0,0
JD_12537369,2021-02-28,478,388,90,0,0,1,2
JD_12537368,2021-02-28,1,1,0,0,0,0,0
JD_12537367,2021-02-28,326,272,53,0,1,0,1
JD_12537366,2021-02-28,1,1,0,0,0,0,0
JD_12537365,2021-02-28,290,236,54,0,0,0,0
JD_12537364,2021-02-28,0,0,0,0,0,0,0
JD_12537363,2021-02-28,426,354,71,1,0,0,1
JD_12537362,2021-02-28,4,4,0,0,0,0,0
JD_12537361,2021-02-28,461,381,80,0,0,1,1
JD_12537360,2021-02-28,1562,1276,285,2,2,2,0
JD_12537359,2021-02-28,311,265,45,0,1,0,0
JD_12537358,2021-02-28,201,170,31,0,0,1,1
JD_12537357,2021-02-28,1607,1317,290,0,0,3,1
JD_12537285,2021-02-28,224,184,40,0,0,0,1
JD_12537284,2021-02-28,28,22,5,1,0,0,0
JD_12537283,2021-02-28,6,5,1,0,0,0,0
