JD_11515311,2021-02-28,127,31,115,1,1,0,0
JD_11515310,2021-02-28,10,7,2,0,1,0,0
JD_11515308,2021-02-28,1,1,1,0,0,0,0
JD_11515307,2021-02-28,640,372,303,2,0,0,0
JD_11515306,2021-02-28,122,5,114,6,0,0,0
JD_11515305,2021-02-28,123,56,117,0,2,0,0
JD_11515304,2021-02-28,79,0,78,0,1,0,1
JD_11515303,2021-02-28,108,61,101,2,0,0,0
JD_11515302,2021-02-28,221,0,217,3,1,0,0
JD_11515301,2021-02-28,88,40,86,1,0,0,0
JD_11515300,2021-02-28,103,5,99,2,0,0,0
JD_11515299,2021-02-28,155,3,149,2,3,0,1
JD_11515298,2021-02-28,32,18,32,0,0,0,0
JD_11515294,2021-02-28,181,1,177,2,2,0,0
JD_11515266,2021-02-28,127,0,126,1,0,0,0
JD_11515261,2021-02-28,113,0,109,3,1,0,0
JD_11515248,2021-02-28,3,0,3,0,0,0,0
JD_11515244,2021-02-28,105,0,104,1,0,0,0
JD_11515241,2021-02-28,77,40,54,1,0,0,0
JD_11515240,2021-02-28,0,0,0,0,0,0,0
JD_11515239,2021-02-28,6,4,4,0,0,0,0
JD_11515238,2021-02-28,3,3,1,0,0,0,0
JD_11515237,2021-02-28,0,0,0,0,0,0,0
JD_11515236,2021-02-28,1,0,1,0,0,0,0
JD_11515235,2021-02-28,5,3,4,0,0,0,0
JD_11515229,2021-02-28,1414,1135,471,6,5,2,1
JD_11515228,2021-02-28,35,16,33,0,0,0,0
JD_11515227,2021-02-28,4,3,3,0,0,0,0
JD_11515226,2021-02-28,2005,969,1544,15,6,4,7
JD_11515225,2021-02-28,0,0,0,0,0,0,0
JD_11515224,2021-02-28,0,0,0,0,0,0,0
JD_11515223,2021-02-28,28,1,23,4,1,1,0
JD_11515222,2021-02-28,5,0,5,0,0,0,0
JD_11515220,2021-02-28,8,3,7,0,0,0,0
JD_11515219,2021-02-28,114,1,114,0,0,0,0
JD_11515218,2021-02-28,1,1,0,0,0,0,0
JD_11515217,2021-02-28,437,300,146,3,1,0,1
JD_11515216,2021-02-28,11,7,7,0,0,0,0
JD_11515215,2021-02-28,40,2,39,1,0,0,0
JD_11515214,2021-02-28,0,0,0,0,0,0,0
JD_11515213,2021-02-28,404,278,168,2,0,1,3
JD_11515212,2021-02-28,12,7,12,0,0,0,0
JD_11515211,2021-02-28,13,9,6,0,0,0,0
JD_11515209,2021-02-28,24,18,12,1,0,0,0
JD_11515208,2021-02-28,102,64,55,1,0,1,0
JD_11515207,2021-02-28,10,7,3,1,1,0,0
JD_11515206,2021-02-28,0,0,0,0,0,0,0
JD_11515205,2021-02-28,1,0,1,0,0,0,0
JD_11515204,2021-02-28,11,9,8,0,0,0,0
JD_11515203,2021-02-28,0,0,0,0,0,0,0
JD_11515202,2021-02-28,1,1,0,0,0,0,0
JD_11515201,2021-02-28,2,1,1,0,0,0,0
JD_11515200,2021-02-28,45,31,26,1,0,0,0
JD_11515199,2021-02-28,97,55,92,4,0,0,0
JD_11515198,2021-02-28,8,0,7,1,0,0,0
JD_11515197,2021-02-28,62,16,58,2,0,0,0
JD_11515196,2021-02-28,117,2,116,0,1,0,0
JD_11515195,2021-02-28,0,0,0,0,0,0,0
JD_11515194,2021-02-28,101,60,57,1,2,1,0
JD_11515193,2021-02-28,2,2,1,0,0,0,0
JD_11515192,2021-02-28,40,33,21,0,0,0,0
JD_11515191,2021-02-28,0,0,0,0,0,0,0
JD_11515189,2021-02-28,1,1,1,0,0,0,0
JD_11515188,2021-02-28,3,3,3,0,0,0,0
JD_11515179,2021-02-28,61,37,36,1,0,0,0
JD_11515178,2021-02-28,5646,3360,4012,33,7,5,9
JD_11515177,2021-02-28,5,3,2,0,0,0,0
JD_11515176,2021-02-28,0,0,0,0,0,0,0
JD_11515175,2021-02-28,0,0,0,0,0,0,0
JD_11515169,2021-02-28,76,45,49,2,0,0,0
