JD_11379423,2021-02-28,470,89,407,11,3,0,0
JD_11379419,2021-02-28,92,53,66,0,0,0,1
JD_11379417,2021-02-28,9,4,7,0,0,0,0
JD_11379416,2021-02-28,83,54,78,2,0,0,0
JD_11379415,2021-02-28,47,1,46,1,0,0,0
JD_11379414,2021-02-28,18,10,12,0,0,0,0
JD_11379413,2021-02-28,1406,711,1382,15,8,1,4
JD_11379412,2021-02-28,22,2,22,0,0,0,0
JD_11379411,2021-02-28,25,2,23,2,0,0,0
JD_11379410,2021-02-28,5,1,4,1,0,0,0
JD_11379409,2021-02-28,15,11,7,0,0,0,0
JD_11379408,2021-02-28,8,0,8,0,0,0,0
JD_11379407,2021-02-28,16,2,14,0,0,0,0
JD_11379406,2021-02-28,0,0,0,0,0,0,0
JD_11379405,2021-02-28,28,16,21,0,0,0,1
JD_11379404,2021-02-28,9,4,8,0,0,0,1
JD_11379403,2021-02-28,12,7,6,1,1,0,0
JD_11379402,2021-02-28,0,0,0,0,0,0,0
JD_11379399,2021-02-28,3,1,3,0,0,0,0
JD_11379398,2021-02-28,2,1,1,0,0,0,0
JD_11379395,2021-02-28,4,2,4,0,0,0,0
JD_11379390,2021-02-28,7,0,7,0,0,0,0
JD_11379389,2021-02-28,9,4,6,1,0,0,0
JD_11379388,2021-02-28,0,0,0,0,0,0,0
JD_11379386,2021-02-28,5,3,5,0,0,0,0
JD_11379385,2021-02-28,30,19,22,0,0,0,0
JD_11379384,2021-02-28,0,0,0,0,0,0,0
JD_11379382,2021-02-28,0,0,0,0,0,0,0
JD_11379381,2021-02-28,0,0,0,0,0,0,0
JD_11379380,2021-02-28,44,25,38,0,0,0,0
JD_11379379,2021-02-28,45,5,45,0,0,0,0
JD_11379378,2021-02-28,161,28,157,1,3,0,0
JD_11379373,2021-02-28,0,0,0,0,0,0,0
JD_11379370,2021-02-28,0,0,0,0,0,0,0
JD_11379369,2021-02-28,1,1,1,0,0,0,0
JD_11379355,2021-02-28,3,1,3,0,0,0,0
JD_11379352,2021-02-28,136,105,76,1,0,0,0
JD_11379351,2021-02-28,5,2,3,0,0,0,0
JD_11379349,2021-02-28,5,2,3,0,0,0,0
JD_11379347,2021-02-28,2263,1532,1118,4,0,4,3
JD_11379346,2021-02-28,0,0,0,0,0,0,0
JD_11379345,2021-02-28,0,0,0,0,0,0,0
JD_11379344,2021-02-28,1,1,1,0,0,0,0
JD_11379342,2021-02-28,18,5,14,0,1,0,0
JD_11379341,2021-02-28,0,0,0,0,0,0,0
JD_11379340,2021-02-28,0,0,0,0,0,0,0
JD_11379339,2021-02-28,1,0,1,0,0,0,0
JD_11379337,2021-02-28,9,4,9,0,0,0,0
JD_11379334,2021-02-28,7,4,3,0,0,0,0
JD_11379333,2021-02-28,0,0,0,0,0,0,0
JD_11379331,2021-02-28,17,8,15,0,0,0,0
JD_11379330,2021-02-28,26,20,24,0,0,0,0
JD_11379329,2021-02-28,0,0,0,0,0,0,0
JD_11379328,2021-02-28,17,9,11,0,1,0,0
JD_11379327,2021-02-28,12,3,10,0,0,0,0
JD_11379326,2021-02-28,5,2,3,0,0,0,1
JD_11379324,2021-02-28,21,0,21,0,0,0,0
JD_11379323,2021-02-28,4,1,4,0,0,0,0
JD_11379318,2021-02-28,10,2,9,0,0,0,0
JD_11379317,2021-02-28,4,0,3,0,1,0,0
JD_11379315,2021-02-28,0,0,0,0,0,0,0
JD_11379314,2021-02-28,74,36,51,2,0,0,0
JD_11379313,2021-02-28,15,8,9,0,0,0,0
JD_11379311,2021-02-28,6,2,5,0,0,0,0
JD_11379310,2021-02-28,0,0,0,0,0,0,0
JD_11379309,2021-02-28,1,0,1,0,0,0,0
JD_11379308,2021-02-28,0,0,0,0,0,0,0
JD_11379306,2021-02-28,4,4,2,0,0,0,0
JD_11379305,2021-02-28,8,7,5,1,0,0,0
JD_11379301,2021-02-28,23,16,14,0,0,0,0
