JD_11578326,2021-02-28,3,1,3,0,0,0,0
JD_11578325,2021-02-28,2,0,2,0,0,0,0
JD_11578322,2021-02-28,9,7,2,0,1,0,0
JD_11578321,2021-02-28,3,2,2,0,0,0,0
JD_11578319,2021-02-28,6,5,1,0,0,0,0
JD_11578318,2021-02-28,7,4,3,0,0,0,0
JD_11578317,2021-02-28,7,7,1,0,0,0,0
JD_11578316,2021-02-28,2,1,1,0,0,0,0
JD_11578313,2021-02-28,5,3,5,0,0,0,0
JD_11578312,2021-02-28,4,4,4,0,0,0,0
JD_11578311,2021-02-28,2,0,2,0,0,0,0
JD_11578310,2021-02-28,6,4,6,0,0,0,1
JD_11578309,2021-02-28,1,0,1,0,0,0,0
JD_11578308,2021-02-28,5,5,5,0,0,0,0
JD_11578307,2021-02-28,8,6,5,0,0,0,0
JD_11578306,2021-02-28,0,0,0,0,0,0,0
JD_11578305,2021-02-28,5,3,2,0,0,0,0
JD_11578304,2021-02-28,5,2,5,0,0,0,0
JD_11578302,2021-02-28,2,2,1,0,0,0,0
JD_11578301,2021-02-28,1,0,1,0,0,0,0
JD_11578300,2021-02-28,10,6,10,0,0,0,0
JD_11578299,2021-02-28,6,3,6,0,0,0,0
JD_11578298,2021-02-28,6,5,6,0,0,0,0
JD_11578297,2021-02-28,0,0,0,0,0,0,0
JD_11578294,2021-02-28,11,6,10,0,0,0,0
JD_11578293,2021-02-28,9,5,9,0,0,0,0
JD_11578292,2021-02-28,0,0,0,0,0,0,0
JD_11578291,2021-02-28,0,0,0,0,0,0,0
JD_11578290,2021-02-28,0,0,0,0,0,0,0
JD_11578288,2021-02-28,0,0,0,0,0,0,0
JD_11578287,2021-02-28,10,7,3,0,0,0,0
JD_11578285,2021-02-28,39,17,39,0,0,0,0
JD_11578284,2021-02-28,0,0,0,0,0,0,0
JD_11578282,2021-02-28,0,0,0,0,0,0,0
JD_11578281,2021-02-28,0,0,0,0,0,0,0
JD_11578280,2021-02-28,7,0,6,1,0,0,0
JD_11578279,2021-02-28,0,0,0,0,0,0,0
JD_11578278,2021-02-28,9,5,9,0,0,0,0
JD_11578276,2021-02-28,1569,857,1140,12,8,1,8
JD_11578275,2021-02-28,44,31,30,1,0,0,0
JD_11577904,2021-02-28,3,2,1,0,0,0,0
JD_11577903,2021-02-28,6,5,1,0,0,0,0
JD_11577902,2021-02-28,3,3,0,0,0,0,0
JD_11577901,2021-02-28,1,0,1,0,0,0,0
JD_11577900,2021-02-28,0,0,0,0,0,0,0
JD_11577899,2021-02-28,6,5,2,0,0,0,0
JD_11577898,2021-02-28,4,2,4,0,0,0,0
JD_11577896,2021-02-28,243,140,166,0,1,1,0
JD_11577895,2021-02-28,4,1,3,0,0,0,0
JD_11577894,2021-02-28,6,5,3,0,0,0,0
JD_11577893,2021-02-28,12,11,3,0,0,0,0
JD_11577892,2021-02-28,5,5,1,0,0,0,0
JD_11577891,2021-02-28,2,1,1,0,0,0,0
JD_11577890,2021-02-28,5,3,4,0,0,0,0
JD_11577889,2021-02-28,6,1,5,0,0,0,0
JD_11577888,2021-02-28,0,0,0,0,0,0,0
JD_11577887,2021-02-28,2,1,2,0,0,0,0
JD_11577884,2021-02-28,10,8,6,0,0,0,0
JD_11577876,2021-02-28,99,68,71,0,0,0,0
JD_11577874,2021-02-28,592,0,588,4,0,0,0
JD_11577873,2021-02-28,24,19,23,0,0,0,0
JD_11577872,2021-02-28,26,8,22,1,0,0,0
JD_11577870,2021-02-28,0,0,0,0,0,0,0
JD_11577869,2021-02-28,24,10,24,0,0,0,0
JD_11577868,2021-02-28,23,8,22,0,1,0,0
JD_11577867,2021-02-28,97,25,93,4,0,0,0
JD_11577866,2021-02-28,224,58,218,5,1,0,2
JD_11577865,2021-02-28,52,8,51,1,0,0,0
JD_11577864,2021-02-28,154,101,150,0,0,0,0
JD_11577863,2021-02-28,232,56,223,4,1,0,4
