JD_11330526,2021-02-28,21,13,14,0,0,0,0
JD_11330525,2021-02-28,99,50,96,1,0,0,1
JD_11330523,2021-02-28,56,0,56,0,0,0,0
JD_11330522,2021-02-28,86,47,39,0,0,0,0
JD_11330521,2021-02-28,109,14,99,1,1,0,0
JD_11330520,2021-02-28,134,1,133,1,0,0,1
JD_11330518,2021-02-28,48,23,47,0,1,0,0
JD_11330517,2021-02-28,107,71,105,0,1,0,0
JD_11330512,2021-02-28,3,0,3,0,0,0,0
JD_11330506,2021-02-28,4,4,2,0,0,0,0
JD_11330505,2021-02-28,1,0,1,0,0,0,0
JD_11330504,2021-02-28,634,153,560,10,5,0,0
JD_11330503,2021-02-28,21,14,13,0,0,0,0
JD_11330502,2021-02-28,3,3,2,0,0,0,0
JD_11330501,2021-02-28,5,4,2,0,0,0,0
JD_11330500,2021-02-28,1,0,1,0,0,0,0
JD_11330499,2021-02-28,0,0,0,0,0,0,0
JD_11330498,2021-02-28,1,1,1,0,0,0,0
JD_11330495,2021-02-28,16,11,11,1,0,0,0
JD_11330494,2021-02-28,13,6,7,0,0,0,0
JD_11330493,2021-02-28,0,0,0,0,0,0,0
JD_11330492,2021-02-28,15,15,4,0,0,0,0
JD_11330491,2021-02-28,77,1,74,1,2,0,0
JD_11330489,2021-02-28,0,0,0,0,0,0,0
JD_11330487,2021-02-28,0,0,0,0,0,0,0
JD_11330486,2021-02-28,2,0,2,0,0,0,0
JD_11330485,2021-02-28,4,1,3,0,0,0,0
JD_11330484,2021-02-28,155,3,147,8,0,0,0
JD_11330483,2021-02-28,1,1,0,0,0,0,0
JD_11330481,2021-02-28,2,1,2,0,0,0,0
JD_11330480,2021-02-28,1,0,1,0,0,0,0
JD_11330478,2021-02-28,0,0,0,0,0,0,0
JD_11330477,2021-02-28,1,1,1,0,0,0,0
JD_11330476,2021-02-28,7,3,4,0,0,0,0
JD_11330475,2021-02-28,58,1,52,5,0,0,0
JD_11330474,2021-02-28,1,1,1,0,0,0,0
JD_11330473,2021-02-28,7,5,7,0,0,0,0
JD_11330472,2021-02-28,0,0,0,0,0,0,0
JD_11330470,2021-02-28,268,0,256,10,2,0,0
JD_11330469,2021-02-28,10600,7028,6933,36,25,4,15
JD_11330468,2021-02-28,98,8,95,0,3,0,0
JD_11330467,2021-02-28,3431,2677,1591,4,3,0,2
JD_11330464,2021-02-28,427,74,413,9,5,0,0
JD_11330463,2021-02-28,125,96,53,0,0,0,0
JD_11330462,2021-02-28,423,0,411,7,5,0,0
JD_11330460,2021-02-28,139,0,138,0,1,0,0
JD_11330459,2021-02-28,374,0,368,5,1,0,0
JD_11330458,2021-02-28,24,23,10,0,0,0,0
JD_11330457,2021-02-28,13,12,5,0,0,0,0
JD_11330456,2021-02-28,5,3,5,0,0,0,0
JD_11330455,2021-02-28,5,4,4,0,0,0,0
JD_11330453,2021-02-28,9,9,2,0,0,0,0
JD_11330452,2021-02-28,3198,1717,3171,16,5,2,8
JD_11330449,2021-02-28,3628,2578,2262,9,3,6,11
JD_11330448,2021-02-28,6618,4951,4009,10,11,9,16
JD_11330447,2021-02-28,30,15,20,0,0,0,0
JD_11330446,2021-02-28,4,3,1,0,0,0,0
JD_11330445,2021-02-28,18,14,11,0,0,0,0
JD_11330444,2021-02-28,26,13,17,0,0,0,0
JD_11330441,2021-02-28,9,7,7,0,0,0,0
JD_11330440,2021-02-28,631,12,606,23,2,0,0
JD_11330439,2021-02-28,3,2,2,0,0,0,0
JD_11330438,2021-02-28,809,238,676,10,6,0,0
JD_11330437,2021-02-28,39,4,36,0,0,0,0
JD_11330436,2021-02-28,164,114,115,2,0,0,0
JD_11330435,2021-02-28,20,1,19,0,1,0,0
JD_11330434,2021-02-28,242,4,235,6,1,0,0
JD_11330433,2021-02-28,132,4,128,4,0,0,0
JD_11330432,2021-02-28,117,51,99,2,0,0,0
JD_11330431,2021-02-28,1,1,0,0,0,0,0
