JD_11459575,2021-02-28,6,1,6,0,0,0,0
JD_11459574,2021-02-28,110,0,108,1,1,0,0
JD_11459571,2021-02-28,1,0,1,0,0,0,0
JD_11459570,2021-02-28,0,0,0,0,0,0,0
JD_11459569,2021-02-28,4,1,3,0,0,0,0
JD_11459567,2021-02-28,16,6,14,0,0,0,0
JD_11459566,2021-02-28,0,0,0,0,0,0,0
JD_11459564,2021-02-28,5,2,3,1,0,0,0
JD_11459563,2021-02-28,5,3,5,0,0,0,0
JD_11459562,2021-02-28,25,13,24,0,0,0,1
JD_11459560,2021-02-28,3,0,3,0,0,0,0
JD_11459559,2021-02-28,11,6,8,0,0,0,0
JD_11459556,2021-02-28,191,128,122,0,1,0,1
JD_11459550,2021-02-28,18,11,10,0,0,0,0
JD_11459548,2021-02-28,0,0,0,0,0,0,0
JD_11459547,2021-02-28,5,4,2,0,0,0,0
JD_11459546,2021-02-28,11,6,6,0,0,0,0
JD_11459545,2021-02-28,39,3,37,1,0,0,0
JD_11459544,2021-02-28,17,14,11,0,0,0,0
JD_11459543,2021-02-28,28,15,18,0,0,0,0
JD_11459541,2021-02-28,15,4,15,0,0,0,0
JD_11459540,2021-02-28,0,0,0,0,0,0,0
JD_11459539,2021-02-28,44,2,43,0,0,0,0
JD_11459538,2021-02-28,10,0,9,0,1,0,0
JD_11459537,2021-02-28,16,9,14,0,0,0,0
JD_11459535,2021-02-28,4,4,4,0,0,0,0
JD_11459534,2021-02-28,2,2,1,0,0,0,0
JD_11459532,2021-02-28,346,242,200,0,0,0,2
JD_11459531,2021-02-28,149,78,146,0,1,0,0
JD_11459522,2021-02-28,0,0,0,0,0,0,0
JD_11459521,2021-02-28,0,0,0,0,0,0,0
JD_11459520,2021-02-28,91,62,41,0,2,0,2
JD_11459519,2021-02-28,2,2,1,0,0,0,0
JD_11459518,2021-02-28,3,2,3,0,0,0,0
JD_11459517,2021-02-28,1,1,0,0,0,0,0
JD_11459516,2021-02-28,9,7,8,0,0,0,0
JD_11459515,2021-02-28,297,189,179,4,0,1,0
JD_11459514,2021-02-28,240,176,141,1,0,0,0
JD_11459513,2021-02-28,107,81,55,0,1,0,0
JD_11459512,2021-02-28,262,202,177,0,0,0,0
JD_11459510,2021-02-28,111,0,105,5,1,0,0
JD_11459509,2021-02-28,414,268,278,5,1,1,0
JD_11459508,2021-02-28,0,0,0,0,0,0,0
JD_11459507,2021-02-28,7,0,7,0,0,0,0
JD_11459504,2021-02-28,32,19,24,0,0,0,0
JD_11459503,2021-02-28,22,12,12,0,1,0,0
JD_11459502,2021-02-28,29,17,16,0,0,0,0
JD_11459501,2021-02-28,13,9,5,1,0,0,0
JD_11459500,2021-02-28,21,14,12,1,0,0,0
JD_11459499,2021-02-28,105,0,102,2,1,0,0
JD_11459498,2021-02-28,25,12,16,0,0,0,0
JD_11459497,2021-02-28,0,0,0,0,0,0,0
JD_11459496,2021-02-28,38,19,29,0,0,0,0
JD_11459495,2021-02-28,22,12,12,0,1,0,0
JD_11459494,2021-02-28,14,7,7,1,0,0,0
JD_11459493,2021-02-28,19,10,9,1,0,0,0
JD_11459492,2021-02-28,4,1,4,0,0,0,0
JD_11459489,2021-02-28,22,14,10,1,0,0,0
JD_11459488,2021-02-28,21,9,13,0,1,0,0
JD_11459486,2021-02-28,17,8,16,0,0,0,0
JD_11459484,2021-02-28,6,3,3,0,0,0,0
JD_11459483,2021-02-28,20,10,14,0,0,0,0
JD_11459481,2021-02-28,10,4,6,0,0,0,0
JD_11459479,2021-02-28,13,9,12,0,0,0,0
JD_11459478,2021-02-28,5,2,3,1,0,0,0
JD_11459477,2021-02-28,13,3,9,1,0,0,0
JD_11459476,2021-02-28,33,9,33,0,0,0,0
JD_11459475,2021-02-28,0,0,0,0,0,0,0
JD_11459474,2021-02-28,439,335,265,1,1,1,2
JD_11459473,2021-02-28,0,0,0,0,0,0,0
