JD_11489491,2021-02-28,25,5,23,1,0,0,0
JD_11489490,2021-02-28,100,0,99,1,0,0,0
JD_11489488,2021-02-28,0,0,0,0,0,0,0
JD_11489487,2021-02-28,74,51,60,0,0,0,1
JD_11489486,2021-02-28,58,39,50,0,0,0,0
JD_11489484,2021-02-28,47,33,32,0,0,0,0
JD_11489480,2021-02-28,117,2,116,1,0,0,0
JD_11489477,2021-02-28,170,74,168,1,0,0,0
JD_11489476,2021-02-28,190,33,189,1,0,0,0
JD_11489475,2021-02-28,109,21,106,3,0,0,0
JD_11489474,2021-02-28,5,3,5,0,0,0,0
JD_11489473,2021-02-28,97,72,47,1,0,0,0
JD_11489472,2021-02-28,11,5,11,0,0,0,0
JD_11489471,2021-02-28,3,3,0,0,0,0,0
JD_11489470,2021-02-28,88,70,51,0,1,0,1
JD_11489469,2021-02-28,61,48,27,1,0,0,0
JD_11489468,2021-02-28,179,134,87,0,0,0,0
JD_11489467,2021-02-28,73,49,45,1,0,0,1
JD_11489466,2021-02-28,41,28,22,1,0,0,1
JD_11489465,2021-02-28,327,234,245,3,0,0,1
JD_11489464,2021-02-28,1,1,0,0,0,0,0
JD_11489463,2021-02-28,277,170,208,1,0,0,0
JD_11489462,2021-02-28,4,4,1,0,0,0,0
JD_11489461,2021-02-28,129,97,86,0,1,0,0
JD_11489460,2021-02-28,180,145,85,0,1,0,1
JD_11489459,2021-02-28,81,66,45,1,0,0,1
JD_11489458,2021-02-28,164,117,99,0,1,0,0
JD_11489457,2021-02-28,97,69,56,0,1,0,0
JD_11489456,2021-02-28,68,47,42,0,1,0,0
JD_11489455,2021-02-28,84,41,70,0,0,0,0
JD_11489454,2021-02-28,66,51,30,1,0,0,1
JD_11489453,2021-02-28,99,80,64,0,0,0,0
JD_11489452,2021-02-28,70,54,43,0,0,0,0
JD_11489451,2021-02-28,106,79,57,0,0,0,0
JD_11489450,2021-02-28,18,8,17,0,0,0,0
JD_11489448,2021-02-28,7,2,6,0,0,0,0
JD_11489447,2021-02-28,17,6,17,0,0,0,0
JD_11489446,2021-02-28,30,3,28,2,0,0,0
JD_11489445,2021-02-28,9,2,7,0,1,0,0
JD_11489444,2021-02-28,3,2,3,0,0,0,0
JD_11489443,2021-02-28,11,3,11,0,0,0,0
JD_11489442,2021-02-28,253,3,246,7,1,0,0
JD_11489440,2021-02-28,1455,12,1423,28,3,0,0
JD_11489439,2021-02-28,249,3,243,0,4,0,0
JD_11489438,2021-02-28,32,24,14,0,1,0,0
JD_11489437,2021-02-28,12,5,7,0,1,0,0
JD_11489436,2021-02-28,16,8,15,0,0,0,0
JD_11489434,2021-02-28,25,3,24,0,0,0,0
JD_11489432,2021-02-28,200,5,197,3,0,0,0
JD_11489431,2021-02-28,2,2,1,0,0,0,0
JD_11489430,2021-02-28,5,1,5,0,0,0,0
JD_11489429,2021-02-28,14,10,5,0,0,0,0
JD_11489428,2021-02-28,2,2,0,0,0,0,0
JD_11489427,2021-02-28,8,5,3,0,0,0,0
JD_11489426,2021-02-28,15,10,6,0,0,0,0
JD_11489424,2021-02-28,3,3,0,0,0,0,0
JD_11489423,2021-02-28,8,6,5,0,0,0,0
JD_11489422,2021-02-28,110,0,108,1,1,0,0
JD_11489421,2021-02-28,131,42,111,3,3,0,0
JD_11489420,2021-02-28,735,492,401,8,0,0,1
JD_11489419,2021-02-28,12,7,10,0,0,0,0
JD_11489417,2021-02-28,148,57,108,1,5,0,0
JD_11489416,2021-02-28,3,0,3,0,0,0,0
JD_11489415,2021-02-28,11,9,5,0,0,0,0
JD_11489414,2021-02-28,47,18,35,1,0,0,0
JD_11489413,2021-02-28,25,17,14,0,0,0,0
JD_11489411,2021-02-28,134,84,90,1,1,0,0
JD_11489410,2021-02-28,0,0,0,0,0,0,0
JD_11489408,2021-02-28,117,0,114,3,0,0,0
JD_11489407,2021-02-28,91,14,90,0,1,0,0
