JD_11421624,2021-02-28,2,2,0,0,0,0,0
JD_11421623,2021-02-28,3,3,0,0,0,0,0
JD_11421622,2021-02-28,23,6,22,0,0,0,0
JD_11421621,2021-02-28,19,12,16,0,0,0,0
JD_11421620,2021-02-28,15,10,13,0,0,0,0
JD_11421618,2021-02-28,43,4,43,0,0,0,0
JD_11421617,2021-02-28,77,59,37,2,0,0,0
JD_11421615,2021-02-28,158,45,116,4,0,0,0
JD_11421614,2021-02-28,26,9,26,0,0,0,0
JD_11421613,2021-02-28,1,1,1,0,0,0,0
JD_11421612,2021-02-28,0,0,0,0,0,0,0
JD_11421610,2021-02-28,31,21,30,0,0,0,0
JD_11421609,2021-02-28,53,34,33,0,0,0,0
JD_11421608,2021-02-28,52,35,39,1,0,0,0
JD_11421607,2021-02-28,99,75,93,0,0,0,0
JD_11421606,2021-02-28,415,264,260,3,0,0,1
JD_11421605,2021-02-28,1,1,0,0,0,0,0
JD_11421604,2021-02-28,252,188,141,3,0,0,0
JD_11421603,2021-02-28,88,48,74,1,1,0,0
JD_11421602,2021-02-28,103,63,93,3,0,0,1
JD_11421601,2021-02-28,91,47,80,1,0,0,0
JD_11421600,2021-02-28,35,1,34,0,1,0,0
JD_11421599,2021-02-28,66,44,36,1,0,0,0
JD_11421598,2021-02-28,41,24,34,0,0,0,0
JD_11421597,2021-02-28,77,57,41,0,0,0,0
JD_11421596,2021-02-28,106,65,70,0,1,0,0
JD_11421595,2021-02-28,8,1,8,0,0,0,0
JD_11421592,2021-02-28,60,7,57,1,0,0,0
JD_11421591,2021-02-28,97,20,90,5,1,0,1
JD_11421584,2021-02-28,19,1,19,0,0,0,0
JD_11421582,2021-02-28,0,0,0,0,0,0,0
JD_11421580,2021-02-28,0,0,0,0,0,0,0
JD_11421564,2021-02-28,0,0,0,0,0,0,0
JD_11421555,2021-02-28,0,0,0,0,0,0,0
JD_11421554,2021-02-28,1,0,1,0,0,0,0
JD_11421553,2021-02-28,42,31,24,0,0,0,0
JD_11421552,2021-02-28,151,106,59,0,0,0,0
JD_11421551,2021-02-28,108,79,61,0,0,0,0
JD_11421550,2021-02-28,33,19,26,0,0,0,0
JD_11421549,2021-02-28,112,74,71,0,0,0,0
JD_11421548,2021-02-28,69,45,40,0,1,0,0
JD_11421547,2021-02-28,237,118,172,2,2,0,1
JD_11421546,2021-02-28,94,65,51,0,1,0,0
JD_11421545,2021-02-28,242,153,149,0,1,0,0
JD_11421544,2021-02-28,78,46,47,0,0,0,0
JD_11421543,2021-02-28,1131,244,1109,16,6,0,5
JD_11421542,2021-02-28,279,1,271,5,2,0,0
JD_11421541,2021-02-28,234,134,165,1,0,0,0
JD_11421540,2021-02-28,5654,2930,4332,76,22,1,7
JD_11421539,2021-02-28,144,9,136,4,4,0,1
JD_11421538,2021-02-28,102,38,88,2,1,0,0
JD_11421537,2021-02-28,161,46,160,1,0,0,2
JD_11421536,2021-02-28,751,218,627,8,1,0,2
JD_11421535,2021-02-28,11658,6889,9186,74,27,5,19
JD_11421534,2021-02-28,8,4,6,0,0,0,0
JD_11421533,2021-02-28,1,1,1,0,0,0,0
JD_11421532,2021-02-28,187,92,125,2,3,0,0
JD_11421531,2021-02-28,10,6,8,0,0,0,0
JD_11421530,2021-02-28,1,1,0,0,0,0,0
JD_11421528,2021-02-28,4,2,3,0,0,0,0
JD_11421527,2021-02-28,2,0,1,0,1,0,0
JD_11421526,2021-02-28,4,2,3,0,0,0,0
JD_11421525,2021-02-28,124,47,100,1,1,0,0
JD_11421524,2021-02-28,1,0,1,0,0,0,0
JD_11421523,2021-02-28,272,163,253,2,0,0,1
JD_11421520,2021-02-28,9,5,8,0,0,0,0
JD_11421518,2021-02-28,0,0,0,0,0,0,0
JD_11421517,2021-02-28,4,0,4,0,0,0,0
JD_11421516,2021-02-28,0,0,0,0,0,0,0
JD_11421515,2021-02-28,0,0,0,0,0,0,0
