JD_11325552,2021-02-28,5,1,5,0,0,0,0
JD_11325551,2021-02-28,10,1,10,0,0,0,0
JD_11325550,2021-02-28,4,0,4,0,0,0,0
JD_11325548,2021-02-28,12,5,8,1,0,0,0
JD_11325547,2021-02-28,66,31,42,1,0,0,0
JD_11325545,2021-02-28,335,249,275,2,3,0,1
JD_11325543,2021-02-28,54,30,39,0,0,0,0
JD_11325542,2021-02-28,12,2,9,1,0,0,0
JD_11325541,2021-02-28,628,489,447,1,2,0,0
JD_11325540,2021-02-28,17,0,17,0,0,0,0
JD_11325539,2021-02-28,222,12,209,6,1,0,0
JD_11325538,2021-02-28,47,6,45,2,0,0,0
JD_11325537,2021-02-28,227,0,213,11,3,0,0
JD_11325536,2021-02-28,21,0,21,0,0,0,0
JD_11325535,2021-02-28,3906,2807,2593,8,4,2,5
JD_11325534,2021-02-28,10,6,6,0,0,0,0
JD_11325533,2021-02-28,27,9,27,0,0,0,0
JD_11325531,2021-02-28,545,401,306,0,0,0,1
JD_11325530,2021-02-28,42,1,42,0,0,0,0
JD_11325529,2021-02-28,60,0,57,3,0,0,0
JD_11325528,2021-02-28,45,2,45,0,0,0,0
JD_11325526,2021-02-28,8,6,3,0,0,0,0
JD_11325525,2021-02-28,8,3,5,0,0,0,0
JD_11325523,2021-02-28,172,120,82,0,0,0,0
JD_11325522,2021-02-28,42,31,21,0,0,0,0
JD_11325519,2021-02-28,9,4,8,0,0,0,0
JD_11325518,2021-02-28,2,0,2,0,0,0,0
JD_11325516,2021-02-28,10,7,6,0,0,0,0
JD_11325515,2021-02-28,12,1,12,0,0,0,0
JD_11325514,2021-02-28,0,0,0,0,0,0,0
JD_11325510,2021-02-28,93,62,92,0,1,0,0
JD_11325509,2021-02-28,684,446,526,2,2,1,0
JD_11325508,2021-02-28,233,70,219,3,1,0,0
JD_11325507,2021-02-28,0,0,0,0,0,0,0
JD_11325505,2021-02-28,12,6,12,0,0,0,0
JD_11325502,2021-02-28,4,3,1,0,0,0,0
JD_11325499,2021-02-28,18,6,14,1,1,0,0
JD_11325497,2021-02-28,12,5,12,0,0,0,0
JD_11325491,2021-02-28,4,1,4,0,0,0,0
JD_11325490,2021-02-28,1,0,1,0,0,0,0
JD_11325489,2021-02-28,0,0,0,0,0,0,0
JD_11325488,2021-02-28,512,426,189,0,0,0,0
JD_11325482,2021-02-28,6,1,6,0,0,0,0
JD_11325481,2021-02-28,5,2,5,0,0,0,0
JD_11325479,2021-02-28,0,0,0,0,0,0,0
JD_11325475,2021-02-28,46,36,42,0,0,0,0
JD_11325474,2021-02-28,14,13,13,0,0,0,0
JD_11325473,2021-02-28,14,11,13,0,0,0,0
JD_11325472,2021-02-28,6,1,6,0,0,0,0
JD_11325469,2021-02-28,1,1,1,0,0,0,0
JD_11325467,2021-02-28,72,48,38,1,0,0,1
JD_11325451,2021-02-28,1,0,1,0,0,0,0
JD_11325450,2021-02-28,9,5,9,0,0,0,0
JD_11325447,2021-02-28,6,4,5,0,0,0,0
JD_11325444,2021-02-28,7,4,7,0,0,0,0
JD_11325442,2021-02-28,3,1,2,0,0,0,0
JD_11325441,2021-02-28,7,6,7,0,0,0,0
JD_11325440,2021-02-28,0,0,0,0,0,0,0
JD_11325439,2021-02-28,0,0,0,0,0,0,0
JD_11325438,2021-02-28,253,176,142,0,2,0,2
JD_11325437,2021-02-28,169,132,80,1,0,1,0
JD_11325436,2021-02-28,1154,756,805,0,0,3,0
JD_11325433,2021-02-28,0,0,0,0,0,0,0
JD_11325427,2021-02-28,0,0,0,0,0,0,0
JD_11325426,2021-02-28,0,0,0,0,0,0,0
JD_11325425,2021-02-28,0,0,0,0,0,0,0
JD_11325423,2021-02-28,0,0,0,0,0,0,0
JD_11325422,2021-02-28,1,1,1,0,0,0,0
JD_11325419,2021-02-28,0,0,0,0,0,0,0
JD_11325416,2021-02-28,0,0,0,0,0,0,0
