JD_11533124,2021-02-28,14,11,4,0,0,0,0
JD_11533123,2021-02-28,8,5,4,0,0,0,0
JD_11533122,2021-02-28,97,56,64,0,0,0,0
JD_11533121,2021-02-28,10,8,3,0,0,0,0
JD_11533119,2021-02-28,324,186,211,1,0,0,0
JD_11533114,2021-02-28,2,2,1,0,0,0,0
JD_11533110,2021-02-28,4,1,3,0,0,0,0
JD_11533106,2021-02-28,17,7,12,0,0,0,0
JD_11533105,2021-02-28,19,11,18,0,0,0,0
JD_11533104,2021-02-28,26,16,17,0,0,0,0
JD_11533103,2021-02-28,7,4,4,0,0,0,1
JD_11533102,2021-02-28,7,0,6,0,1,0,0
JD_11533101,2021-02-28,30,18,22,0,0,0,0
JD_11533100,2021-02-28,5,3,3,0,0,0,0
JD_11533099,2021-02-28,29,18,21,1,0,0,0
JD_11533098,2021-02-28,5,5,2,0,0,0,0
JD_11533097,2021-02-28,1,1,1,0,0,0,0
JD_11533096,2021-02-28,5,5,5,0,0,0,0
JD_11533095,2021-02-28,442,295,253,4,3,0,3
JD_11533094,2021-02-28,6,0,6,0,0,0,0
JD_11533093,2021-02-28,9,3,6,0,0,0,0
JD_11533092,2021-02-28,7,1,5,1,0,0,0
JD_11533091,2021-02-28,7,0,7,0,0,0,0
JD_11533090,2021-02-28,8,0,8,0,0,0,0
JD_11533089,2021-02-28,6,5,4,0,0,0,0
JD_11533088,2021-02-28,13,6,10,0,0,0,0
JD_11533087,2021-02-28,6,2,4,0,0,0,0
JD_11533085,2021-02-28,4,3,2,0,0,0,0
JD_11533084,2021-02-28,5,0,5,0,0,0,0
JD_11533083,2021-02-28,0,0,0,0,0,0,0
JD_11533082,2021-02-28,5,3,2,0,0,0,0
JD_11533081,2021-02-28,10,8,4,0,0,0,0
JD_11533080,2021-02-28,5,3,3,0,1,0,0
JD_11533079,2021-02-28,11,8,5,0,0,0,0
JD_11533078,2021-02-28,1,1,0,0,0,0,0
JD_11533077,2021-02-28,0,0,0,0,0,0,0
JD_11533076,2021-02-28,4,2,4,0,0,0,0
JD_11533075,2021-02-28,2,1,1,0,0,0,0
JD_11533074,2021-02-28,6,4,5,0,0,0,0
JD_11533073,2021-02-28,3,2,2,0,0,0,0
JD_11533072,2021-02-28,19,12,9,0,0,0,0
JD_11533071,2021-02-28,28,21,14,0,0,0,0
JD_11533070,2021-02-28,0,0,0,0,0,0,0
JD_11533068,2021-02-28,76,50,47,1,0,0,0
JD_11533067,2021-02-28,0,0,0,0,0,0,0
JD_11533066,2021-02-28,2,0,2,0,0,0,0
JD_11533065,2021-02-28,18,13,10,0,0,0,0
JD_11533064,2021-02-28,3,2,1,0,0,0,0
JD_11533063,2021-02-28,6,4,3,0,0,0,0
JD_11533062,2021-02-28,22,18,5,0,0,0,0
JD_11533061,2021-02-28,0,0,0,0,0,0,0
JD_11533060,2021-02-28,16,8,13,0,0,0,0
JD_11533058,2021-02-28,14,7,12,1,0,0,0
JD_11533057,2021-02-28,48,25,45,2,0,0,0
JD_11533056,2021-02-28,51,44,17,0,0,0,0
JD_11533055,2021-02-28,5,3,5,0,0,0,0
JD_11533054,2021-02-28,9,5,6,0,0,0,0
JD_11533053,2021-02-28,1,0,1,0,0,0,0
JD_11533052,2021-02-28,0,0,0,0,0,0,0
JD_11533051,2021-02-28,3,1,3,0,0,0,0
JD_11533050,2021-02-28,1,1,0,0,0,0,0
JD_11533049,2021-02-28,1,1,0,0,0,0,0
JD_11533048,2021-02-28,5,3,4,0,1,0,0
JD_11533047,2021-02-28,3,3,1,0,0,0,0
JD_11533046,2021-02-28,20,12,13,0,0,0,0
JD_11533045,2021-02-28,21,16,11,0,0,0,0
JD_11533044,2021-02-28,1,1,1,0,0,0,0
JD_11533043,2021-02-28,16,11,10,0,0,0,0
JD_11533042,2021-02-28,17,11,8,0,1,0,1
JD_11533041,2021-02-28,19,10,13,1,0,0,0
