JD_11523761,2021-02-28,549,384,347,2,0,0,0
JD_11523760,2021-02-28,1796,1409,1232,1,3,0,7
JD_11523759,2021-02-28,282,188,203,1,0,0,4
JD_11523758,2021-02-28,646,495,433,0,2,0,1
JD_11523757,2021-02-28,17,12,17,0,0,0,0
JD_11523756,2021-02-28,47,33,36,0,0,0,1
JD_11523755,2021-02-28,66,56,15,1,0,0,0
JD_11523754,2021-02-28,1769,1325,1085,2,1,0,5
JD_11523753,2021-02-28,25,22,17,0,0,0,0
JD_11523751,2021-02-28,47,5,47,0,0,0,0
JD_11523750,2021-02-28,21,12,18,0,0,0,0
JD_11523749,2021-02-28,47,35,24,0,0,0,0
JD_11523748,2021-02-28,86,77,51,1,0,0,0
JD_11523747,2021-02-28,16,7,14,0,0,0,0
JD_11523745,2021-02-28,15,6,14,0,0,0,0
JD_11523744,2021-02-28,40,24,34,0,0,0,0
JD_11523743,2021-02-28,39,24,33,0,0,0,0
JD_11523742,2021-02-28,43,17,36,0,0,0,0
JD_11523741,2021-02-28,42,25,35,0,0,0,0
JD_11523740,2021-02-28,64,30,50,0,0,0,0
JD_11523739,2021-02-28,43,17,38,1,0,0,0
JD_11523738,2021-02-28,173,111,155,0,0,0,0
JD_11523737,2021-02-28,4,3,2,0,0,0,0
JD_11523736,2021-02-28,873,682,430,2,1,0,4
JD_11523734,2021-02-28,70,24,70,0,0,0,0
JD_11523732,2021-02-28,244,199,96,1,0,0,0
JD_11523729,2021-02-28,52,0,51,0,1,0,0
JD_11523728,2021-02-28,79,54,53,0,1,0,0
JD_11523723,2021-02-28,2,1,1,0,0,0,0
JD_11523718,2021-02-28,0,0,0,0,0,0,0
JD_11523715,2021-02-28,714,538,322,2,0,1,1
JD_11523714,2021-02-28,1,0,1,0,0,0,0
JD_11523712,2021-02-28,0,0,0,0,0,0,0
JD_11523711,2021-02-28,27,21,18,0,0,0,0
JD_11523708,2021-02-28,6,4,3,0,0,0,0
JD_11523707,2021-02-28,11,0,10,1,0,0,0
JD_11523705,2021-02-28,1,0,1,0,0,0,0
JD_11523704,2021-02-28,3,3,1,0,0,0,0
JD_11523703,2021-02-28,0,0,0,0,0,0,0
JD_11523702,2021-02-28,0,0,0,0,0,0,0
JD_11523701,2021-02-28,2,1,1,0,0,0,0
JD_11523700,2021-02-28,3,0,1,2,0,0,0
JD_11523696,2021-02-28,109,23,105,2,2,0,0
JD_11523695,2021-02-28,809,509,795,9,4,1,1
JD_11523694,2021-02-28,0,0,0,0,0,0,0
JD_11523693,2021-02-28,91,43,88,0,0,0,0
JD_11523690,2021-02-28,24,11,18,0,0,0,0
JD_11523688,2021-02-28,6,4,4,0,0,0,0
JD_11523686,2021-02-28,75,0,73,2,0,0,1
JD_11523685,2021-02-28,5,1,4,0,1,0,0
JD_11523684,2021-02-28,315,24,313,1,1,0,3
JD_11523682,2021-02-28,7,4,7,0,0,0,0
JD_11523681,2021-02-28,5,4,4,0,0,0,0
JD_11523680,2021-02-28,12,4,10,0,0,0,0
JD_11523679,2021-02-28,10,3,8,1,0,0,0
JD_11523678,2021-02-28,8,0,8,0,0,0,0
JD_11523677,2021-02-28,34,22,22,1,0,0,0
JD_11523676,2021-02-28,102,3,100,2,0,0,0
JD_11523675,2021-02-28,39,19,38,1,0,0,0
JD_11523674,2021-02-28,4,0,3,1,0,0,0
JD_11523672,2021-02-28,32,13,31,1,0,0,0
JD_11523671,2021-02-28,44,32,25,1,0,0,0
JD_11523670,2021-02-28,21,10,18,0,0,0,0
JD_11523667,2021-02-28,3,1,2,0,0,0,0
JD_11523666,2021-02-28,28765,20915,18338,69,29,25,27
JD_11523665,2021-02-28,2,2,0,0,0,0,0
JD_11523663,2021-02-28,23,5,18,0,0,0,0
JD_11523662,2021-02-28,23,12,17,0,0,0,0
JD_11523660,2021-02-28,5,1,5,0,0,0,0
JD_11523659,2021-02-28,9,2,7,0,0,0,0
