JD_11471596,2021-02-28,0,0,0,0,0,0,0
JD_11471595,2021-02-28,0,0,0,0,0,0,0
JD_11471591,2021-02-28,0,0,0,0,0,0,0
JD_11471585,2021-02-28,117,0,109,6,2,0,0
JD_11471584,2021-02-28,165,0,158,7,0,0,0
JD_11471579,2021-02-28,396,1,377,14,4,0,0
JD_11471578,2021-02-28,203,0,193,9,1,0,0
JD_11471573,2021-02-28,0,0,0,0,0,0,0
JD_11471572,2021-02-28,3,0,3,0,0,0,0
JD_11471567,2021-02-28,6,0,6,0,0,0,0
JD_11471566,2021-02-28,1,1,1,0,0,0,0
JD_11471565,2021-02-28,13,4,12,1,0,0,0
JD_11471563,2021-02-28,0,0,0,0,0,0,0
JD_11471553,2021-02-28,169,0,165,3,1,0,0
JD_11471551,2021-02-28,18,1,17,1,0,0,0
JD_11471550,2021-02-28,48,1,48,0,0,0,0
JD_11471549,2021-02-28,258,0,253,4,1,0,0
JD_11471547,2021-02-28,8,0,8,0,0,0,0
JD_11471546,2021-02-28,20,4,15,1,1,0,0
JD_11471534,2021-02-28,7,5,3,0,0,0,0
JD_11471526,2021-02-28,660,21,650,7,3,0,1
JD_11471525,2021-02-28,375,0,362,7,6,0,0
JD_11471524,2021-02-28,2653,1379,2254,14,3,2,8
JD_11471523,2021-02-28,1839,311,1768,50,10,0,7
JD_11471519,2021-02-28,7,1,7,0,0,0,0
JD_11471518,2021-02-28,122,86,100,1,0,0,0
JD_11471517,2021-02-28,53,39,31,0,0,0,0
JD_11471516,2021-02-28,10,8,7,0,0,0,0
JD_11471515,2021-02-28,51,34,26,0,0,0,0
JD_11471514,2021-02-28,0,0,0,0,0,0,0
JD_11471513,2021-02-28,24,11,23,0,0,0,0
JD_11471512,2021-02-28,4,1,3,0,0,0,0
JD_11471511,2021-02-28,0,0,0,0,0,0,0
JD_11471510,2021-02-28,10,5,5,0,0,0,0
JD_11471508,2021-02-28,0,0,0,0,0,0,0
JD_11471507,2021-02-28,2,2,2,0,0,0,0
JD_11471506,2021-02-28,1,0,1,0,0,0,0
JD_11471505,2021-02-28,2,1,1,0,0,0,0
JD_11471504,2021-02-28,1,1,0,0,0,0,0
JD_11471503,2021-02-28,1,1,0,0,0,0,0
JD_11471502,2021-02-28,0,0,0,0,0,0,0
JD_11471500,2021-02-28,4,3,4,0,0,0,0
JD_11471499,2021-02-28,1,0,1,0,0,0,0
JD_11471498,2021-02-28,3,3,1,0,0,0,0
JD_11471497,2021-02-28,0,0,0,0,0,0,0
JD_11471496,2021-02-28,3,0,2,1,0,0,0
JD_11471494,2021-02-28,2,0,2,0,0,0,0
JD_11471493,2021-02-28,2,1,1,0,0,0,0
JD_11471492,2021-02-28,6,5,4,0,0,0,0
JD_11471491,2021-02-28,3,2,2,0,0,0,0
JD_11471490,2021-02-28,0,0,0,0,0,0,0
JD_11471489,2021-02-28,0,0,0,0,0,0,0
JD_11471488,2021-02-28,2,0,2,0,0,0,0
JD_11471485,2021-02-28,0,0,0,0,0,0,0
JD_11471484,2021-02-28,1,0,1,0,0,0,0
JD_11471483,2021-02-28,2,2,1,0,0,0,0
JD_11471481,2021-02-28,14,7,14,0,0,0,0
JD_11471480,2021-02-28,4,1,3,0,0,0,0
JD_11471479,2021-02-28,17,14,11,0,0,0,0
JD_11471478,2021-02-28,0,0,0,0,0,0,0
JD_11471477,2021-02-28,0,0,0,0,0,0,0
JD_11471476,2021-02-28,1,0,1,0,0,0,0
JD_11471475,2021-02-28,1,1,1,0,0,0,0
JD_11471474,2021-02-28,25,20,19,0,0,0,0
JD_11471473,2021-02-28,0,0,0,0,0,0,0
JD_11471472,2021-02-28,16,6,13,1,0,0,0
JD_11471471,2021-02-28,7,4,4,0,0,0,0
JD_11471470,2021-02-28,5,2,5,0,0,0,1
JD_11471466,2021-02-28,205,0,195,6,4,0,0
JD_11471465,2021-02-28,7,6,0,1,0,0,0
