JD_11534073,2021-02-28,0,0,0,0,0,0,0
JD_11534072,2021-02-28,0,0,0,0,0,0,0
JD_11534071,2021-02-28,0,0,0,0,0,0,0
JD_11534069,2021-02-28,0,0,0,0,0,0,0
JD_11534067,2021-02-28,20,0,20,0,0,0,0
JD_11534066,2021-02-28,155,0,148,4,3,0,0
JD_11534065,2021-02-28,2,1,2,0,0,0,0
JD_11534063,2021-02-28,0,0,0,0,0,0,0
JD_11534062,2021-02-28,0,0,0,0,0,0,0
JD_11534061,2021-02-28,7,6,4,0,0,0,0
JD_11534060,2021-02-28,1,1,0,0,0,0,0
JD_11534059,2021-02-28,23,8,21,0,0,0,0
JD_11534058,2021-02-28,79,5,76,1,1,0,0
JD_11534057,2021-02-28,0,0,0,0,0,0,0
JD_11534056,2021-02-28,0,0,0,0,0,0,0
JD_11534055,2021-02-28,39,25,27,1,0,0,0
JD_11534054,2021-02-28,2,1,2,0,0,0,0
JD_11534053,2021-02-28,7,2,5,2,0,0,0
JD_11534052,2021-02-28,44,11,39,0,0,0,0
JD_11534051,2021-02-28,403,162,316,7,6,0,0
JD_11534050,2021-02-28,699,142,661,11,8,0,1
JD_11534049,2021-02-28,12,10,5,0,0,0,0
JD_11534048,2021-02-28,140,106,115,1,1,0,0
JD_11534047,2021-02-28,45,9,41,2,2,0,1
JD_11534046,2021-02-28,6,0,6,0,0,0,0
JD_11534045,2021-02-28,0,0,0,0,0,0,0
JD_11534044,2021-02-28,3,3,1,0,0,0,0
JD_11534043,2021-02-28,3,3,2,0,0,0,0
JD_11534042,2021-02-28,7,6,4,0,0,0,0
JD_11534041,2021-02-28,30,20,19,0,0,0,0
JD_11534040,2021-02-28,5,4,2,0,0,0,0
JD_11534039,2021-02-28,1,0,1,0,0,0,0
JD_11534037,2021-02-28,10,4,9,0,0,0,0
JD_11534036,2021-02-28,82,56,44,0,0,0,0
JD_11534035,2021-02-28,12,4,11,0,0,0,0
JD_11534034,2021-02-28,2,1,1,0,0,0,0
JD_11534033,2021-02-28,28,16,17,1,0,0,0
JD_11534032,2021-02-28,15,13,5,0,0,0,0
JD_11534031,2021-02-28,2,0,2,0,0,0,0
JD_11534029,2021-02-28,2,2,2,0,0,0,0
JD_11534028,2021-02-28,3,0,3,0,0,0,0
JD_11534027,2021-02-28,80,50,44,2,0,0,0
JD_11534026,2021-02-28,14,9,8,0,0,0,0
JD_11534025,2021-02-28,8,6,7,0,0,0,0
JD_11534024,2021-02-28,76,52,43,0,1,0,0
JD_11534019,2021-02-28,78,49,54,0,0,0,0
JD_11534017,2021-02-28,42,12,39,2,1,0,0
JD_11534016,2021-02-28,2,1,2,0,0,0,0
JD_11534015,2021-02-28,11,8,10,0,0,0,0
JD_11534014,2021-02-28,23,17,18,0,0,0,0
JD_11534013,2021-02-28,8,4,5,0,0,0,0
JD_11534009,2021-02-28,21,10,21,0,0,0,0
JD_11533996,2021-02-28,0,0,0,0,0,0,0
JD_11533994,2021-02-28,0,0,0,0,0,0,0
JD_11533990,2021-02-28,3,0,3,0,0,0,0
JD_11533989,2021-02-28,0,0,0,0,0,0,0
JD_11533987,2021-02-28,90,58,68,0,0,0,0
JD_11533983,2021-02-28,6,2,6,0,0,0,0
JD_11533982,2021-02-28,3,1,3,0,0,0,0
JD_11533981,2021-02-28,2,0,2,0,0,0,0
JD_11533980,2021-02-28,0,0,0,0,0,0,0
JD_11533979,2021-02-28,3,1,3,0,0,0,0
JD_11533977,2021-02-28,0,0,0,0,0,0,0
JD_11533975,2021-02-28,4,4,4,0,0,0,0
JD_11533973,2021-02-28,1,1,0,0,0,0,0
JD_11533972,2021-02-28,0,0,0,0,0,0,0
JD_11533970,2021-02-28,0,0,0,0,0,0,0
JD_11533969,2021-02-28,1,0,1,0,0,0,0
JD_11533968,2021-02-28,7,5,4,0,0,0,0
JD_11533967,2021-02-28,1,1,1,0,0,0,0
