JD_11399134,2021-02-28,36,20,25,0,0,0,0
JD_11399133,2021-02-28,139,74,83,3,1,0,0
JD_11399130,2021-02-28,7,0,7,0,0,0,0
JD_11399129,2021-02-28,44,31,23,0,0,0,0
JD_11399128,2021-02-28,1,1,1,0,0,0,0
JD_11399125,2021-02-28,6,5,2,0,0,0,0
JD_11399124,2021-02-28,2,1,1,0,0,0,0
JD_11399116,2021-02-28,8,5,6,0,0,0,0
JD_11399115,2021-02-28,13,9,5,0,0,0,0
JD_11399114,2021-02-28,11,0,11,0,0,0,0
JD_11399109,2021-02-28,14,0,14,0,0,0,0
JD_11399103,2021-02-28,3,0,3,0,0,0,0
JD_11399102,2021-02-28,98,44,79,2,0,0,0
JD_11399101,2021-02-28,17,9,12,0,0,0,0
JD_11399100,2021-02-28,15,7,13,0,0,0,0
JD_11399099,2021-02-28,95,42,87,1,0,0,0
JD_11399098,2021-02-28,83,43,70,0,1,0,0
JD_11399097,2021-02-28,63,25,55,1,0,0,0
JD_11399096,2021-02-28,49,25,43,1,0,0,0
JD_11399095,2021-02-28,18,10,13,0,0,0,0
JD_11399094,2021-02-28,20,10,16,0,0,0,0
JD_11399093,2021-02-28,11,8,9,0,0,0,0
JD_11399092,2021-02-28,18,10,15,0,0,0,0
JD_11399090,2021-02-28,21,13,18,0,0,0,0
JD_11399089,2021-02-28,34,19,26,0,0,0,0
JD_11399088,2021-02-28,26,12,21,0,0,0,0
JD_11399087,2021-02-28,1,0,1,0,0,0,0
JD_11399084,2021-02-28,0,0,0,0,0,0,0
JD_11399077,2021-02-28,62,41,48,0,1,0,0
JD_11399076,2021-02-28,0,0,0,0,0,0,0
JD_11399075,2021-02-28,0,0,0,0,0,0,0
JD_11399073,2021-02-28,8,2,6,0,0,0,0
JD_11399072,2021-02-28,0,0,0,0,0,0,0
JD_11399071,2021-02-28,0,0,0,0,0,0,0
JD_11399069,2021-02-28,71,44,51,1,0,0,0
JD_11399068,2021-02-28,2,0,1,0,1,0,0
JD_11399067,2021-02-28,3,1,2,0,0,0,0
JD_11399066,2021-02-28,46,38,35,0,0,0,0
JD_11399065,2021-02-28,0,0,0,0,0,0,0
JD_11399064,2021-02-28,9,8,3,0,0,0,0
JD_11399063,2021-02-28,35,32,17,0,0,0,0
JD_11399062,2021-02-28,0,0,0,0,0,0,0
JD_11399059,2021-02-28,12,11,3,0,0,0,0
JD_11399057,2021-02-28,41,2,41,0,0,0,0
JD_11399056,2021-02-28,103,72,79,0,1,0,0
JD_11399055,2021-02-28,4,2,4,0,0,0,0
JD_11399054,2021-02-28,1244,788,1229,13,2,0,5
JD_11399053,2021-02-28,225,17,223,2,0,0,0
JD_11399052,2021-02-28,8,2,8,0,0,0,0
JD_11399051,2021-02-28,35,10,35,0,0,0,0
JD_11399050,2021-02-28,30,23,22,0,0,0,0
JD_11399045,2021-02-28,148,0,144,2,2,0,0
JD_11399044,2021-02-28,85,0,83,1,1,0,0
JD_11399040,2021-02-28,142,0,139,2,1,0,0
JD_11399039,2021-02-28,130,0,126,3,1,0,0
JD_11399037,2021-02-28,0,0,0,0,0,0,0
JD_11399026,2021-02-28,0,0,0,0,0,0,0
JD_11399023,2021-02-28,30,1,30,0,0,0,0
JD_11399022,2021-02-28,0,0,0,0,0,0,0
JD_11399012,2021-02-28,15,0,14,0,1,0,0
JD_11399011,2021-02-28,1985,315,1886,31,14,1,4
JD_11399010,2021-02-28,12,0,12,0,0,0,0
JD_11399003,2021-02-28,1,0,1,0,0,0,0
JD_11399001,2021-02-28,46,17,29,0,0,0,0
JD_11399000,2021-02-28,16,4,14,1,0,0,0
JD_11398999,2021-02-28,3,0,3,0,0,0,0
JD_11398997,2021-02-28,0,0,0,0,0,0,0
JD_11398994,2021-02-28,182,62,174,3,3,0,0
JD_11398993,2021-02-28,3,3,1,0,0,0,0
JD_11398992,2021-02-28,0,0,0,0,0,0,0
