JD_12573040,2021-02-28,930,758,170,1,1,1,2
JD_12573039,2021-02-28,18,16,2,0,0,0,0
JD_12573038,2021-02-28,143,125,18,0,0,0,0
JD_12573037,2021-02-28,501,375,126,0,0,0,2
JD_12573036,2021-02-28,540,458,82,0,0,0,3
JD_12573035,2021-02-28,1949,1589,359,0,1,1,3
JD_12573034,2021-02-28,9,6,3,0,0,0,0
JD_12573033,2021-02-28,125,84,41,0,0,0,0
JD_12573032,2021-02-28,12503,10634,1860,9,0,8,15
JD_12573031,2021-02-28,92,85,7,0,0,1,0
JD_12573030,2021-02-28,118,102,16,0,0,0,0
JD_12573029,2021-02-28,85,71,14,0,0,0,0
JD_12573028,2021-02-28,106,92,14,0,0,0,0
JD_12573027,2021-02-28,11,7,4,0,0,0,0
JD_12573026,2021-02-28,57,52,5,0,0,0,0
JD_12573025,2021-02-28,54,47,7,0,0,0,0
JD_12573024,2021-02-28,1108,865,242,1,0,4,1
JD_12573023,2021-02-28,28,26,2,0,0,0,0
JD_12573022,2021-02-28,1276,1065,210,1,0,0,3
JD_12573021,2021-02-28,24,19,5,0,0,0,0
JD_12573019,2021-02-28,70,59,11,0,0,0,0
JD_12573018,2021-02-28,392,338,54,0,0,0,0
JD_12573017,2021-02-28,34,29,5,0,0,0,0
JD_12573016,2021-02-28,138,114,24,0,0,0,0
JD_12573015,2021-02-28,46,41,5,0,0,0,0
JD_12573014,2021-02-28,136,114,22,0,0,0,0
JD_12573012,2021-02-28,753,507,244,1,1,1,3
JD_12573011,2021-02-28,672,524,148,0,0,0,2
JD_12573010,2021-02-28,292,222,70,0,0,0,0
JD_12573009,2021-02-28,39,34,4,0,1,0,0
JD_12573008,2021-02-28,489,397,92,0,0,1,3
JD_12573007,2021-02-28,4,3,1,0,0,0,0
JD_12573006,2021-02-28,14,11,3,0,0,0,0
JD_12573005,2021-02-28,109,100,9,0,0,0,0
JD_12573004,2021-02-28,829,704,124,1,0,0,1
JD_12573003,2021-02-28,339,302,37,0,0,0,0
JD_12573002,2021-02-28,177,151,25,1,0,0,0
JD_12573001,2021-02-28,9,9,0,0,0,0,0
JD_12573000,2021-02-28,1064,846,217,1,0,2,2
JD_12572999,2021-02-28,183,147,36,0,0,0,1
JD_12572998,2021-02-28,2,2,0,0,0,0,0
JD_12572997,2021-02-28,194,162,31,1,0,0,0
JD_12572996,2021-02-28,20,13,7,0,0,0,0
JD_12572995,2021-02-28,21,19,2,0,0,0,0
JD_12572994,2021-02-28,1,1,0,0,0,0,0
JD_12569385,2021-02-28,25,25,0,0,0,0,0
JD_12569384,2021-02-28,159,141,18,0,0,0,0
JD_12569382,2021-02-28,34,32,2,0,0,0,0
JD_12569381,2021-02-28,3,1,2,0,0,0,0
JD_12569380,2021-02-28,74,59,15,0,0,0,0
JD_12569379,2021-02-28,1,1,0,0,0,0,0
JD_12569378,2021-02-28,13,9,4,0,0,0,0
JD_12569377,2021-02-28,30,27,3,0,0,0,0
JD_12569376,2021-02-28,19,19,0,0,0,0,0
JD_12569375,2021-02-28,24,22,2,0,0,0,0
JD_12569374,2021-02-28,143,128,15,0,0,0,0
JD_12569373,2021-02-28,19,18,1,0,0,0,0
JD_12569372,2021-02-28,61,55,6,0,0,0,1
JD_12569371,2021-02-28,21,16,5,0,0,0,0
JD_12569370,2021-02-28,7,6,1,0,0,0,0
JD_12569369,2021-02-28,61,49,12,0,0,0,0
JD_12569368,2021-02-28,8,4,3,1,0,0,0
JD_12569367,2021-02-28,6,5,1,0,0,0,0
JD_12569366,2021-02-28,10,9,1,0,0,0,0
JD_12569365,2021-02-28,12,10,2,0,0,0,0
JD_12569364,2021-02-28,17,12,5,0,0,0,0
JD_12569363,2021-02-28,9664,8012,1636,10,6,14,22
JD_12569362,2021-02-28,5,4,0,0,1,0,0
JD_12569360,2021-02-28,3,1,2,0,0,0,0
JD_12569358,2021-02-28,6,6,0,0,0,0,0
