JD_12034004,2021-02-28,221,177,113,0,0,0,0
JD_12034003,2021-02-28,19,14,15,0,0,0,0
JD_12034002,2021-02-28,41,24,30,0,0,0,0
JD_12034001,2021-02-28,44,32,25,0,0,0,0
JD_12034000,2021-02-28,29,25,17,0,0,0,0
JD_12033999,2021-02-28,2,2,0,0,0,0,0
JD_12033998,2021-02-28,17,13,8,0,0,0,0
JD_12033997,2021-02-28,8,8,5,0,0,0,0
JD_12033996,2021-02-28,0,0,0,0,0,0,0
JD_12033995,2021-02-28,15,10,15,0,0,0,0
JD_12033994,2021-02-28,6,4,2,0,0,0,0
JD_12033993,2021-02-28,11,6,11,0,0,0,0
JD_12033992,2021-02-28,22,15,15,0,0,0,0
JD_12033991,2021-02-28,4,1,3,0,0,0,0
JD_12033990,2021-02-28,12,10,6,0,0,0,0
JD_12033989,2021-02-28,34,28,12,0,0,0,0
JD_12033988,2021-02-28,161,128,86,0,0,0,0
JD_12033987,2021-02-28,17,12,10,0,0,0,0
JD_12033986,2021-02-28,11,0,11,0,0,0,0
JD_12033985,2021-02-28,9,7,7,0,0,0,1
JD_12033984,2021-02-28,8,5,6,0,0,0,0
JD_12033983,2021-02-28,14,8,10,0,0,0,0
JD_12033982,2021-02-28,112,83,35,0,0,1,0
JD_12033981,2021-02-28,6,4,4,0,0,0,0
JD_12033980,2021-02-28,12,10,6,0,0,0,0
JD_12033978,2021-02-28,450,204,432,2,2,1,2
JD_12033977,2021-02-28,2,2,1,0,0,0,0
JD_12033976,2021-02-28,115,96,55,0,1,0,0
JD_12033975,2021-02-28,47,32,27,1,0,0,1
JD_12033974,2021-02-28,7,2,6,0,0,0,0
JD_12033973,2021-02-28,84,58,50,0,0,0,0
JD_12033972,2021-02-28,6,5,5,0,0,0,0
JD_12033971,2021-02-28,2442,1653,1663,5,2,1,9
JD_12033969,2021-02-28,1749,1140,1199,4,0,1,7
JD_12033967,2021-02-28,668,524,424,0,1,0,2
JD_12033966,2021-02-28,570,439,348,0,0,0,2
JD_12033965,2021-02-28,7656,5807,4403,7,4,3,15
JD_12033964,2021-02-28,64,47,26,0,0,0,2
JD_12033963,2021-02-28,111,80,74,0,0,0,0
JD_12019887,2021-02-28,335,224,234,0,0,0,1
JD_12001158,2021-02-28,16,13,10,0,0,0,0
JD_12000325,2021-02-28,63,48,35,0,0,0,0
JD_12000324,2021-02-28,0,0,0,0,0,0,0
JD_12000323,2021-02-28,6,3,6,0,0,0,0
JD_12000322,2021-02-28,393,243,316,0,0,0,4
JD_12000321,2021-02-28,10,7,9,0,0,0,0
JD_12000320,2021-02-28,0,0,0,0,0,0,0
JD_12000319,2021-02-28,38,26,25,1,0,0,0
JD_12000318,2021-02-28,55,31,52,0,0,0,1
JD_12000317,2021-02-28,5666,3427,4106,5,6,4,26
JD_12000316,2021-02-28,17,9,10,0,0,0,0
JD_12000315,2021-02-28,555,420,274,5,0,0,3
JD_12000314,2021-02-28,239,151,172,0,3,0,3
JD_12000313,2021-02-28,102,13,101,1,0,0,1
JD_12000312,2021-02-28,5126,1211,4871,42,19,1,19
JD_12000311,2021-02-28,19,11,16,0,1,0,0
JD_12000310,2021-02-28,7,5,4,0,0,0,0
JD_12000309,2021-02-28,12,7,11,0,0,0,0
JD_12000308,2021-02-28,7,3,7,0,0,0,0
JD_12000307,2021-02-28,19,14,9,0,0,0,0
JD_12000306,2021-02-28,7,6,3,0,0,0,0
JD_12000305,2021-02-28,6,4,3,0,0,0,0
JD_12000304,2021-02-28,60,49,25,0,0,0,0
JD_12000302,2021-02-28,6816,3737,6768,25,21,3,28
JD_12000301,2021-02-28,1,1,0,0,0,0,0
JD_12000300,2021-02-28,83,46,66,1,0,0,0
JD_12000298,2021-02-28,55,12,53,2,0,0,0
JD_12000297,2021-02-28,13,10,5,0,0,0,0
JD_12000296,2021-02-28,16,7,15,1,0,0,0
JD_12000295,2021-02-28,2377,1953,1401,1,4,0,4
