JD_12292981,2021-02-28,9,6,7,0,0,0,0
JD_12292980,2021-02-28,10,9,6,0,0,0,0
JD_12292979,2021-02-28,21491,17321,9854,10,14,16,41
JD_12292978,2021-02-28,2,1,1,0,0,0,0
JD_12292977,2021-02-28,382,316,302,0,0,0,1
JD_12292976,2021-02-28,0,0,0,0,0,0,0
JD_12292975,2021-02-28,1,1,1,0,0,0,0
JD_12284410,2021-02-28,73,62,73,0,0,0,0
JD_12284409,2021-02-28,53,37,43,1,0,0,1
JD_12284408,2021-02-28,6,4,6,0,0,0,0
JD_12284407,2021-02-28,16,12,8,0,0,0,0
JD_12284406,2021-02-28,2147,1801,1265,2,3,0,1
JD_12284405,2021-02-28,19,14,7,0,0,0,0
JD_12284404,2021-02-28,6,4,5,0,0,0,0
JD_12284403,2021-02-28,14,12,7,0,0,0,0
JD_12284402,2021-02-28,719,555,705,1,0,0,0
JD_12284401,2021-02-28,6,6,4,0,0,0,0
JD_12284400,2021-02-28,57,51,44,0,0,0,0
JD_12284399,2021-02-28,1,0,1,0,0,0,0
JD_12284398,2021-02-28,0,0,0,0,0,0,0
JD_12284397,2021-02-28,5,4,4,0,0,0,0
JD_12284396,2021-02-28,0,0,0,0,0,0,0
JD_12284395,2021-02-28,68,51,56,0,0,0,0
JD_12284393,2021-02-28,38,32,19,0,0,0,0
JD_12284392,2021-02-28,69,58,36,0,0,0,1
JD_12284391,2021-02-28,8,5,7,0,0,0,0
JD_12284390,2021-02-28,2,2,0,0,0,0,0
JD_12284389,2021-02-28,1,1,1,0,0,0,0
JD_12284388,2021-02-28,11,9,6,0,0,0,1
JD_12284387,2021-02-28,7,5,5,0,0,0,0
JD_12284386,2021-02-28,190,140,108,0,0,0,1
JD_12284385,2021-02-28,17,13,14,0,0,0,0
JD_12284384,2021-02-28,24,18,12,0,0,0,0
JD_12284383,2021-02-28,231,200,70,0,0,0,0
JD_12284382,2021-02-28,13,9,5,0,0,0,0
JD_12284381,2021-02-28,653,566,219,2,0,0,0
JD_12284380,2021-02-28,2193,1774,2159,1,3,1,1
JD_12284379,2021-02-28,3,2,3,0,0,0,0
JD_12284378,2021-02-28,22350,17868,9247,25,15,26,43
JD_12284376,2021-02-28,235,177,151,1,0,1,3
JD_12284374,2021-02-28,1055,885,473,1,0,1,0
JD_12284373,2021-02-28,25,19,14,0,0,0,0
JD_12284372,2021-02-28,805,682,464,2,1,3,2
JD_12284371,2021-02-28,8,8,8,0,0,0,0
JD_12284370,2021-02-28,102,88,61,0,0,0,1
JD_12284369,2021-02-28,17,12,11,0,0,0,0
JD_12284368,2021-02-28,26,23,13,0,0,0,0
JD_12284367,2021-02-28,4,2,4,0,0,0,0
JD_12284366,2021-02-28,618,490,584,0,1,0,1
JD_12284364,2021-02-28,22199,18814,5968,18,12,18,20
JD_12284363,2021-02-28,26,21,24,0,0,0,0
JD_12284362,2021-02-28,24,21,14,0,0,0,0
JD_12284361,2021-02-28,6,5,3,0,0,0,0
JD_12284360,2021-02-28,29,21,29,0,0,0,0
JD_12284359,2021-02-28,5,4,3,0,0,0,0
JD_12284358,2021-02-28,12,11,5,0,0,0,0
JD_12284357,2021-02-28,53,38,31,1,0,0,0
JD_12284356,2021-02-28,128,89,114,0,0,0,2
JD_12284355,2021-02-28,10,6,6,0,0,0,0
JD_12284354,2021-02-28,3,2,3,0,0,0,0
JD_12284352,2021-02-28,44,35,33,0,0,0,0
JD_12284350,2021-02-28,7652,6452,2009,2,7,8,4
JD_12284348,2021-02-28,13,8,10,0,0,0,0
JD_12284347,2021-02-28,2539,2243,305,0,0,1,2
JD_12284346,2021-02-28,18,16,5,0,0,0,0
JD_12284345,2021-02-28,0,0,0,0,0,0,0
JD_12284344,2021-02-28,46,35,27,0,0,0,0
JD_12284343,2021-02-28,18,14,13,0,1,0,0
JD_12284342,2021-02-28,30,19,26,1,0,0,0
JD_12284341,2021-02-28,18,17,16,0,0,0,0
