JD_11343450,2021-02-28,16,3,15,0,0,0,0
JD_11343449,2021-02-28,21,2,21,0,0,0,0
JD_11343447,2021-02-28,27,9,26,1,0,0,0
JD_11343446,2021-02-28,22,4,22,0,0,0,0
JD_11343445,2021-02-28,26,4,25,0,0,0,0
JD_11343444,2021-02-28,14,4,13,0,0,0,0
JD_11343443,2021-02-28,13,2,12,0,0,0,0
JD_11343442,2021-02-28,20,4,17,0,1,0,0
JD_11343441,2021-02-28,12,3,11,0,0,0,0
JD_11343440,2021-02-28,10,2,9,0,0,0,0
JD_11343439,2021-02-28,17,5,17,0,0,0,0
JD_11343438,2021-02-28,4,2,4,0,0,0,0
JD_11343437,2021-02-28,1,0,1,0,0,0,0
JD_11343436,2021-02-28,24,14,19,0,0,0,0
JD_11343434,2021-02-28,40,27,19,0,0,0,0
JD_11343433,2021-02-28,1,0,1,0,0,0,0
JD_11343430,2021-02-28,208,162,97,0,3,0,0
JD_11343427,2021-02-28,112,81,56,0,0,0,0
JD_11343426,2021-02-28,291,209,270,1,1,0,1
JD_11343425,2021-02-28,83,63,37,0,0,0,0
JD_11343423,2021-02-28,242,168,98,1,0,0,0
JD_11343421,2021-02-28,159,61,111,0,0,0,0
JD_11343420,2021-02-28,55,19,49,0,0,1,1
JD_11343419,2021-02-28,91,63,48,0,0,0,0
JD_11343418,2021-02-28,144,104,80,1,0,0,0
JD_11343417,2021-02-28,126,105,67,0,0,0,0
JD_11343416,2021-02-28,207,152,206,1,0,0,0
JD_11343415,2021-02-28,143,113,90,0,0,0,0
JD_11343414,2021-02-28,143,112,108,0,0,0,0
JD_11343413,2021-02-28,5998,4143,4153,12,3,8,11
JD_11343409,2021-02-28,203,171,134,0,0,0,0
JD_11343408,2021-02-28,122,95,91,0,0,0,0
JD_11343404,2021-02-28,6,0,6,0,0,0,0
JD_11343403,2021-02-28,12,1,10,1,0,0,0
JD_11343400,2021-02-28,4,3,3,0,0,0,0
JD_11343399,2021-02-28,523,127,514,2,0,0,2
JD_11343396,2021-02-28,24,10,20,0,2,0,1
JD_11343393,2021-02-28,5,2,5,0,0,0,0
JD_11343392,2021-02-28,0,0,0,0,0,0,0
JD_11343391,2021-02-28,12,9,8,0,0,0,0
JD_11343390,2021-02-28,13,1,12,1,0,0,0
JD_11343389,2021-02-28,13,5,9,0,0,0,0
JD_11343387,2021-02-28,7,3,6,0,0,0,0
JD_11343386,2021-02-28,5,0,5,0,0,0,0
JD_11343385,2021-02-28,1,1,1,0,0,0,0
JD_11343383,2021-02-28,0,0,0,0,0,0,0
JD_11343382,2021-02-28,0,0,0,0,0,0,0
JD_11343380,2021-02-28,3,1,2,0,0,0,0
JD_11343379,2021-02-28,83,56,50,0,1,0,0
JD_11343378,2021-02-28,3,1,2,0,0,0,0
JD_11343376,2021-02-28,127,74,91,1,0,0,0
JD_11343372,2021-02-28,2,0,2,0,0,0,0
JD_11343370,2021-02-28,2,2,2,0,0,0,0
JD_11343369,2021-02-28,11,2,9,0,1,0,0
JD_11343368,2021-02-28,2,1,1,0,0,0,0
JD_11343367,2021-02-28,4,1,3,0,0,0,0
JD_11343366,2021-02-28,1,0,1,0,0,0,0
JD_11343365,2021-02-28,0,0,0,0,0,0,0
JD_11343364,2021-02-28,0,0,0,0,0,0,0
JD_11343363,2021-02-28,11,8,6,0,0,0,0
JD_11343361,2021-02-28,9,0,9,0,0,0,0
JD_11343358,2021-02-28,6,4,2,1,0,0,0
JD_11343357,2021-02-28,9,8,2,1,0,0,0
JD_11343356,2021-02-28,13,10,5,0,0,0,0
JD_11343354,2021-02-28,70,0,70,0,0,0,1
JD_11343353,2021-02-28,2,1,2,0,0,0,0
JD_11343352,2021-02-28,3,1,3,0,0,0,0
JD_11343351,2021-02-28,79,37,71,1,0,0,0
JD_11343350,2021-02-28,1,0,1,0,0,0,0
JD_11343347,2021-02-28,1120,560,763,7,2,0,1
