JD_11326835,2021-02-28,118,0,115,3,0,0,0
JD_11326831,2021-02-28,167,106,99,0,0,0,0
JD_11326830,2021-02-28,3048,2183,1947,14,4,2,5
JD_11326826,2021-02-28,32,5,29,3,0,0,0
JD_11326824,2021-02-28,2,1,1,0,0,0,0
JD_11326823,2021-02-28,7,4,4,0,0,0,0
JD_11326822,2021-02-28,6,5,3,0,0,0,0
JD_11326821,2021-02-28,286,36,253,11,10,1,0
JD_11326819,2021-02-28,3,3,1,0,0,0,0
JD_11326818,2021-02-28,0,0,0,0,0,0,0
JD_11326816,2021-02-28,0,0,0,0,0,0,0
JD_11326815,2021-02-28,0,0,0,0,0,0,0
JD_11326814,2021-02-28,8,7,4,0,0,0,0
JD_11326809,2021-02-28,662,438,640,5,4,0,1
JD_11326808,2021-02-28,0,0,0,0,0,0,0
JD_11326804,2021-02-28,2,2,2,0,0,0,0
JD_11326791,2021-02-28,0,0,0,0,0,0,0
JD_11326789,2021-02-28,2,0,2,0,0,0,0
JD_11326787,2021-02-28,1,1,0,0,0,0,0
JD_11326786,2021-02-28,0,0,0,0,0,0,0
JD_11326785,2021-02-28,1,1,0,0,0,0,0
JD_11326784,2021-02-28,0,0,0,0,0,0,0
JD_11326783,2021-02-28,1,1,1,0,0,0,0
JD_11326778,2021-02-28,0,0,0,0,0,0,0
JD_11326776,2021-02-28,0,0,0,0,0,0,0
JD_11326771,2021-02-28,3,1,2,0,0,0,0
JD_11326765,2021-02-28,1,1,1,0,0,0,0
JD_11326764,2021-02-28,5,3,4,0,1,0,0
JD_11326761,2021-02-28,1,1,0,0,0,0,0
JD_11326759,2021-02-28,2,0,2,0,0,0,0
JD_11326756,2021-02-28,3,3,2,0,0,0,0
JD_11326754,2021-02-28,0,0,0,0,0,0,0
JD_11326753,2021-02-28,10,9,1,0,0,0,0
JD_11326752,2021-02-28,0,0,0,0,0,0,0
JD_11326751,2021-02-28,5,4,1,0,0,0,0
JD_11326749,2021-02-28,0,0,0,0,0,0,0
JD_11326745,2021-02-28,0,0,0,0,0,0,0
JD_11326744,2021-02-28,0,0,0,0,0,0,0
JD_11326742,2021-02-28,1,0,1,0,0,0,0
JD_11326741,2021-02-28,0,0,0,0,0,0,0
JD_11326739,2021-02-28,2,1,2,0,0,0,0
JD_11326738,2021-02-28,0,0,0,0,0,0,0
JD_11326737,2021-02-28,4,3,2,0,0,0,0
JD_11326734,2021-02-28,0,0,0,0,0,0,0
JD_11326733,2021-02-28,45,29,25,1,1,0,0
JD_11326732,2021-02-28,1,1,1,0,0,0,0
JD_11326731,2021-02-28,1,0,1,0,0,0,0
JD_11326728,2021-02-28,0,0,0,0,0,0,0
JD_11326727,2021-02-28,0,0,0,0,0,0,0
JD_11326723,2021-02-28,0,0,0,0,0,0,0
JD_11326721,2021-02-28,0,0,0,0,0,0,0
JD_11326719,2021-02-28,0,0,0,0,0,0,0
JD_11326717,2021-02-28,17,5,14,0,0,0,0
JD_11326715,2021-02-28,5,1,5,0,0,0,0
JD_11326713,2021-02-28,0,0,0,0,0,0,0
JD_11326712,2021-02-28,27,19,27,0,0,0,0
JD_11326707,2021-02-28,15,10,11,0,0,0,0
JD_11326706,2021-02-28,0,0,0,0,0,0,0
JD_11326705,2021-02-28,1,1,0,0,0,0,0
JD_11326704,2021-02-28,0,0,0,0,0,0,0
JD_11326702,2021-02-28,0,0,0,0,0,0,0
JD_11326701,2021-02-28,1,1,1,0,0,0,0
JD_11326700,2021-02-28,1,1,0,0,0,0,0
JD_11326694,2021-02-28,1,1,1,0,0,0,0
JD_11326692,2021-02-28,9,7,2,0,0,0,0
JD_11326691,2021-02-28,2,0,2,0,0,0,0
JD_11326690,2021-02-28,11,7,7,0,0,0,0
JD_11326687,2021-02-28,4,2,2,0,0,0,0
JD_11326686,2021-02-28,0,0,0,0,0,0,0
JD_11326685,2021-02-28,0,0,0,0,0,0,0
