JD_11410753,2021-02-28,37,1,34,1,2,0,0
JD_11410731,2021-02-28,5,5,2,0,0,0,0
JD_11410729,2021-02-28,32,25,8,0,0,0,0
JD_11410726,2021-02-28,2373,1816,1055,1,1,0,2
JD_11410725,2021-02-28,1570,1152,744,5,1,0,4
JD_11410723,2021-02-28,3,2,3,0,0,0,0
JD_11410721,2021-02-28,2,2,1,0,0,0,0
JD_11410720,2021-02-28,0,0,0,0,0,0,0
JD_11410719,2021-02-28,0,0,0,0,0,0,0
JD_11410718,2021-02-28,15,0,15,0,0,0,0
JD_11410717,2021-02-28,0,0,0,0,0,0,0
JD_11410716,2021-02-28,0,0,0,0,0,0,0
JD_11410715,2021-02-28,0,0,0,0,0,0,0
JD_11410714,2021-02-28,3,2,3,0,0,0,0
JD_11410710,2021-02-28,20,0,20,0,0,0,0
JD_11410709,2021-02-28,16,10,15,0,0,0,0
JD_11410705,2021-02-28,0,0,0,0,0,0,0
JD_11410703,2021-02-28,3,2,2,0,0,0,0
JD_11410702,2021-02-28,4,3,4,0,0,0,0
JD_11410701,2021-02-28,4,2,3,0,0,0,0
JD_11410700,2021-02-28,2,1,2,0,0,0,0
JD_11410699,2021-02-28,2,1,2,0,0,0,0
JD_11410697,2021-02-28,5,3,3,0,0,0,0
JD_11410696,2021-02-28,0,0,0,0,0,0,0
JD_11410695,2021-02-28,7,7,6,0,0,0,0
JD_11410694,2021-02-28,3,3,1,0,0,0,0
JD_11410693,2021-02-28,3,1,3,0,0,0,0
JD_11410692,2021-02-28,723,292,627,12,4,0,0
JD_11410690,2021-02-28,0,0,0,0,0,0,0
JD_11410688,2021-02-28,15,14,9,0,0,0,0
JD_11410687,2021-02-28,1,1,0,0,0,0,0
JD_11410686,2021-02-28,5,2,4,0,1,0,0
JD_11410685,2021-02-28,16,12,15,0,0,0,0
JD_11410683,2021-02-28,0,0,0,0,0,0,0
JD_11410682,2021-02-28,0,0,0,0,0,0,0
JD_11410678,2021-02-28,0,0,0,0,0,0,0
JD_11410674,2021-02-28,5,0,5,0,0,0,0
JD_11410671,2021-02-28,0,0,0,0,0,0,0
JD_11410670,2021-02-28,1,1,1,0,0,0,0
JD_11410666,2021-02-28,0,0,0,0,0,0,0
JD_11410665,2021-02-28,2,1,2,0,0,0,0
JD_11410664,2021-02-28,0,0,0,0,0,0,0
JD_11410663,2021-02-28,0,0,0,0,0,0,0
JD_11410661,2021-02-28,3,1,2,0,0,0,0
JD_11410659,2021-02-28,2,2,1,0,0,0,0
JD_11410658,2021-02-28,417,144,370,1,4,0,2
JD_11410657,2021-02-28,7,0,6,1,0,0,0
JD_11410656,2021-02-28,6,5,4,0,0,0,0
JD_11410655,2021-02-28,2,0,2,0,0,0,0
JD_11410654,2021-02-28,45,10,37,1,4,0,0
JD_11410653,2021-02-28,1,0,0,0,1,0,0
JD_11410652,2021-02-28,11,7,7,0,0,0,0
JD_11410651,2021-02-28,16,10,8,0,1,0,1
JD_11410650,2021-02-28,10,5,9,0,0,0,0
JD_11410648,2021-02-28,82,20,65,1,0,0,0
JD_11410646,2021-02-28,39,11,38,1,0,0,0
JD_11410645,2021-02-28,49,15,46,3,0,0,0
JD_11410644,2021-02-28,176,60,149,7,1,0,0
JD_11410643,2021-02-28,61,32,36,1,0,0,0
JD_11410642,2021-02-28,3807,2456,2354,8,4,3,4
JD_11410641,2021-02-28,187,133,74,0,0,0,0
JD_11410640,2021-02-28,2,1,2,0,0,0,0
JD_11410639,2021-02-28,49,13,46,3,0,0,0
JD_11410638,2021-02-28,54,32,35,2,0,0,0
JD_11410634,2021-02-28,87,0,86,1,0,0,0
JD_11410632,2021-02-28,0,0,0,0,0,0,0
JD_11410631,2021-02-28,273,0,264,8,1,0,0
JD_11410630,2021-02-28,0,0,0,0,0,0,0
JD_11410629,2021-02-28,0,0,0,0,0,0,0
JD_11410628,2021-02-28,0,0,0,0,0,0,0
