JD_12255584,2021-02-28,3,3,1,0,0,0,0
JD_12255583,2021-02-28,42,30,41,0,0,0,0
JD_12255060,2021-02-28,5,4,4,0,0,0,0
JD_12255059,2021-02-28,224,181,119,0,0,0,0
JD_12255058,2021-02-28,34,27,27,0,0,0,0
JD_12255057,2021-02-28,466,419,173,0,1,0,0
JD_12255056,2021-02-28,3,3,1,0,0,0,0
JD_12255055,2021-02-28,213,183,93,0,0,0,0
JD_12255053,2021-02-28,13,12,6,0,0,0,0
JD_12255051,2021-02-28,56,45,33,0,0,0,0
JD_12255050,2021-02-28,221,177,203,0,0,1,1
JD_12255049,2021-02-28,1,1,0,0,0,0,0
JD_12255047,2021-02-28,310,253,147,1,0,0,0
JD_12255045,2021-02-28,17,14,13,0,0,0,0
JD_12255044,2021-02-28,8,6,5,0,0,0,0
JD_12255043,2021-02-28,3,1,3,0,0,0,0
JD_12255042,2021-02-28,3,2,1,0,0,0,0
JD_12255041,2021-02-28,8,6,7,0,0,0,0
JD_12255040,2021-02-28,8,6,3,0,0,0,0
JD_12255039,2021-02-28,56,46,40,0,0,0,0
JD_12255038,2021-02-28,1,1,1,0,0,0,0
JD_12255037,2021-02-28,20,17,10,0,0,0,0
JD_12255036,2021-02-28,0,0,0,0,0,0,0
JD_12255035,2021-02-28,5,5,2,0,0,0,0
JD_12255034,2021-02-28,13,11,13,0,0,0,0
JD_12255033,2021-02-28,547,437,226,1,1,1,1
JD_12255031,2021-02-28,51,40,39,0,0,0,1
JD_12255029,2021-02-28,59,44,50,1,0,0,0
JD_12255028,2021-02-28,2,2,1,0,0,0,0
JD_12255027,2021-02-28,10,8,3,0,0,0,1
JD_12255026,2021-02-28,68,61,41,0,0,0,0
JD_12255025,2021-02-28,22,14,21,0,0,0,0
JD_12255024,2021-02-28,0,0,0,0,0,0,0
JD_12255023,2021-02-28,8,7,4,0,0,0,0
JD_12255022,2021-02-28,0,0,0,0,0,0,0
JD_12255021,2021-02-28,2,2,0,0,0,0,0
JD_12255020,2021-02-28,58,47,41,0,0,0,0
JD_12255019,2021-02-28,13,10,6,0,0,0,0
JD_12255018,2021-02-28,0,0,0,0,0,0,0
JD_12255017,2021-02-28,13,12,7,0,0,0,0
JD_12255016,2021-02-28,2,1,2,0,0,0,0
JD_12255015,2021-02-28,290,232,196,0,0,1,1
JD_12255014,2021-02-28,1,0,1,0,0,0,0
JD_12255013,2021-02-28,14,11,6,0,0,0,0
JD_12255012,2021-02-28,15,14,7,0,0,0,0
JD_12255011,2021-02-28,2496,2123,2173,4,2,3,3
JD_12255010,2021-02-28,20,18,3,0,0,0,0
JD_12255009,2021-02-28,60,51,12,0,0,0,0
JD_12255007,2021-02-28,1763,1349,884,3,0,1,14
JD_12255005,2021-02-28,8,7,4,0,0,0,0
JD_12255004,2021-02-28,86,63,56,0,0,0,0
JD_12255003,2021-02-28,20,14,12,0,0,0,0
JD_12255002,2021-02-28,223,183,58,0,0,0,0
JD_12255001,2021-02-28,59,53,43,0,0,0,1
JD_12255000,2021-02-28,7,3,5,0,0,0,0
JD_12254999,2021-02-28,16,11,15,0,0,0,0
JD_12254998,2021-02-28,0,0,0,0,0,0,0
JD_12254997,2021-02-28,1,1,0,0,0,0,0
JD_12254995,2021-02-28,221,176,144,0,0,1,0
JD_12254994,2021-02-28,146,125,65,1,0,0,1
JD_12254993,2021-02-28,117,91,55,0,1,0,0
JD_12254992,2021-02-28,22,19,13,0,0,0,0
JD_12254991,2021-02-28,65,54,29,0,0,0,0
JD_12254988,2021-02-28,21,20,7,0,0,0,0
JD_12254987,2021-02-28,7,5,4,0,0,0,0
JD_12254986,2021-02-28,93,75,57,0,0,0,0
JD_12254985,2021-02-28,32,27,23,0,0,0,0
JD_12254984,2021-02-28,145,130,55,0,0,0,0
JD_12254983,2021-02-28,24,18,18,0,0,0,1
JD_12254982,2021-02-28,228,181,104,1,0,1,1
