JD_11495187,2021-02-28,15,4,12,0,1,0,0
JD_11495186,2021-02-28,14,3,14,0,0,0,0
JD_11495184,2021-02-28,11,1,10,1,0,0,0
JD_11495183,2021-02-28,18,7,14,1,0,0,0
JD_11495182,2021-02-28,0,0,0,0,0,0,0
JD_11495181,2021-02-28,3,3,2,0,0,0,0
JD_11495180,2021-02-28,4,1,2,0,1,0,0
JD_11495179,2021-02-28,19,10,14,0,0,0,0
JD_11495178,2021-02-28,18,10,14,0,0,0,0
JD_11495177,2021-02-28,2,1,1,0,0,0,0
JD_11495176,2021-02-28,24,13,22,0,0,0,0
JD_11495175,2021-02-28,8,4,6,0,0,0,0
JD_11495174,2021-02-28,2,2,1,0,0,0,0
JD_11495173,2021-02-28,0,0,0,0,0,0,0
JD_11495172,2021-02-28,17,7,14,0,0,0,0
JD_11495171,2021-02-28,14,5,10,1,0,0,0
JD_11495170,2021-02-28,1,1,1,0,0,0,0
JD_11495169,2021-02-28,7,4,4,0,0,0,0
JD_11495164,2021-02-28,5,3,3,0,0,0,0
JD_11495163,2021-02-28,5,2,4,0,0,0,0
JD_11495155,2021-02-28,0,0,0,0,0,0,0
JD_11495152,2021-02-28,143,0,140,2,1,0,0
JD_11495150,2021-02-28,16,7,15,0,0,0,0
JD_11495147,2021-02-28,14,5,13,1,0,0,0
JD_11495146,2021-02-28,29,7,29,0,0,0,0
JD_11495145,2021-02-28,46,7,46,0,0,0,0
JD_11495144,2021-02-28,17,7,16,0,0,0,0
JD_11495143,2021-02-28,36,15,35,1,0,0,0
JD_11495142,2021-02-28,43,17,41,0,0,0,1
JD_11495141,2021-02-28,39,10,38,0,0,0,0
JD_11495140,2021-02-28,24,11,19,1,0,0,0
JD_11495139,2021-02-28,68,23,67,1,0,0,0
JD_11495138,2021-02-28,54,32,37,0,0,0,0
JD_11495137,2021-02-28,398,268,189,4,1,0,1
JD_11495136,2021-02-28,0,0,0,0,0,0,0
JD_11495135,2021-02-28,24,17,14,0,0,0,0
JD_11495134,2021-02-28,278,193,170,1,1,0,0
JD_11495133,2021-02-28,5,2,4,0,0,0,0
JD_11495132,2021-02-28,0,0,0,0,0,0,0
JD_11495131,2021-02-28,0,0,0,0,0,0,0
JD_11495130,2021-02-28,20,17,10,0,0,0,0
JD_11495129,2021-02-28,20,12,16,0,0,0,0
JD_11495127,2021-02-28,1,1,0,0,0,0,0
JD_11495126,2021-02-28,76,48,66,1,0,1,1
JD_11495125,2021-02-28,2,1,1,0,0,0,0
JD_11495124,2021-02-28,2,1,1,0,0,0,0
JD_11495122,2021-02-28,6,5,6,0,0,0,0
JD_11495121,2021-02-28,7,2,7,0,0,0,0
JD_11495120,2021-02-28,19,8,17,0,0,0,0
JD_11495119,2021-02-28,9,6,6,1,0,0,0
JD_11495118,2021-02-28,4,2,4,0,0,0,0
JD_11495117,2021-02-28,2,2,0,0,0,0,0
JD_11495115,2021-02-28,132,81,96,0,0,0,1
JD_11495114,2021-02-28,6,3,3,1,0,0,0
JD_11495113,2021-02-28,3,2,1,0,0,0,0
JD_11495112,2021-02-28,2971,2284,1589,13,8,2,6
JD_11495110,2021-02-28,45,32,25,0,0,0,0
JD_11495109,2021-02-28,31,20,22,0,0,0,0
JD_11495108,2021-02-28,7203,2052,7096,75,23,1,18
JD_11495103,2021-02-28,417,281,309,1,0,0,0
JD_11495099,2021-02-28,201,164,108,0,0,0,2
JD_11495096,2021-02-28,158,5,153,3,2,0,0
JD_11495095,2021-02-28,36,18,21,0,0,0,0
JD_11495090,2021-02-28,65,22,52,1,1,0,0
JD_11495089,2021-02-28,77,34,58,0,0,0,0
JD_11495088,2021-02-28,80,23,60,1,2,0,0
JD_11495087,2021-02-28,35,12,27,0,0,0,0
JD_11495085,2021-02-28,1,0,1,0,0,0,0
JD_11495079,2021-02-28,49,18,40,1,0,0,0
JD_11495078,2021-02-28,2,1,2,0,0,0,0
