JD_11356924,2021-02-28,243,185,122,1,0,0,2
JD_11356922,2021-02-28,179,141,95,1,0,0,2
JD_11356919,2021-02-28,0,0,0,0,0,0,0
JD_11356918,2021-02-28,13,11,2,0,0,0,0
JD_11356915,2021-02-28,4,0,4,0,0,0,0
JD_11356914,2021-02-28,0,0,0,0,0,0,0
JD_11356913,2021-02-28,21,18,13,0,0,0,0
JD_11356911,2021-02-28,9,3,6,0,0,0,0
JD_11356909,2021-02-28,37,28,18,0,0,0,0
JD_11356906,2021-02-28,1,0,1,0,0,0,0
JD_11356905,2021-02-28,11,6,8,0,0,0,0
JD_11356901,2021-02-28,0,0,0,0,0,0,0
JD_11356900,2021-02-28,0,0,0,0,0,0,0
JD_11356899,2021-02-28,15,12,4,0,0,0,0
JD_11356898,2021-02-28,43,31,23,1,0,0,0
JD_11356897,2021-02-28,38,27,25,0,0,1,0
JD_11356896,2021-02-28,4,0,4,0,0,0,0
JD_11356890,2021-02-28,20,15,20,0,0,0,0
JD_11356883,2021-02-28,25,19,12,0,0,0,0
JD_11356872,2021-02-28,26,13,26,0,0,0,0
JD_11356868,2021-02-28,0,0,0,0,0,0,0
JD_11356866,2021-02-28,3499,0,3450,37,12,0,15
JD_11356863,2021-02-28,1,0,1,0,0,0,0
JD_11356862,2021-02-28,0,0,0,0,0,0,0
JD_11356857,2021-02-28,0,0,0,0,0,0,0
JD_11356845,2021-02-28,6,2,6,0,0,0,0
JD_11356842,2021-02-28,2,0,2,0,0,0,0
JD_11356840,2021-02-28,2,2,1,0,0,0,0
JD_11356839,2021-02-28,6,1,6,0,0,0,0
JD_11356838,2021-02-28,1,1,0,0,0,0,0
JD_11356835,2021-02-28,0,0,0,0,0,0,0
JD_11356834,2021-02-28,0,0,0,0,0,0,0
JD_11356833,2021-02-28,0,0,0,0,0,0,0
JD_11356831,2021-02-28,10,6,5,0,0,0,0
JD_11356830,2021-02-28,15,14,2,0,0,0,0
JD_11356829,2021-02-28,0,0,0,0,0,0,0
JD_11356828,2021-02-28,0,0,0,0,0,0,0
JD_11356820,2021-02-28,350,249,244,1,2,0,0
JD_11356819,2021-02-28,0,0,0,0,0,0,0
JD_11356817,2021-02-28,5,1,4,0,0,0,0
JD_11356815,2021-02-28,0,0,0,0,0,0,0
JD_11356811,2021-02-28,3,1,2,0,0,0,0
JD_11356808,2021-02-28,9,6,9,0,0,0,0
JD_11356803,2021-02-28,4,0,4,0,0,0,0
JD_11356801,2021-02-28,464,345,450,1,1,0,1
JD_11356798,2021-02-28,0,0,0,0,0,0,0
JD_11356797,2021-02-28,20,17,8,0,0,0,0
JD_11356793,2021-02-28,3,3,0,0,0,0,0
JD_11356791,2021-02-28,21,0,21,0,0,0,0
JD_11356790,2021-02-28,0,0,0,0,0,0,0
JD_11356788,2021-02-28,0,0,0,0,0,0,0
JD_11356786,2021-02-28,1,1,1,0,0,0,0
JD_11356785,2021-02-28,0,0,0,0,0,0,0
JD_11356783,2021-02-28,0,0,0,0,0,0,0
JD_11356782,2021-02-28,0,0,0,0,0,0,0
JD_11356780,2021-02-28,2,1,1,0,0,0,0
JD_11356779,2021-02-28,19,13,9,0,0,0,0
JD_11356777,2021-02-28,3,3,2,0,0,0,0
JD_11356776,2021-02-28,2,2,1,0,0,0,0
JD_11356775,2021-02-28,3,2,1,0,0,0,0
JD_11356772,2021-02-28,4,0,4,0,0,0,0
JD_11356769,2021-02-28,1,1,1,0,0,0,0
JD_11356768,2021-02-28,9,7,5,0,0,0,0
JD_11356756,2021-02-28,9,7,9,0,0,0,0
JD_11356755,2021-02-28,916,576,796,4,2,1,1
JD_11356753,2021-02-28,12,10,4,0,0,0,0
JD_11356752,2021-02-28,4,3,1,0,0,0,0
JD_11356751,2021-02-28,1,0,1,0,0,0,0
JD_11356749,2021-02-28,5,3,3,0,0,0,0
JD_11356748,2021-02-28,31,25,18,0,0,0,0
