JD_12455028,2021-02-28,3,3,0,0,0,0,0
JD_12455027,2021-02-28,171,153,100,1,0,0,0
JD_12455026,2021-02-28,10,8,1,0,1,0,0
JD_12455025,2021-02-28,4546,3814,752,6,2,5,4
JD_12455024,2021-02-28,29,28,1,0,0,0,0
JD_12455023,2021-02-28,36,20,17,0,1,0,0
JD_12455022,2021-02-28,19,17,3,0,0,0,0
JD_12455021,2021-02-28,664,554,205,1,0,1,1
JD_12455020,2021-02-28,17,14,4,0,0,0,0
JD_12455017,2021-02-28,5,5,0,0,0,0,0
JD_12455015,2021-02-28,286,239,81,0,0,1,1
JD_12455014,2021-02-28,6,4,3,0,0,0,0
JD_12455013,2021-02-28,114,88,69,0,0,0,0
JD_12455012,2021-02-28,37,31,5,1,0,0,0
JD_12455011,2021-02-28,448,365,170,1,0,1,0
JD_12455010,2021-02-28,27,20,6,0,1,0,1
JD_12455008,2021-02-28,59,50,9,0,0,0,0
JD_12455007,2021-02-28,17,13,4,0,0,0,0
JD_12455006,2021-02-28,5,4,2,0,0,0,0
JD_12455005,2021-02-28,4267,3591,1117,4,3,12,4
JD_12455004,2021-02-28,6,6,0,0,0,0,0
JD_12455003,2021-02-28,15,11,6,0,0,0,0
JD_12455002,2021-02-28,4,3,0,1,0,0,0
JD_12455001,2021-02-28,10,9,2,0,0,0,0
JD_12455000,2021-02-28,7,7,0,0,0,0,0
JD_12454999,2021-02-28,92,74,33,0,0,0,0
JD_12454998,2021-02-28,47,41,6,0,0,0,0
JD_12454997,2021-02-28,34,30,11,0,0,0,0
JD_12454996,2021-02-28,1,1,0,0,0,0,0
JD_12454995,2021-02-28,1755,1416,822,0,1,2,5
JD_12454994,2021-02-28,20,20,1,0,0,0,0
JD_12454993,2021-02-28,5,5,4,0,0,0,0
JD_12454992,2021-02-28,13,10,3,0,0,0,0
JD_12454991,2021-02-28,12,11,3,0,0,0,0
JD_12454990,2021-02-28,3,3,0,0,0,0,0
JD_12454989,2021-02-28,58,48,46,0,0,0,0
JD_12454988,2021-02-28,4,3,1,0,0,0,0
JD_12454987,2021-02-28,0,0,0,0,0,0,0
JD_12454986,2021-02-28,0,0,0,0,0,0,0
JD_12454985,2021-02-28,9,8,1,0,0,0,0
JD_12454984,2021-02-28,17,14,3,0,0,0,0
JD_12454983,2021-02-28,240,206,55,0,2,0,1
JD_12454982,2021-02-28,3,3,1,0,0,0,0
JD_12454981,2021-02-28,70,61,19,0,1,0,0
JD_12454980,2021-02-28,89,79,26,0,0,0,0
JD_12454979,2021-02-28,398,286,307,0,0,1,2
JD_12454978,2021-02-28,5,5,0,0,0,0,0
JD_12454977,2021-02-28,5,5,0,0,0,0,0
JD_12454976,2021-02-28,5,4,1,0,0,0,0
JD_12454975,2021-02-28,5,5,1,0,0,0,0
JD_12454974,2021-02-28,1,1,0,0,0,0,0
JD_12454973,2021-02-28,2,1,1,0,0,0,0
JD_12454972,2021-02-28,31,28,6,0,0,0,0
JD_12454971,2021-02-28,1,1,1,0,0,0,0
JD_12454970,2021-02-28,25,21,8,0,0,0,0
JD_12454969,2021-02-28,6,3,3,0,0,0,0
JD_12454968,2021-02-28,6,6,0,0,0,0,0
JD_12454967,2021-02-28,319,230,122,1,0,0,2
JD_12454966,2021-02-28,6,6,0,0,0,0,0
JD_12454965,2021-02-28,467,384,148,0,0,2,2
JD_12454964,2021-02-28,20,16,6,0,0,0,0
JD_12454963,2021-02-28,40,25,17,1,0,0,0
JD_12454962,2021-02-28,5,4,2,0,0,0,0
JD_12454961,2021-02-28,151,116,61,0,0,0,1
JD_12454960,2021-02-28,8,8,4,0,0,0,0
JD_12454959,2021-02-28,1,1,1,0,0,0,0
JD_12454958,2021-02-28,1,1,0,0,0,0,0
JD_12454957,2021-02-28,19,15,5,0,0,0,0
JD_12454956,2021-02-28,2,2,0,0,0,0,0
JD_12454955,2021-02-28,4,2,3,0,0,0,0
