JD_11347542,2021-02-28,59,0,55,4,0,0,0
JD_11347540,2021-02-28,82,38,66,1,1,1,1
JD_11347539,2021-02-28,32,2,30,1,0,0,0
JD_11347538,2021-02-28,13,2,13,0,0,0,0
JD_11347536,2021-02-28,39,7,35,0,0,0,0
JD_11347535,2021-02-28,171,46,136,0,0,0,0
JD_11347534,2021-02-28,253,182,232,2,0,0,2
JD_11347532,2021-02-28,31,14,23,0,1,0,0
JD_11347531,2021-02-28,21,3,19,1,0,1,0
JD_11347530,2021-02-28,4,1,3,0,0,0,0
JD_11347529,2021-02-28,7,4,6,0,0,0,0
JD_11347527,2021-02-28,12,7,9,0,0,0,1
JD_11347526,2021-02-28,1,1,1,0,0,0,0
JD_11347524,2021-02-28,244,122,223,1,3,0,1
JD_11347522,2021-02-28,8,4,8,0,0,0,0
JD_11347518,2021-02-28,386,285,230,1,0,1,0
JD_11347517,2021-02-28,93,1,89,2,2,0,2
JD_11347516,2021-02-28,4169,3223,2962,12,12,3,8
JD_11347515,2021-02-28,8,6,8,0,0,0,0
JD_11347514,2021-02-28,5,2,4,0,0,0,0
JD_11347489,2021-02-28,120,92,66,1,0,1,0
JD_11347488,2021-02-28,8,3,7,0,0,0,0
JD_11347487,2021-02-28,3,3,1,0,0,0,0
JD_11347485,2021-02-28,0,0,0,0,0,0,0
JD_11347476,2021-02-28,0,0,0,0,0,0,0
JD_11347468,2021-02-28,9,5,6,0,0,0,0
JD_11347467,2021-02-28,10,6,8,0,0,0,0
JD_11347460,2021-02-28,0,0,0,0,0,0,0
JD_11347456,2021-02-28,13,11,6,0,0,0,0
JD_11347451,2021-02-28,216,0,212,2,2,0,0
JD_11347450,2021-02-28,69,8,67,1,1,0,0
JD_11347449,2021-02-28,63,49,18,0,0,0,0
JD_11347442,2021-02-28,203,141,78,1,2,1,0
JD_11347438,2021-02-28,72,24,58,0,1,0,1
JD_11347435,2021-02-28,1,0,1,0,0,0,0
JD_11347429,2021-02-28,4,0,4,0,0,0,0
JD_11347415,2021-02-28,11,8,4,0,0,0,0
JD_11347413,2021-02-28,19,15,4,1,1,0,0
JD_11347412,2021-02-28,13,11,6,0,0,0,0
JD_11347411,2021-02-28,4,3,4,0,0,0,0
JD_11347409,2021-02-28,117,34,99,2,0,0,0
JD_11347404,2021-02-28,2,1,1,0,0,0,0
JD_11347403,2021-02-28,4,0,4,0,0,0,0
JD_11347399,2021-02-28,8,5,7,0,0,0,0
JD_11347398,2021-02-28,63,0,61,2,0,0,0
JD_11347397,2021-02-28,287,91,283,2,2,1,2
JD_11347396,2021-02-28,3809,2551,2998,6,3,2,12
JD_11347395,2021-02-28,6,3,4,0,0,0,0
JD_11347394,2021-02-28,2221,1316,1965,6,4,2,5
JD_11347393,2021-02-28,590,368,577,0,1,1,1
JD_11347391,2021-02-28,3,0,3,0,0,0,1
JD_11347390,2021-02-28,2,0,2,0,0,0,0
JD_11347388,2021-02-28,0,0,0,0,0,0,0
JD_11347387,2021-02-28,1,0,1,0,0,0,0
JD_11347386,2021-02-28,4,0,4,0,0,0,0
JD_11347385,2021-02-28,166,69,138,0,0,0,1
JD_11347380,2021-02-28,15,3,14,0,1,0,0
JD_11347379,2021-02-28,23,6,16,1,1,0,0
JD_11347375,2021-02-28,19,13,10,1,0,0,0
JD_11347371,2021-02-28,67,1,64,1,2,0,0
JD_11347370,2021-02-28,58,1,56,1,1,0,0
JD_11347366,2021-02-28,13,5,8,0,1,0,0
JD_11347365,2021-02-28,1684,890,1672,8,1,1,5
JD_11347363,2021-02-28,19,8,17,0,0,0,1
JD_11347361,2021-02-28,5,3,4,0,0,0,0
JD_11347359,2021-02-28,14,10,6,0,0,0,0
JD_11347355,2021-02-28,33,20,25,1,0,0,0
JD_11347354,2021-02-28,24,11,21,1,0,0,0
JD_11347353,2021-02-28,144,89,93,5,1,0,2
JD_11347352,2021-02-28,113,55,96,0,0,0,2
