JD_11502935,2021-02-28,42,27,33,0,1,0,1
JD_11502934,2021-02-28,171,85,123,2,0,0,1
JD_11502933,2021-02-28,7,1,6,1,0,0,0
JD_11502932,2021-02-28,3,2,2,0,0,0,0
JD_11502931,2021-02-28,419,68,414,1,2,1,1
JD_11502930,2021-02-28,686,204,606,4,1,0,1
JD_11502929,2021-02-28,10,6,8,0,0,0,0
JD_11502928,2021-02-28,209,150,78,3,1,0,0
JD_11502927,2021-02-28,2,0,2,0,0,0,0
JD_11502926,2021-02-28,536,144,440,5,2,0,0
JD_11502921,2021-02-28,25,4,25,0,0,0,0
JD_11502919,2021-02-28,2,0,2,0,0,0,0
JD_11502914,2021-02-28,27,17,26,1,0,0,0
JD_11502913,2021-02-28,10,1,10,0,0,0,0
JD_11502912,2021-02-28,13,2,12,1,0,0,0
JD_11502911,2021-02-28,15,2,14,0,0,0,0
JD_11502910,2021-02-28,29,1,29,0,0,0,0
JD_11502909,2021-02-28,6,0,5,0,1,0,0
JD_11502908,2021-02-28,55,36,38,2,0,0,0
JD_11502907,2021-02-28,5,1,5,0,0,0,0
JD_11502906,2021-02-28,2,1,1,0,0,0,0
JD_11502905,2021-02-28,3,3,2,0,0,0,0
JD_11502903,2021-02-28,4,4,4,0,0,0,0
JD_11502902,2021-02-28,2,1,0,1,0,0,0
JD_11502901,2021-02-28,1,1,0,0,0,0,0
JD_11502900,2021-02-28,4,3,2,0,0,0,0
JD_11502899,2021-02-28,1,1,1,0,0,0,0
JD_11502898,2021-02-28,3,2,1,0,0,0,0
JD_11502897,2021-02-28,3,1,2,0,0,0,0
JD_11502896,2021-02-28,63,39,29,0,0,1,0
JD_11502895,2021-02-28,7,2,5,0,0,0,0
JD_11502894,2021-02-28,5,3,2,0,0,0,0
JD_11502893,2021-02-28,12,7,11,0,0,0,0
JD_11502892,2021-02-28,1,1,1,0,0,0,0
JD_11502891,2021-02-28,8,3,7,0,0,0,0
JD_11502890,2021-02-28,6,3,3,0,0,0,0
JD_11502889,2021-02-28,1,1,0,0,0,0,0
JD_11502888,2021-02-28,7,7,7,0,0,0,0
JD_11502887,2021-02-28,65,42,40,1,0,0,0
JD_11502886,2021-02-28,17,13,9,0,0,0,0
JD_11502885,2021-02-28,155,89,110,1,1,0,0
JD_11502884,2021-02-28,7,3,5,0,0,0,0
JD_11502883,2021-02-28,5,2,4,0,0,0,0
JD_11502882,2021-02-28,24,15,16,0,0,0,0
JD_11502881,2021-02-28,17,14,3,0,0,0,0
JD_11502880,2021-02-28,83,41,82,1,0,0,0
JD_11502879,2021-02-28,21,13,11,0,0,0,0
JD_11502878,2021-02-28,4,3,1,0,0,0,0
JD_11502877,2021-02-28,23,18,12,0,0,0,0
JD_11502876,2021-02-28,51,30,32,0,0,0,1
JD_11502875,2021-02-28,21,10,15,0,0,0,0
JD_11502874,2021-02-28,242,170,230,1,2,0,1
JD_11502873,2021-02-28,303,220,285,1,0,0,0
JD_11502872,2021-02-28,72,51,72,0,0,0,0
JD_11502871,2021-02-28,248,184,241,1,0,0,0
JD_11502870,2021-02-28,0,0,0,0,0,0,0
JD_11502869,2021-02-28,60,35,40,0,0,0,0
JD_11502868,2021-02-28,65,41,43,0,0,0,0
JD_11502866,2021-02-28,152,111,151,0,1,0,0
JD_11502865,2021-02-28,219,123,216,1,0,0,1
JD_11502864,2021-02-28,410,295,277,2,1,0,0
JD_11502863,2021-02-28,202,91,140,0,0,0,0
JD_11502862,2021-02-28,1723,249,1684,29,9,0,2
JD_11502861,2021-02-28,3221,110,3083,61,20,1,5
JD_11502860,2021-02-28,46,9,45,1,0,0,0
JD_11502859,2021-02-28,287,167,142,2,0,0,1
JD_11502858,2021-02-28,364,178,346,8,0,0,0
JD_11502857,2021-02-28,5835,4156,3701,12,3,6,13
JD_11502856,2021-02-28,855,541,853,2,0,1,5
JD_11502855,2021-02-28,18,0,18,0,0,0,0
