JD_12108553,2021-02-28,156,86,151,1,1,0,0
JD_12108552,2021-02-28,5,4,1,0,0,0,0
JD_12108551,2021-02-28,357,210,347,1,0,0,3
JD_12108550,2021-02-28,27,22,11,0,0,0,0
JD_12108549,2021-02-28,111,81,110,0,0,0,0
JD_12108548,2021-02-28,26,22,12,0,0,0,0
JD_12108547,2021-02-28,258,193,202,0,0,0,1
JD_12108546,2021-02-28,11,11,7,0,0,0,0
JD_12108545,2021-02-28,426,361,200,0,0,0,0
JD_12108544,2021-02-28,1,1,0,0,0,0,0
JD_12108543,2021-02-28,90,62,88,0,0,0,0
JD_12108542,2021-02-28,28,24,11,0,0,0,1
JD_12108541,2021-02-28,248,200,196,0,0,0,1
JD_12108540,2021-02-28,13,8,12,0,0,0,0
JD_12108539,2021-02-28,0,0,0,0,0,0,0
JD_12108536,2021-02-28,20,17,10,0,0,0,0
JD_12108535,2021-02-28,152,20,150,0,2,0,5
JD_12108534,2021-02-28,3,3,1,0,0,0,0
JD_12108533,2021-02-28,14,13,7,0,0,0,0
JD_12108532,2021-02-28,45,32,29,0,0,0,0
JD_12108531,2021-02-28,62638,52320,30619,59,41,51,116
JD_12108530,2021-02-28,32,22,22,0,0,0,0
JD_12108529,2021-02-28,266,84,264,2,0,0,1
JD_12108528,2021-02-28,160,106,140,0,0,0,0
JD_12108527,2021-02-28,166,108,162,1,0,0,0
JD_12108526,2021-02-28,15,9,15,0,0,0,0
JD_12108525,2021-02-28,348,279,162,1,0,0,0
JD_12108524,2021-02-28,12,8,12,0,0,0,0
JD_12108523,2021-02-28,204,157,101,0,0,0,1
JD_12108522,2021-02-28,33,24,33,0,0,0,1
JD_12108521,2021-02-28,610,480,605,3,1,0,0
JD_12108520,2021-02-28,17,16,8,1,0,1,0
JD_12108519,2021-02-28,97,80,93,0,0,0,0
JD_12108518,2021-02-28,50,34,28,0,0,0,0
JD_12108517,2021-02-28,3305,2638,2578,6,1,0,12
JD_12108516,2021-02-28,1149,283,992,9,4,0,6
JD_12108515,2021-02-28,12,8,9,0,0,0,0
JD_12108514,2021-02-28,280,188,195,0,0,0,1
JD_12108513,2021-02-28,144,110,68,0,0,0,0
JD_12108512,2021-02-28,297,205,199,1,0,0,2
JD_12108511,2021-02-28,140,100,60,2,0,0,1
JD_12108510,2021-02-28,91,56,64,1,0,0,0
JD_12108509,2021-02-28,78,54,46,0,0,0,0
JD_12108508,2021-02-28,27,22,27,0,0,0,1
JD_12108507,2021-02-28,35,28,18,0,0,0,0
JD_12108506,2021-02-28,7,6,7,0,0,0,0
JD_12108504,2021-02-28,50,31,50,0,0,0,1
JD_12108503,2021-02-28,136,103,91,0,0,2,1
JD_12108502,2021-02-28,26,18,26,0,0,0,1
JD_12108501,2021-02-28,109,81,95,0,0,0,0
JD_12108500,2021-02-28,15,11,15,0,0,0,1
JD_12108499,2021-02-28,143,110,136,0,0,1,0
JD_12108498,2021-02-28,42,29,42,0,0,0,0
JD_12108496,2021-02-28,26,21,26,0,0,0,1
JD_12108494,2021-02-28,19979,16436,11553,27,14,13,31
JD_12108493,2021-02-28,581,429,548,1,1,2,2
JD_12108492,2021-02-28,2,2,1,0,0,0,0
JD_12108491,2021-02-28,8,7,5,0,0,0,0
JD_12108490,2021-02-28,2,1,1,0,0,0,0
JD_12108489,2021-02-28,130,101,106,0,0,0,1
JD_12108488,2021-02-28,13,10,8,0,0,0,0
JD_12108487,2021-02-28,38,17,37,0,1,0,0
JD_12108486,2021-02-28,7,6,7,0,0,0,0
JD_12108485,2021-02-28,9,5,8,1,0,0,0
JD_12108484,2021-02-28,2,1,1,0,0,0,0
JD_12108483,2021-02-28,55,26,54,1,0,0,0
JD_12108482,2021-02-28,29,17,24,1,0,0,0
JD_12108481,2021-02-28,706,557,394,0,0,0,2
JD_12108480,2021-02-28,19,14,19,0,0,0,1
JD_12108478,2021-02-28,1,1,0,0,0,0,0
