JD_11389623,2021-02-28,899,554,539,3,5,0,0
JD_11389621,2021-02-28,0,0,0,0,0,0,0
JD_11389619,2021-02-28,1,1,0,0,0,0,0
JD_11389618,2021-02-28,49,6,48,1,0,0,1
JD_11389616,2021-02-28,7,1,6,0,1,0,0
JD_11389615,2021-02-28,6,2,6,0,0,0,0
JD_11389612,2021-02-28,91,0,82,5,4,0,0
JD_11389611,2021-02-28,10,3,7,0,0,0,0
JD_11389610,2021-02-28,6,0,5,1,0,0,0
JD_11389609,2021-02-28,5,0,5,0,0,0,0
JD_11389608,2021-02-28,3100,2109,2264,3,1,4,4
JD_11389606,2021-02-28,59,36,55,1,0,0,0
JD_11389605,2021-02-28,141,0,137,3,1,0,0
JD_11389604,2021-02-28,3822,2489,2354,3,1,4,2
JD_11389603,2021-02-28,1421,844,959,4,1,0,1
JD_11389602,2021-02-28,142,0,139,3,0,0,0
JD_11389601,2021-02-28,147,0,144,2,1,0,0
JD_11389600,2021-02-28,8,6,2,0,1,0,0
JD_11389599,2021-02-28,133,0,127,6,0,0,0
JD_11389598,2021-02-28,160,0,158,2,0,0,0
JD_11389597,2021-02-28,75,50,47,1,0,0,1
JD_11389596,2021-02-28,108,90,66,0,0,0,0
JD_11389595,2021-02-28,65,51,33,0,0,0,0
JD_11389594,2021-02-28,12,2,10,0,0,0,0
JD_11389593,2021-02-28,21,9,21,0,0,0,0
JD_11389591,2021-02-28,0,0,0,0,0,0,0
JD_11389590,2021-02-28,98,63,57,0,1,0,1
JD_11389589,2021-02-28,55,42,24,1,0,0,0
JD_11389588,2021-02-28,78,63,42,0,0,0,0
JD_11389587,2021-02-28,44,23,27,1,0,0,0
JD_11389586,2021-02-28,1,1,1,0,0,0,0
JD_11389585,2021-02-28,22,5,20,0,0,0,0
JD_11389584,2021-02-28,4,3,1,0,0,0,0
JD_11389583,2021-02-28,16,3,16,0,0,0,0
JD_11389582,2021-02-28,32,0,31,1,0,0,0
JD_11389581,2021-02-28,649,459,369,1,0,0,0
JD_11389580,2021-02-28,1119,813,633,1,0,1,0
JD_11389579,2021-02-28,4989,3588,2837,4,6,4,5
JD_11389578,2021-02-28,644,461,379,1,0,0,0
JD_11389577,2021-02-28,802,573,460,1,1,0,0
JD_11389576,2021-02-28,1395,1024,769,3,2,0,0
JD_11389575,2021-02-28,1381,948,1003,2,7,1,1
JD_11389574,2021-02-28,2000,1396,1382,7,6,1,3
JD_11389573,2021-02-28,3966,2877,2539,5,5,2,7
JD_11389572,2021-02-28,9586,7354,5450,11,5,10,8
JD_11389571,2021-02-28,343,180,261,3,1,1,2
JD_11389570,2021-02-28,434,212,331,4,2,2,2
JD_11389569,2021-02-28,2557,1820,1840,3,9,2,4
JD_11389568,2021-02-28,5429,4008,3387,8,3,5,3
JD_11389567,2021-02-28,899,506,675,3,1,2,1
JD_11389566,2021-02-28,1579,770,1326,8,0,3,5
JD_11389565,2021-02-28,1423,371,1301,13,6,0,0
JD_11389564,2021-02-28,1967,486,1911,18,6,0,1
JD_11389563,2021-02-28,3142,1189,2651,18,10,1,5
JD_11389562,2021-02-28,7480,2477,6227,43,11,0,11
JD_11389561,2021-02-28,9319,1018,9203,78,38,1,15
JD_11389560,2021-02-28,31,10,26,0,0,0,0
JD_11389559,2021-02-28,545,305,400,1,1,1,1
JD_11389558,2021-02-28,3419,1624,3213,9,4,8,5
JD_11389557,2021-02-28,4137,1289,3829,25,7,1,8
JD_11389556,2021-02-28,7272,5621,4341,7,9,4,6
JD_11389555,2021-02-28,10227,8071,6122,7,10,4,11
JD_11389554,2021-02-28,15575,12526,9092,10,3,6,13
JD_11389553,2021-02-28,2762,2072,1867,5,1,0,2
JD_11389552,2021-02-28,4910,3743,3067,6,4,2,4
JD_11389551,2021-02-28,3896,2924,2639,6,2,1,6
JD_11389546,2021-02-28,1085,604,733,7,0,1,1
JD_11389545,2021-02-28,0,0,0,0,0,0,0
JD_11389539,2021-02-28,119,93,81,1,0,0,0
JD_11389529,2021-02-28,13,1,12,1,0,0,0
