JD_11536195,2021-02-28,80,38,61,0,0,0,1
JD_11536193,2021-02-28,4897,1810,4553,41,7,6,23
JD_11536192,2021-02-28,58,27,41,1,0,0,0
JD_11536189,2021-02-28,186,121,102,2,1,0,2
JD_11536188,2021-02-28,41,26,28,0,0,0,0
JD_11536186,2021-02-28,25,7,21,0,0,0,0
JD_11536185,2021-02-28,17,7,13,0,0,0,0
JD_11536184,2021-02-28,130,92,93,0,0,0,1
JD_11536183,2021-02-28,354,91,343,6,3,0,1
JD_11536182,2021-02-28,59,21,55,2,2,0,0
JD_11536181,2021-02-28,58,21,41,2,0,0,1
JD_11536180,2021-02-28,101,4,100,1,0,0,0
JD_11536179,2021-02-28,174,1,168,4,2,0,0
JD_11536178,2021-02-28,43,15,42,1,0,0,1
JD_11536176,2021-02-28,63,24,60,1,2,0,0
JD_11536175,2021-02-28,24,7,24,0,0,0,0
JD_11536174,2021-02-28,2326,1381,2111,26,5,0,8
JD_11536173,2021-02-28,374,193,317,0,2,0,1
JD_11536172,2021-02-28,361,189,289,3,0,1,1
JD_11536171,2021-02-28,262,143,217,0,1,0,1
JD_11536170,2021-02-28,303,139,251,0,1,0,2
JD_11536169,2021-02-28,240,107,191,1,4,1,2
JD_11536168,2021-02-28,112,0,110,2,0,0,0
JD_11536167,2021-02-28,1140,806,892,7,4,1,3
JD_11536166,2021-02-28,1032,686,755,8,3,1,0
JD_11536165,2021-02-28,134,78,86,0,0,0,0
JD_11536164,2021-02-28,2124,1161,1572,16,12,2,8
JD_11536163,2021-02-28,214,116,171,0,1,0,1
JD_11536162,2021-02-28,605,408,466,2,0,0,0
JD_11536161,2021-02-28,170,74,122,3,2,0,0
JD_11536160,2021-02-28,197,0,187,9,1,0,1
JD_11536159,2021-02-28,1808,1087,1560,10,4,0,6
JD_11536158,2021-02-28,317,215,200,0,2,0,0
JD_11536157,2021-02-28,324,114,270,8,1,0,0
JD_11536156,2021-02-28,77,48,74,0,0,0,0
JD_11536155,2021-02-28,202,21,200,0,0,0,0
JD_11536154,2021-02-28,158,57,123,5,0,0,0
JD_11536153,2021-02-28,19,16,7,0,0,0,0
JD_11536152,2021-02-28,1,0,1,0,0,0,0
JD_11536151,2021-02-28,3,1,3,0,0,0,0
JD_11536150,2021-02-28,2,1,2,0,0,0,0
JD_11536149,2021-02-28,0,0,0,0,0,0,0
JD_11536148,2021-02-28,4,2,3,0,0,0,0
JD_11536147,2021-02-28,19,4,18,0,1,0,0
JD_11536146,2021-02-28,17,6,13,0,0,0,0
JD_11536145,2021-02-28,21,9,20,0,1,0,0
JD_11536144,2021-02-28,38,22,22,1,1,0,0
JD_11536143,2021-02-28,5,2,3,0,0,0,0
JD_11536142,2021-02-28,33,16,24,1,0,0,0
JD_11536141,2021-02-28,31,15,26,1,0,0,0
JD_11536140,2021-02-28,10,10,1,0,0,0,0
JD_11536139,2021-02-28,34,27,21,0,0,0,1
JD_11536137,2021-02-28,473,247,398,7,2,0,0
JD_11536136,2021-02-28,1003,128,933,8,5,0,0
JD_11536135,2021-02-28,77,49,39,1,0,0,0
JD_11536134,2021-02-28,114,93,93,0,0,0,0
JD_11536132,2021-02-28,8691,5700,5971,20,12,6,12
JD_11536131,2021-02-28,450,283,208,3,2,1,1
JD_11536130,2021-02-28,58,21,45,0,1,0,0
JD_11536129,2021-02-28,60,8,57,0,0,0,0
JD_11536128,2021-02-28,66,45,31,0,0,0,0
JD_11536127,2021-02-28,57,34,32,0,0,0,0
JD_11536126,2021-02-28,25,15,18,0,0,0,0
JD_11536125,2021-02-28,95,64,56,0,0,0,1
JD_11536124,2021-02-28,82,10,78,1,0,0,0
JD_11536123,2021-02-28,0,0,0,0,0,0,0
JD_11536122,2021-02-28,25,19,12,0,0,0,0
JD_11536121,2021-02-28,73,44,41,2,0,0,0
JD_11536120,2021-02-28,8,0,7,1,0,0,0
JD_11536119,2021-02-28,34,18,23,0,0,0,0
