JD_11339843,2021-02-28,22,11,22,0,0,0,0
JD_11339842,2021-02-28,1,0,1,0,0,0,0
JD_11339841,2021-02-28,4,2,4,0,0,0,0
JD_11339840,2021-02-28,7,1,7,0,0,0,0
JD_11339838,2021-02-28,2,2,1,0,0,0,0
JD_11339837,2021-02-28,8,1,8,0,0,0,0
JD_11339836,2021-02-28,11,0,8,2,1,0,0
JD_11339835,2021-02-28,12,1,11,1,0,0,0
JD_11339834,2021-02-28,0,0,0,0,0,0,0
JD_11339833,2021-02-28,11,0,11,0,0,0,0
JD_11339832,2021-02-28,46,6,45,0,1,0,0
JD_11339831,2021-02-28,4,1,4,0,0,0,0
JD_11339830,2021-02-28,5,2,3,0,1,0,0
JD_11339829,2021-02-28,1,1,0,0,0,0,0
JD_11339828,2021-02-28,7,2,7,0,0,0,0
JD_11339827,2021-02-28,1267,650,996,17,21,3,4
JD_11339826,2021-02-28,264,122,259,2,3,0,2
JD_11339824,2021-02-28,17,12,7,0,0,0,0
JD_11339822,2021-02-28,13,3,13,0,0,0,0
JD_11339821,2021-02-28,963,1,949,8,6,0,1
JD_11339820,2021-02-28,475,1,468,5,2,0,1
JD_11339818,2021-02-28,759,1,752,6,1,0,0
JD_11339817,2021-02-28,393,83,389,1,2,0,0
JD_11339816,2021-02-28,56,27,55,0,0,0,0
JD_11339814,2021-02-28,34,10,33,0,0,0,0
JD_11339810,2021-02-28,118,36,109,2,1,0,0
JD_11339809,2021-02-28,8,3,8,0,0,0,0
JD_11339807,2021-02-28,129,23,126,1,1,0,0
JD_11339805,2021-02-28,297,124,294,2,1,1,0
JD_11339804,2021-02-28,109,0,108,0,1,0,0
JD_11339803,2021-02-28,23,10,14,0,1,0,0
JD_11339802,2021-02-28,139,11,122,11,6,0,0
JD_11339801,2021-02-28,34,5,33,1,0,0,0
JD_11339800,2021-02-28,24,17,9,1,0,1,1
JD_11339799,2021-02-28,28,19,16,0,0,0,0
JD_11339798,2021-02-28,4,3,2,0,0,0,0
JD_11339797,2021-02-28,59,47,20,0,0,0,1
JD_11339796,2021-02-28,47,31,26,0,0,0,0
JD_11339795,2021-02-28,6,5,5,0,0,0,0
JD_11339794,2021-02-28,12,9,6,0,0,0,0
JD_11339793,2021-02-28,130,83,83,3,0,0,0
JD_11339792,2021-02-28,8,5,8,0,0,0,0
JD_11339791,2021-02-28,3,1,2,0,0,0,0
JD_11339789,2021-02-28,2818,1491,2218,24,5,3,3
JD_11339785,2021-02-28,1,1,0,0,0,0,0
JD_11339783,2021-02-28,33,7,33,0,0,0,0
JD_11339782,2021-02-28,20,3,17,1,1,0,0
JD_11339781,2021-02-28,25,6,23,0,1,0,0
JD_11339780,2021-02-28,9,7,5,0,0,0,0
JD_11339779,2021-02-28,4,2,2,0,0,0,0
JD_11339778,2021-02-28,51,35,34,0,0,0,0
JD_11339777,2021-02-28,4,1,4,0,0,0,0
JD_11339776,2021-02-28,10,6,7,0,0,0,0
JD_11339775,2021-02-28,35,20,34,0,0,0,0
JD_11339774,2021-02-28,5,0,5,0,0,0,0
JD_11339773,2021-02-28,50,19,38,0,0,0,0
JD_11339772,2021-02-28,82,47,48,1,0,0,0
JD_11339771,2021-02-28,5,1,5,0,0,0,0
JD_11339769,2021-02-28,9,4,5,0,0,0,0
JD_11339768,2021-02-28,9,4,7,1,0,0,0
JD_11339767,2021-02-28,8,0,6,1,1,0,0
JD_11339766,2021-02-28,18,0,18,0,0,0,0
JD_11339765,2021-02-28,53,40,19,1,0,0,0
JD_11339762,2021-02-28,59,28,59,0,0,0,0
JD_11339761,2021-02-28,76,62,29,0,1,0,0
JD_11339760,2021-02-28,210,106,193,2,1,0,0
JD_11339758,2021-02-28,54,13,47,2,1,0,0
JD_11339757,2021-02-28,2,2,1,0,0,0,0
JD_11339756,2021-02-28,39,0,37,2,0,0,0
JD_11339755,2021-02-28,5,2,4,0,0,0,0
