JD_11712822,2021-02-28,1,1,1,0,0,0,0
JD_11712821,2021-02-28,0,0,0,0,0,0,0
JD_11712818,2021-02-28,11,9,6,0,0,0,0
JD_11712817,2021-02-28,0,0,0,0,0,0,0
JD_11712814,2021-02-28,1712,0,1662,37,13,0,0
JD_11712813,2021-02-28,736,0,712,17,7,0,0
JD_11712811,2021-02-28,490,0,478,8,4,0,0
JD_11712809,2021-02-28,6948,0,6811,87,50,0,0
JD_11712808,2021-02-28,2538,0,2460,57,21,0,0
JD_11712805,2021-02-28,0,0,0,0,0,0,0
JD_11712799,2021-02-28,11000,2,10727,201,72,0,0
JD_11712798,2021-02-28,7,5,6,0,0,0,1
JD_11712796,2021-02-28,0,0,0,0,0,0,0
JD_11712795,2021-02-28,0,0,0,0,0,0,0
JD_11712794,2021-02-28,0,0,0,0,0,0,0
JD_11712793,2021-02-28,0,0,0,0,0,0,0
JD_11712784,2021-02-28,0,0,0,0,0,0,0
JD_11712780,2021-02-28,1,1,0,0,0,0,0
JD_11712778,2021-02-28,11,8,4,0,0,0,0
JD_11712777,2021-02-28,4,2,2,0,0,0,0
JD_11712776,2021-02-28,28,17,16,0,0,0,0
JD_11712775,2021-02-28,4,4,3,0,0,0,0
JD_11712773,2021-02-28,10,8,4,0,0,0,0
JD_11712772,2021-02-28,54,30,44,1,0,0,0
JD_11712771,2021-02-28,0,0,0,0,0,0,0
JD_11712770,2021-02-28,1,1,1,0,0,0,0
JD_11712769,2021-02-28,62,38,38,3,1,0,0
JD_11712768,2021-02-28,18,14,12,0,0,0,0
JD_11712589,2021-02-28,8,0,8,0,0,0,0
JD_11712588,2021-02-28,5,0,5,0,0,0,0
JD_11712587,2021-02-28,0,0,0,0,0,0,0
JD_11712586,2021-02-28,7,0,7,0,0,0,0
JD_11712585,2021-02-28,27,0,27,0,0,0,0
JD_11712584,2021-02-28,2,0,2,0,0,0,0
JD_11712583,2021-02-28,4,0,4,0,0,0,0
JD_11712582,2021-02-28,0,0,0,0,0,0,0
JD_11712580,2021-02-28,30,0,28,2,0,0,0
JD_11712579,2021-02-28,17,0,17,0,0,0,0
JD_11712578,2021-02-28,10,0,10,0,0,0,0
JD_11712577,2021-02-28,20,13,16,0,0,0,0
JD_11712576,2021-02-28,7,0,6,0,1,0,0
JD_11712575,2021-02-28,51,8,49,1,1,0,0
JD_11712574,2021-02-28,17,0,17,0,0,0,0
JD_11712573,2021-02-28,2213,1291,1858,3,3,2,2
JD_11712572,2021-02-28,699,285,687,5,1,0,2
JD_11712571,2021-02-28,4,1,3,0,0,0,0
JD_11712570,2021-02-28,6,4,4,0,0,0,0
JD_11712569,2021-02-28,5,0,4,0,1,0,0
JD_11712568,2021-02-28,28,0,28,0,0,0,1
JD_11712567,2021-02-28,3,0,3,0,0,0,0
JD_11712566,2021-02-28,6,0,6,0,0,0,0
JD_11712565,2021-02-28,2612,2014,1396,3,2,4,4
JD_11712564,2021-02-28,3,3,1,0,0,0,0
JD_11712563,2021-02-28,31,2,30,1,0,0,0
JD_11712562,2021-02-28,35,16,29,0,0,0,2
JD_11712561,2021-02-28,734,423,599,1,2,0,2
JD_11712560,2021-02-28,35,22,30,0,1,0,0
JD_11712559,2021-02-28,49,22,42,0,0,0,2
JD_11712558,2021-02-28,41,1,40,1,0,0,0
JD_11712557,2021-02-28,24,10,22,1,0,0,0
JD_11712556,2021-02-28,46,0,46,0,0,0,0
JD_11712555,2021-02-28,4,3,1,0,0,0,0
JD_11712554,2021-02-28,67,32,57,1,0,0,0
JD_11712553,2021-02-28,11,4,8,0,0,0,0
JD_11712552,2021-02-28,4,0,3,0,1,0,0
JD_11712551,2021-02-28,485,198,481,2,2,0,5
JD_11712550,2021-02-28,413,238,293,3,1,1,0
JD_11712549,2021-02-28,17,11,16,0,0,0,0
JD_11712548,2021-02-28,67,39,55,0,0,0,0
JD_11712547,2021-02-28,19,0,19,0,0,0,0
