JD_11426021,2021-02-28,1,1,1,0,0,0,0
JD_11426019,2021-02-28,6038,3313,5100,27,15,10,12
JD_11426017,2021-02-28,15,6,14,0,0,0,1
JD_11426016,2021-02-28,3,3,2,0,0,0,0
JD_11426014,2021-02-28,1,1,1,0,0,0,0
JD_11426013,2021-02-28,1,0,1,0,0,0,0
JD_11426012,2021-02-28,1,1,1,0,0,0,0
JD_11426011,2021-02-28,1,1,1,0,0,0,0
JD_11426010,2021-02-28,1,1,1,0,0,0,0
JD_11426009,2021-02-28,0,0,0,0,0,0,0
JD_11426008,2021-02-28,0,0,0,0,0,0,0
JD_11426007,2021-02-28,0,0,0,0,0,0,0
JD_11426006,2021-02-28,4,3,3,0,0,0,0
JD_11426004,2021-02-28,2,2,0,0,0,0,0
JD_11426003,2021-02-28,1,1,0,0,0,0,0
JD_11425997,2021-02-28,3,2,1,0,0,0,0
JD_11425996,2021-02-28,0,0,0,0,0,0,0
JD_11425995,2021-02-28,0,0,0,0,0,0,0
JD_11425993,2021-02-28,0,0,0,0,0,0,0
JD_11425989,2021-02-28,0,0,0,0,0,0,0
JD_11425987,2021-02-28,0,0,0,0,0,0,0
JD_11425986,2021-02-28,0,0,0,0,0,0,0
JD_11425984,2021-02-28,0,0,0,0,0,0,0
JD_11425983,2021-02-28,2,2,1,0,0,0,0
JD_11425981,2021-02-28,0,0,0,0,0,0,0
JD_11425980,2021-02-28,0,0,0,0,0,0,0
JD_11425979,2021-02-28,0,0,0,0,0,0,0
JD_11425974,2021-02-28,1,1,1,0,0,0,0
JD_11425973,2021-02-28,286,198,263,1,1,2,2
JD_11425970,2021-02-28,0,0,0,0,0,0,0
JD_11425969,2021-02-28,0,0,0,0,0,0,0
JD_11425968,2021-02-28,3,0,3,0,0,0,0
JD_11425967,2021-02-28,0,0,0,0,0,0,0
JD_11425965,2021-02-28,1,1,1,0,0,0,0
JD_11425960,2021-02-28,0,0,0,0,0,0,0
JD_11425959,2021-02-28,4,2,2,0,0,0,0
JD_11425956,2021-02-28,9,7,5,0,0,0,0
JD_11425955,2021-02-28,1,1,1,0,0,0,0
JD_11425952,2021-02-28,49,37,26,1,0,0,0
JD_11425948,2021-02-28,8,4,6,0,0,0,0
JD_11425947,2021-02-28,0,0,0,0,0,0,0
JD_11425944,2021-02-28,1,0,1,0,0,0,0
JD_11425943,2021-02-28,1,1,1,0,0,0,0
JD_11425941,2021-02-28,0,0,0,0,0,0,0
JD_11425940,2021-02-28,1,0,1,0,0,0,0
JD_11425939,2021-02-28,2,1,2,0,0,0,0
JD_11425938,2021-02-28,0,0,0,0,0,0,0
JD_11425937,2021-02-28,0,0,0,0,0,0,0
JD_11425936,2021-02-28,0,0,0,0,0,0,0
JD_11425935,2021-02-28,0,0,0,0,0,0,0
JD_11425934,2021-02-28,0,0,0,0,0,0,0
JD_11425933,2021-02-28,0,0,0,0,0,0,0
JD_11425932,2021-02-28,1,1,0,0,0,0,0
JD_11425931,2021-02-28,0,0,0,0,0,0,0
JD_11425929,2021-02-28,112,68,95,0,0,0,0
JD_11425928,2021-02-28,0,0,0,0,0,0,0
JD_11425926,2021-02-28,1,1,0,0,0,0,0
JD_11425924,2021-02-28,0,0,0,0,0,0,0
JD_11425922,2021-02-28,7,2,6,0,0,0,0
JD_11425921,2021-02-28,67,37,63,0,1,0,0
JD_11425920,2021-02-28,0,0,0,0,0,0,0
JD_11425917,2021-02-28,0,0,0,0,0,0,0
JD_11425916,2021-02-28,2,1,1,0,0,0,0
JD_11425915,2021-02-28,0,0,0,0,0,0,0
JD_11425914,2021-02-28,1171,558,982,9,0,1,1
JD_11425913,2021-02-28,7,3,6,0,0,0,0
JD_11425912,2021-02-28,5,2,4,0,0,0,0
JD_11425911,2021-02-28,2,1,2,0,0,0,0
JD_11425910,2021-02-28,0,0,0,0,0,0,0
JD_11425909,2021-02-28,3,2,1,0,0,0,0
