JD_12390023,2021-02-28,29,27,19,0,0,0,0
JD_12390022,2021-02-28,2,2,0,0,0,0,0
JD_12390021,2021-02-28,67,56,22,1,0,0,0
JD_12390020,2021-02-28,3,2,1,0,0,0,1
JD_12390019,2021-02-28,7,5,3,0,0,0,0
JD_12390018,2021-02-28,123,97,89,0,0,0,1
JD_12390017,2021-02-28,114,87,44,0,0,0,0
JD_12390016,2021-02-28,4378,3596,2973,7,0,7,9
JD_12390015,2021-02-28,10,8,2,0,0,0,0
JD_12390014,2021-02-28,2,2,0,0,0,0,0
JD_12390013,2021-02-28,54,44,14,0,0,0,0
JD_12390012,2021-02-28,275,235,200,0,0,2,0
JD_12390011,2021-02-28,2,2,0,0,0,0,0
JD_12390010,2021-02-28,8,7,4,0,0,0,0
JD_12390009,2021-02-28,2,2,0,0,0,0,0
JD_12390008,2021-02-28,4,3,3,0,0,0,0
JD_12390007,2021-02-28,2,2,0,0,0,0,0
JD_12390006,2021-02-28,22,22,9,0,0,0,0
JD_12390005,2021-02-28,134,114,23,0,0,0,1
JD_12390004,2021-02-28,20,17,13,0,0,0,0
JD_12390003,2021-02-28,3,2,1,0,0,0,0
JD_12390002,2021-02-28,46,39,22,0,0,0,0
JD_12390001,2021-02-28,12,9,5,0,0,0,0
JD_12390000,2021-02-28,1,0,1,0,0,0,0
JD_12389999,2021-02-28,2,2,0,0,0,0,0
JD_12389998,2021-02-28,4,4,0,0,0,0,0
JD_12389997,2021-02-28,2,2,0,0,0,0,0
JD_12389996,2021-02-28,4,3,4,0,0,0,0
JD_12389995,2021-02-28,63,54,12,0,0,0,0
JD_12389994,2021-02-28,34,25,26,0,0,0,0
JD_12389993,2021-02-28,17,15,17,0,0,0,0
JD_12389992,2021-02-28,14,10,6,0,0,0,0
JD_12389991,2021-02-28,14,13,6,0,0,0,0
JD_12389990,2021-02-28,43,39,22,0,0,0,0
JD_12389989,2021-02-28,117,86,75,0,0,0,2
JD_12389988,2021-02-28,1,1,0,0,0,0,0
JD_12389987,2021-02-28,156,131,83,0,0,0,2
JD_12389986,2021-02-28,35,27,21,0,0,0,0
JD_12389984,2021-02-28,2,2,1,0,0,0,0
JD_12389982,2021-02-28,0,0,0,0,0,0,0
JD_12389981,2021-02-28,36,29,14,0,0,0,0
JD_12389980,2021-02-28,25,21,16,0,0,0,0
JD_12389979,2021-02-28,25,18,14,0,0,0,0
JD_12389978,2021-02-28,54,40,36,0,0,0,1
JD_12389977,2021-02-28,6,5,1,0,0,0,0
JD_12389976,2021-02-28,8,7,5,0,0,0,0
JD_12389975,2021-02-28,17,15,2,0,0,0,0
JD_12389974,2021-02-28,8,7,5,0,0,0,0
JD_12389973,2021-02-28,13,12,12,0,0,0,0
JD_12389972,2021-02-28,85,71,43,0,0,0,0
JD_12389971,2021-02-28,229,179,53,2,0,0,0
JD_12389970,2021-02-28,8,6,3,0,0,0,0
JD_12389968,2021-02-28,18,16,13,0,0,0,0
JD_12389967,2021-02-28,25,24,9,0,0,0,0
JD_12389966,2021-02-28,8,8,3,0,0,0,0
JD_12389965,2021-02-28,6,3,4,0,0,0,0
JD_12389964,2021-02-28,0,0,0,0,0,0,0
JD_12389963,2021-02-28,5,4,3,0,0,0,0
JD_12389962,2021-02-28,13,13,3,0,0,0,0
JD_12389961,2021-02-28,78,62,36,1,0,0,0
JD_12389960,2021-02-28,8,6,4,0,0,0,0
JD_12389958,2021-02-28,5,4,1,0,0,0,0
JD_12389957,2021-02-28,2,2,0,0,0,0,0
JD_12389956,2021-02-28,79,69,43,0,0,0,0
JD_12389955,2021-02-28,19,18,16,1,0,0,0
JD_12389954,2021-02-28,216,108,163,0,0,0,1
JD_12389952,2021-02-28,1789,1586,454,1,1,3,1
JD_12389951,2021-02-28,19,15,9,0,0,0,0
JD_12389950,2021-02-28,0,0,0,0,0,0,0
JD_12389949,2021-02-28,8,6,2,0,0,0,0
