JD_11525830,2021-02-28,2,2,1,0,0,0,0
JD_11525829,2021-02-28,0,0,0,0,0,0,0
JD_11525828,2021-02-28,2,2,0,0,0,0,0
JD_11525827,2021-02-28,18,11,13,1,0,0,0
JD_11525826,2021-02-28,11,10,5,0,0,0,0
JD_11525825,2021-02-28,19,5,18,0,1,0,0
JD_11525824,2021-02-28,3,3,0,0,0,0,0
JD_11525821,2021-02-28,80,36,80,0,0,1,1
JD_11525818,2021-02-28,137,84,133,2,1,0,0
JD_11525816,2021-02-28,144,82,132,2,1,0,0
JD_11525815,2021-02-28,542,401,343,2,0,0,2
JD_11525814,2021-02-28,2,1,1,0,0,0,0
JD_11525813,2021-02-28,3,2,1,0,0,0,0
JD_11525812,2021-02-28,103,50,102,1,0,0,0
JD_11525809,2021-02-28,113,80,60,0,0,0,0
JD_11525807,2021-02-28,16,2,16,0,0,0,0
JD_11525806,2021-02-28,13,6,10,0,0,0,0
JD_11525805,2021-02-28,11,8,7,0,0,0,0
JD_11525804,2021-02-28,6,4,5,0,0,0,0
JD_11525803,2021-02-28,1298,363,1293,5,0,1,1
JD_11525802,2021-02-28,1058,360,1052,6,0,0,2
JD_11525801,2021-02-28,589,0,587,2,0,0,0
JD_11525799,2021-02-28,9,6,7,0,0,0,0
JD_11525798,2021-02-28,11,5,11,0,0,0,0
JD_11525797,2021-02-28,4125,2615,4123,1,1,3,2
JD_11525767,2021-02-28,686,125,676,6,4,0,1
JD_11525766,2021-02-28,11,7,7,0,0,0,0
JD_11525765,2021-02-28,8,5,6,0,0,0,0
JD_11525764,2021-02-28,0,0,0,0,0,0,0
JD_11525763,2021-02-28,0,0,0,0,0,0,0
JD_11525762,2021-02-28,3,2,2,0,0,0,0
JD_11525760,2021-02-28,11,6,9,0,0,0,0
JD_11525759,2021-02-28,1,1,0,0,0,0,0
JD_11525758,2021-02-28,2,0,2,0,0,0,0
JD_11525757,2021-02-28,896,518,687,6,6,1,0
JD_11525756,2021-02-28,15,11,12,0,0,0,0
JD_11525755,2021-02-28,36,24,31,1,0,0,0
JD_11525754,2021-02-28,161,122,101,0,1,1,0
JD_11525753,2021-02-28,42,22,26,0,0,0,0
JD_11525752,2021-02-28,127,86,96,1,2,0,0
JD_11525751,2021-02-28,44,27,33,0,1,0,0
JD_11525750,2021-02-28,22,12,19,0,0,0,0
JD_11525749,2021-02-28,11,5,8,0,0,0,0
JD_11525748,2021-02-28,67,25,60,1,0,0,0
JD_11525747,2021-02-28,28,7,25,1,1,0,0
JD_11525746,2021-02-28,23,14,14,0,0,0,0
JD_11525745,2021-02-28,16,9,11,0,0,0,0
JD_11525744,2021-02-28,10,3,9,0,0,0,0
JD_11525743,2021-02-28,13,10,8,0,0,0,0
JD_11525742,2021-02-28,22,11,17,0,0,0,0
JD_11525741,2021-02-28,180,83,172,1,4,1,2
JD_11525740,2021-02-28,14,9,7,0,0,0,0
JD_11525739,2021-02-28,20,16,7,0,0,0,0
JD_11525738,2021-02-28,18,11,10,1,0,0,0
JD_11525737,2021-02-28,7,6,2,0,0,0,0
JD_11525736,2021-02-28,32,22,19,0,0,0,0
JD_11525735,2021-02-28,34,21,25,0,0,0,0
JD_11525734,2021-02-28,12,5,11,0,0,0,0
JD_11525733,2021-02-28,7,6,1,0,0,1,0
JD_11525732,2021-02-28,171,10,156,7,3,0,0
JD_11525731,2021-02-28,99,77,97,1,0,0,0
JD_11525730,2021-02-28,2371,794,2300,9,5,0,5
JD_11525729,2021-02-28,16,6,16,0,0,0,0
JD_11525728,2021-02-28,20,12,16,0,0,0,0
JD_11525727,2021-02-28,74,15,64,2,0,0,0
JD_11525726,2021-02-28,25,0,23,2,0,0,0
JD_11525725,2021-02-28,262,202,135,2,0,0,0
JD_11525724,2021-02-28,37,0,36,1,0,0,0
JD_11525723,2021-02-28,194,123,144,1,0,0,0
JD_11525722,2021-02-28,0,0,0,0,0,0,0
