JD_11475401,2021-02-28,245,171,140,0,0,0,1
JD_11475397,2021-02-28,2,0,1,0,1,0,0
JD_11475396,2021-02-28,0,0,0,0,0,0,0
JD_11475395,2021-02-28,20,0,20,0,0,0,0
JD_11475394,2021-02-28,25,6,23,0,1,0,0
JD_11475393,2021-02-28,50,31,35,0,0,0,0
JD_11475392,2021-02-28,10,9,10,0,0,0,0
JD_11475391,2021-02-28,0,0,0,0,0,0,0
JD_11475390,2021-02-28,0,0,0,0,0,0,0
JD_11475389,2021-02-28,21,5,20,0,0,0,0
JD_11475388,2021-02-28,38,20,24,0,0,0,0
JD_11475387,2021-02-28,32,3,32,0,0,0,0
JD_11475386,2021-02-28,45,23,31,0,0,0,0
JD_11475385,2021-02-28,5,1,5,0,0,0,0
JD_11475384,2021-02-28,1,1,1,0,0,0,0
JD_11475383,2021-02-28,1,1,1,0,0,0,0
JD_11475382,2021-02-28,42,18,33,0,0,0,0
JD_11475381,2021-02-28,238,166,129,1,1,0,0
JD_11475378,2021-02-28,0,0,0,0,0,0,0
JD_11475371,2021-02-28,4,2,3,0,0,0,0
JD_11475370,2021-02-28,0,0,0,0,0,0,0
JD_11475366,2021-02-28,0,0,0,0,0,0,0
JD_11475365,2021-02-28,1,1,0,0,0,0,0
JD_11475364,2021-02-28,0,0,0,0,0,0,0
JD_11475363,2021-02-28,0,0,0,0,0,0,0
JD_11475361,2021-02-28,592,504,156,0,0,0,1
JD_11475360,2021-02-28,261,205,145,0,1,0,0
JD_11475354,2021-02-28,0,0,0,0,0,0,0
JD_11475353,2021-02-28,161,126,61,0,0,0,0
JD_11475352,2021-02-28,219,175,72,0,0,0,0
JD_11475349,2021-02-28,0,0,0,0,0,0,0
JD_11475348,2021-02-28,0,0,0,0,0,0,0
JD_11475344,2021-02-28,5,2,3,0,0,0,0
JD_11475343,2021-02-28,445,190,247,5,3,0,1
JD_11475340,2021-02-28,13,5,11,0,0,0,0
JD_11475339,2021-02-28,29,17,26,0,0,0,0
JD_11475337,2021-02-28,52,1,50,2,0,0,0
JD_11475336,2021-02-28,50,26,46,0,0,0,0
JD_11475334,2021-02-28,40,21,32,0,0,0,0
JD_11475333,2021-02-28,46,30,40,0,0,0,0
JD_11475331,2021-02-28,46,25,37,0,0,0,0
JD_11475330,2021-02-28,6,5,2,0,0,0,0
JD_11475329,2021-02-28,1482,949,1105,8,7,1,2
JD_11475328,2021-02-28,1,1,0,0,0,0,0
JD_11475327,2021-02-28,6,3,6,0,0,0,0
JD_11475326,2021-02-28,0,0,0,0,0,0,0
JD_11475322,2021-02-28,8,0,8,0,0,0,0
JD_11475321,2021-02-28,0,0,0,0,0,0,0
JD_11475319,2021-02-28,302,223,263,1,0,0,0
JD_11475317,2021-02-28,270,191,205,1,1,0,0
JD_11475316,2021-02-28,586,444,397,0,1,0,0
JD_11475315,2021-02-28,11,2,11,0,0,0,0
JD_11475314,2021-02-28,296,235,208,0,0,0,0
JD_11475313,2021-02-28,496,392,335,0,0,0,0
JD_11475312,2021-02-28,280,223,226,0,0,0,0
JD_11475310,2021-02-28,6,4,2,0,0,0,0
JD_11475309,2021-02-28,0,0,0,0,0,0,0
JD_11475308,2021-02-28,1,0,1,0,0,0,0
JD_11475307,2021-02-28,6,0,6,0,0,0,0
JD_11475306,2021-02-28,0,0,0,0,0,0,0
JD_11475305,2021-02-28,29,19,12,0,0,0,0
JD_11475304,2021-02-28,42,25,29,0,0,0,0
JD_11475303,2021-02-28,13,12,6,0,0,0,0
JD_11475302,2021-02-28,7,4,4,0,0,0,1
JD_11475298,2021-02-28,0,0,0,0,0,0,0
JD_11475297,2021-02-28,0,0,0,0,0,0,0
JD_11475294,2021-02-28,123,75,101,2,1,0,0
JD_11475292,2021-02-28,19,9,17,0,0,0,0
JD_11475291,2021-02-28,3,3,3,0,0,0,0
JD_11475289,2021-02-28,0,0,0,0,0,0,0
