JD_11535117,2021-02-28,20,11,12,1,0,0,0
JD_11535116,2021-02-28,15,9,12,0,0,0,0
JD_11535115,2021-02-28,30,14,25,1,0,0,0
JD_11535114,2021-02-28,67,36,38,0,0,0,1
JD_11535113,2021-02-28,33,12,29,0,0,0,0
JD_11535112,2021-02-28,29,12,22,1,0,0,0
JD_11535111,2021-02-28,29,3,29,0,0,0,0
JD_11535109,2021-02-28,23,2,23,0,0,0,0
JD_11535108,2021-02-28,12,11,1,0,0,0,0
JD_11535105,2021-02-28,85,22,84,1,0,0,0
JD_11535104,2021-02-28,650,62,594,15,4,0,0
JD_11535103,2021-02-28,13,1,11,1,1,0,0
JD_11535102,2021-02-28,3,1,2,0,0,0,0
JD_11535100,2021-02-28,5,4,3,0,0,0,0
JD_11535099,2021-02-28,0,0,0,0,0,0,0
JD_11535097,2021-02-28,0,0,0,0,0,0,0
JD_11535096,2021-02-28,5,4,4,0,0,0,0
JD_11535095,2021-02-28,7,2,6,0,0,0,0
JD_11535094,2021-02-28,10,7,7,0,0,0,1
JD_11535093,2021-02-28,2,1,2,0,0,0,0
JD_11535092,2021-02-28,9,4,7,0,1,0,0
JD_11535090,2021-02-28,4,2,4,0,0,0,0
JD_11535089,2021-02-28,10,4,6,1,0,0,0
JD_11535088,2021-02-28,30,5,29,0,0,0,0
JD_11535086,2021-02-28,0,0,0,0,0,0,0
JD_11535085,2021-02-28,1,0,1,0,0,0,0
JD_11535084,2021-02-28,3,3,2,0,0,0,0
JD_11535083,2021-02-28,7,4,4,0,2,0,0
JD_11535082,2021-02-28,3,3,2,0,0,0,0
JD_11535081,2021-02-28,25,14,11,0,0,0,0
JD_11535080,2021-02-28,63,45,53,0,0,0,0
JD_11535079,2021-02-28,2,1,1,0,0,0,0
JD_11535078,2021-02-28,5185,3407,3263,21,17,3,16
JD_11535077,2021-02-28,39,26,38,0,0,0,0
JD_11535076,2021-02-28,1396,1010,574,4,1,0,1
JD_11535075,2021-02-28,119,38,118,1,0,0,1
JD_11535069,2021-02-28,2996,1316,2260,18,4,2,6
JD_11535068,2021-02-28,26,12,23,0,0,0,0
JD_11535067,2021-02-28,11,7,10,0,0,0,1
JD_11535066,2021-02-28,6,2,5,0,0,0,0
JD_11535065,2021-02-28,0,0,0,0,0,0,0
JD_11535063,2021-02-28,4,2,4,0,0,0,0
JD_11535062,2021-02-28,23,11,23,0,0,0,0
JD_11535060,2021-02-28,9,3,6,0,1,0,0
JD_11535059,2021-02-28,8,3,5,1,0,0,0
JD_11535058,2021-02-28,573,286,389,9,2,0,1
JD_11535057,2021-02-28,2941,2513,1660,10,8,0,2
JD_11535056,2021-02-28,2360,942,2110,29,7,1,1
JD_11535055,2021-02-28,13,11,4,0,0,0,0
JD_11535054,2021-02-28,0,0,0,0,0,0,0
JD_11535052,2021-02-28,2,1,2,0,0,0,0
JD_11535051,2021-02-28,36,24,14,0,0,1,0
JD_11535050,2021-02-28,11,0,10,1,0,0,0
JD_11535049,2021-02-28,1,1,1,0,0,0,0
JD_11535048,2021-02-28,46,1,45,1,0,0,0
JD_11535047,2021-02-28,20,11,19,0,0,0,0
JD_11535045,2021-02-28,54,21,44,0,1,0,1
JD_11535041,2021-02-28,0,0,0,0,0,0,0
JD_11535039,2021-02-28,34,0,32,2,0,0,0
JD_11535037,2021-02-28,97,42,89,1,0,0,0
JD_11535034,2021-02-28,121,0,120,1,0,0,0
JD_11535028,2021-02-28,154,0,152,1,1,0,0
JD_11535025,2021-02-28,143,0,136,6,1,0,0
JD_11535014,2021-02-28,0,0,0,0,0,0,0
JD_11535008,2021-02-28,55,32,51,1,0,0,0
JD_11535007,2021-02-28,588,0,578,8,2,0,0
JD_11535006,2021-02-28,12,2,12,0,0,0,0
JD_11535004,2021-02-28,21,17,8,0,0,0,0
JD_11535003,2021-02-28,5,4,2,0,0,0,0
JD_11535000,2021-02-28,0,0,0,0,0,0,0
