JD_11653639,2021-02-28,122,85,85,0,0,0,0
JD_11653638,2021-02-28,125,0,125,0,0,0,0
JD_11653637,2021-02-28,105,4,104,1,0,0,0
JD_11653636,2021-02-28,10,0,10,0,0,0,0
JD_11653635,2021-02-28,151,19,147,3,1,0,0
JD_11653634,2021-02-28,12,5,8,0,0,0,0
JD_11653633,2021-02-28,67,27,51,2,1,0,0
JD_11653631,2021-02-28,54,16,53,1,0,0,0
JD_11653630,2021-02-28,78,32,77,0,0,0,0
JD_11653629,2021-02-28,24,7,22,0,2,0,0
JD_11653628,2021-02-28,334,232,297,0,0,0,1
JD_11653626,2021-02-28,459,245,221,5,1,0,0
JD_11653625,2021-02-28,184,126,61,1,0,0,0
JD_11653623,2021-02-28,389,247,388,0,1,0,1
JD_11653622,2021-02-28,244,98,243,1,0,0,0
JD_11653621,2021-02-28,2139,285,2085,18,9,0,3
JD_11653620,2021-02-28,42,26,25,0,1,0,0
JD_11653618,2021-02-28,302,37,268,7,3,0,0
JD_11653617,2021-02-28,0,0,0,0,0,0,0
JD_11653616,2021-02-28,133,28,115,4,1,0,0
JD_11653615,2021-02-28,89,63,53,0,0,0,0
JD_11653614,2021-02-28,36,22,22,0,0,0,0
JD_11653613,2021-02-28,201,144,176,1,2,0,0
JD_11653612,2021-02-28,150,98,136,1,0,0,0
JD_11653611,2021-02-28,172,120,152,0,0,0,0
JD_11653610,2021-02-28,582,0,560,16,6,0,0
JD_11653609,2021-02-28,31,15,25,0,0,0,1
JD_11653608,2021-02-28,34,12,24,0,0,0,0
JD_11653607,2021-02-28,79,41,55,1,1,0,0
JD_11653606,2021-02-28,256,190,129,0,0,0,0
JD_11653605,2021-02-28,111,65,107,2,0,0,0
JD_11653604,2021-02-28,23,16,13,0,0,0,0
JD_11653603,2021-02-28,622,86,557,6,6,0,0
JD_11653602,2021-02-28,2024,1604,859,11,6,1,2
JD_11653601,2021-02-28,0,0,0,0,0,0,0
JD_11653600,2021-02-28,3,1,3,0,0,0,0
JD_11653598,2021-02-28,0,0,0,0,0,0,0
JD_11653589,2021-02-28,0,0,0,0,0,0,0
JD_11653587,2021-02-28,17,2,16,0,0,0,0
JD_11653586,2021-02-28,0,0,0,0,0,0,0
JD_11653583,2021-02-28,0,0,0,0,0,0,0
JD_11653581,2021-02-28,2,0,2,0,0,0,0
JD_11653580,2021-02-28,2,0,2,0,0,0,0
JD_11653576,2021-02-28,3,0,3,0,0,0,0
JD_11653575,2021-02-28,16,3,15,1,0,0,0
JD_11653573,2021-02-28,14,9,8,0,1,0,0
JD_11653572,2021-02-28,0,0,0,0,0,0,0
JD_11653571,2021-02-28,11,4,9,0,0,0,0
JD_11653570,2021-02-28,173,124,172,1,0,0,0
JD_11653569,2021-02-28,0,0,0,0,0,0,0
JD_11653568,2021-02-28,12,7,10,0,0,0,0
JD_11653567,2021-02-28,103,77,79,1,0,0,0
JD_11653566,2021-02-28,193,154,74,0,0,0,0
JD_11653565,2021-02-28,26,15,18,0,0,0,0
JD_11653563,2021-02-28,4,2,3,0,0,0,0
JD_11653562,2021-02-28,3,1,2,0,0,0,0
JD_11653561,2021-02-28,16,4,14,0,0,0,0
JD_11653559,2021-02-28,0,0,0,0,0,0,0
JD_11653558,2021-02-28,4,3,2,0,0,0,0
JD_11653557,2021-02-28,0,0,0,0,0,0,0
JD_11653556,2021-02-28,5,3,4,0,0,0,0
JD_11653554,2021-02-28,1,0,1,0,0,0,0
JD_11653553,2021-02-28,5,4,1,0,0,0,0
JD_11653552,2021-02-28,1,1,1,0,0,0,0
JD_11653551,2021-02-28,312,51,306,5,0,0,0
JD_11653550,2021-02-28,0,0,0,0,0,0,0
JD_11653549,2021-02-28,1,1,1,0,0,0,0
JD_11653548,2021-02-28,3,2,1,0,0,0,0
JD_11653547,2021-02-28,0,0,0,0,0,0,0
JD_11653546,2021-02-28,11,2,10,0,0,0,0
