JD_12136152,2021-02-28,37,33,24,0,0,0,0
JD_12136151,2021-02-28,19,15,14,0,0,0,0
JD_12136150,2021-02-28,2576,1924,1353,8,2,12,9
JD_12136149,2021-02-28,114,91,50,0,1,0,0
JD_12136148,2021-02-28,0,0,0,0,0,0,0
JD_12136147,2021-02-28,222,182,106,0,1,0,2
JD_12136145,2021-02-28,15,13,10,0,0,0,0
JD_12136143,2021-02-28,53,40,39,0,0,0,0
JD_12136142,2021-02-28,4,4,4,0,0,0,0
JD_12136141,2021-02-28,58,39,50,0,0,0,0
JD_12136140,2021-02-28,71,46,52,0,0,0,0
JD_12136139,2021-02-28,35,31,23,0,0,0,0
JD_12136138,2021-02-28,58,33,58,0,0,0,1
JD_12136137,2021-02-28,18,16,8,0,0,0,0
JD_12136136,2021-02-28,58,41,38,0,0,0,0
JD_12136135,2021-02-28,4,3,2,0,0,0,0
JD_12136134,2021-02-28,23,20,13,0,0,0,0
JD_12136133,2021-02-28,2282,2018,1182,2,2,0,2
JD_12136132,2021-02-28,286,215,88,2,0,0,2
JD_12136131,2021-02-28,38,30,14,0,1,0,1
JD_12136130,2021-02-28,64,44,51,0,0,0,0
JD_12136129,2021-02-28,182,145,109,0,0,0,1
JD_12136128,2021-02-28,8,8,0,0,0,0,0
JD_12136127,2021-02-28,1263,1028,620,2,2,1,3
JD_12136126,2021-02-28,1248,935,394,1,1,2,0
JD_12136124,2021-02-28,109,85,38,0,0,0,0
JD_12136122,2021-02-28,4,3,2,0,0,0,0
JD_12136120,2021-02-28,0,0,0,0,0,0,0
JD_12136119,2021-02-28,39,31,17,0,0,0,0
JD_12136118,2021-02-28,2,0,2,0,0,0,0
JD_12136117,2021-02-28,46,40,21,0,0,0,0
JD_12136116,2021-02-28,35,28,19,0,0,0,0
JD_12136115,2021-02-28,2,2,1,0,0,0,0
JD_12136114,2021-02-28,29,22,19,0,0,0,0
JD_12136113,2021-02-28,11,10,4,1,0,0,0
JD_12136112,2021-02-28,16,14,6,0,0,0,0
JD_12136111,2021-02-28,26,25,9,0,0,0,0
JD_12136110,2021-02-28,6,4,3,0,0,0,0
JD_12136109,2021-02-28,10,10,0,0,0,0,0
JD_12136108,2021-02-28,11,10,5,0,0,0,0
JD_12136107,2021-02-28,370,268,275,1,0,1,2
JD_12136106,2021-02-28,4,4,3,0,0,0,0
JD_12136105,2021-02-28,346,260,228,1,0,0,0
JD_12136104,2021-02-28,616,421,517,4,5,0,3
JD_12136103,2021-02-28,1663,1330,1644,3,3,1,1
JD_12136101,2021-02-28,1755,1364,1744,7,0,1,2
JD_12136100,2021-02-28,1,1,1,0,0,0,0
JD_12136099,2021-02-28,434,350,312,2,0,0,1
JD_12136098,2021-02-28,35,26,26,0,0,0,1
JD_12136097,2021-02-28,438,359,433,0,0,0,0
JD_12136096,2021-02-28,46,38,37,0,0,0,0
JD_12136095,2021-02-28,470,379,390,3,2,0,0
JD_12136094,2021-02-28,57,30,54,1,0,0,0
JD_12136093,2021-02-28,5893,4072,4454,5,5,15,37
JD_12136092,2021-02-28,23,14,22,0,0,0,0
JD_12136091,2021-02-28,2773,2192,2764,6,2,1,6
JD_12136090,2021-02-28,3,2,3,0,0,0,0
JD_12136089,2021-02-28,22,12,22,0,0,0,0
JD_12136088,2021-02-28,19,13,10,1,1,0,0
JD_12136087,2021-02-28,166,136,95,0,0,0,2
JD_12136085,2021-02-28,45,37,41,0,0,0,0
JD_12136083,2021-02-28,24,22,23,0,0,0,0
JD_12136082,2021-02-28,186,105,146,2,0,0,1
JD_12136081,2021-02-28,4,4,4,0,0,0,0
JD_12136079,2021-02-28,304,252,187,0,0,1,0
JD_12135762,2021-02-28,2,2,0,0,0,0,0
JD_12135761,2021-02-28,6,6,2,0,0,0,0
JD_12135760,2021-02-28,7,6,3,0,0,0,0
JD_12135759,2021-02-28,8,7,4,0,0,0,0
JD_12135758,2021-02-28,6,6,2,0,0,0,0
