JD_12460318,2021-02-28,16,15,3,0,0,0,0
JD_12460317,2021-02-28,125,102,30,0,0,1,0
JD_12460316,2021-02-28,1143,984,251,0,0,2,1
JD_12460315,2021-02-28,72,61,13,0,0,0,0
JD_12460314,2021-02-28,437,385,111,1,1,0,2
JD_12460313,2021-02-28,1630,1184,549,3,1,1,1
JD_12460312,2021-02-28,8,7,3,0,0,0,0
JD_12460311,2021-02-28,81,68,14,0,0,1,0
JD_12460310,2021-02-28,8,6,4,0,0,0,0
JD_12460309,2021-02-28,32,27,4,1,0,0,0
JD_12460308,2021-02-28,33,31,6,0,0,0,0
JD_12460307,2021-02-28,42,34,7,1,0,0,0
JD_12460306,2021-02-28,59,53,17,0,0,0,0
JD_12460305,2021-02-28,339,282,92,1,0,1,1
JD_12460304,2021-02-28,13,11,3,0,0,0,0
JD_12460303,2021-02-28,147,107,118,0,0,0,0
JD_12460302,2021-02-28,9,8,6,0,0,0,0
JD_12460301,2021-02-28,37,31,16,0,0,0,0
JD_12460300,2021-02-28,3,2,1,0,0,0,0
JD_12460299,2021-02-28,155,130,33,0,0,1,0
JD_12460298,2021-02-28,6,5,1,0,0,0,0
JD_12460297,2021-02-28,452,316,153,2,1,0,2
JD_12460296,2021-02-28,51,46,12,0,0,0,1
JD_12460295,2021-02-28,138,88,56,1,0,0,1
JD_12460294,2021-02-28,323,218,165,0,0,0,2
JD_12460293,2021-02-28,28,23,5,0,0,0,0
JD_12460292,2021-02-28,30,26,8,0,0,0,0
JD_12460291,2021-02-28,133,109,35,0,0,0,0
JD_12460290,2021-02-28,1,1,0,0,0,0,0
JD_12460289,2021-02-28,283,242,69,0,0,0,0
JD_12460288,2021-02-28,29,19,11,0,0,0,0
JD_12460287,2021-02-28,795,683,138,1,0,2,1
JD_12460286,2021-02-28,15,15,2,0,0,0,0
JD_12460285,2021-02-28,461,377,255,0,0,1,0
JD_12460284,2021-02-28,17,13,6,0,0,0,0
JD_12460283,2021-02-28,33,27,17,0,0,0,0
JD_12460282,2021-02-28,3,2,1,0,0,0,1
JD_12460281,2021-02-28,36,31,15,0,0,0,0
JD_12460280,2021-02-28,22,16,6,0,0,0,0
JD_12460279,2021-02-28,35,25,22,0,0,0,0
JD_12460278,2021-02-28,33,24,15,0,0,0,0
JD_12460277,2021-02-28,272,214,185,0,0,0,0
JD_12460276,2021-02-28,162,146,19,0,0,0,0
JD_12460275,2021-02-28,49,34,31,0,0,0,0
JD_12460274,2021-02-28,701,603,322,1,0,1,2
JD_12460273,2021-02-28,112,90,70,0,0,1,0
JD_12460272,2021-02-28,13,12,11,0,0,0,0
JD_12460271,2021-02-28,1406,1117,804,0,2,3,1
JD_12460270,2021-02-28,11,9,3,0,0,0,0
JD_12460269,2021-02-28,40,30,24,0,0,0,2
JD_12460268,2021-02-28,10,4,6,0,0,0,0
JD_12460267,2021-02-28,105,80,60,0,0,0,1
JD_12460266,2021-02-28,15,12,4,0,0,0,0
JD_12460265,2021-02-28,566,488,94,0,0,0,0
JD_12460264,2021-02-28,2,2,0,0,0,0,0
JD_12460263,2021-02-28,149,126,47,0,0,1,0
JD_12460262,2021-02-28,0,0,0,0,0,0,0
JD_12460261,2021-02-28,451,373,117,0,6,0,1
JD_12460260,2021-02-28,15,13,3,0,0,0,0
JD_12460259,2021-02-28,43,28,29,0,0,1,0
JD_12460258,2021-02-28,61,45,20,0,0,0,0
JD_12460257,2021-02-28,29,24,17,0,0,1,0
JD_12460256,2021-02-28,15,11,6,0,0,0,0
JD_12460255,2021-02-28,150,119,95,0,0,0,0
JD_12460254,2021-02-28,0,0,0,0,0,0,0
JD_12460253,2021-02-28,10,9,4,0,0,0,0
JD_12460252,2021-02-28,8,8,3,0,0,0,0
JD_12460251,2021-02-28,50,40,15,0,0,0,0
JD_12460250,2021-02-28,20,16,8,0,0,0,0
JD_12460249,2021-02-28,96,78,26,0,0,0,1
