JD_11446654,2021-02-28,19,16,17,0,0,0,0
JD_11446651,2021-02-28,0,0,0,0,0,0,0
JD_11446650,2021-02-28,0,0,0,0,0,0,0
JD_11446649,2021-02-28,18,10,12,0,0,0,0
JD_11446648,2021-02-28,22,19,17,0,0,0,0
JD_11446647,2021-02-28,32,26,22,0,0,0,0
JD_11446645,2021-02-28,1,1,1,0,0,0,0
JD_11446644,2021-02-28,1,1,1,0,0,0,0
JD_11446643,2021-02-28,0,0,0,0,0,0,0
JD_11446642,2021-02-28,1,1,1,0,0,0,0
JD_11446640,2021-02-28,0,0,0,0,0,0,0
JD_11446639,2021-02-28,11,7,10,0,0,0,0
JD_11446638,2021-02-28,1,1,0,0,0,0,0
JD_11446635,2021-02-28,0,0,0,0,0,0,0
JD_11446628,2021-02-28,0,0,0,0,0,0,0
JD_11446626,2021-02-28,1,0,1,0,0,0,0
JD_11446625,2021-02-28,2,0,2,0,0,0,0
JD_11446624,2021-02-28,0,0,0,0,0,0,0
JD_11446622,2021-02-28,0,0,0,0,0,0,0
JD_11446619,2021-02-28,0,0,0,0,0,0,0
JD_11446618,2021-02-28,0,0,0,0,0,0,0
JD_11446617,2021-02-28,2,1,1,0,0,0,0
JD_11446616,2021-02-28,0,0,0,0,0,0,0
JD_11446615,2021-02-28,0,0,0,0,0,0,0
JD_11446613,2021-02-28,0,0,0,0,0,0,0
JD_11446612,2021-02-28,0,0,0,0,0,0,0
JD_11446611,2021-02-28,0,0,0,0,0,0,0
JD_11446610,2021-02-28,1,1,1,0,0,0,0
JD_11446609,2021-02-28,0,0,0,0,0,0,0
JD_11446608,2021-02-28,0,0,0,0,0,0,0
JD_11446607,2021-02-28,0,0,0,0,0,0,0
JD_11446606,2021-02-28,0,0,0,0,0,0,0
JD_11446605,2021-02-28,0,0,0,0,0,0,0
JD_11446604,2021-02-28,0,0,0,0,0,0,0
JD_11446602,2021-02-28,56,50,6,0,0,0,0
JD_11446600,2021-02-28,14,0,14,0,0,0,0
JD_11446599,2021-02-28,0,0,0,0,0,0,0
JD_11446597,2021-02-28,369,319,50,0,0,0,0
JD_11446596,2021-02-28,0,0,0,0,0,0,0
JD_11446592,2021-02-28,78,51,35,0,0,0,0
JD_11446591,2021-02-28,3,2,2,0,0,0,0
JD_11446590,2021-02-28,10,8,5,0,0,0,0
JD_11446589,2021-02-28,10,8,3,0,0,0,0
JD_11446588,2021-02-28,0,0,0,0,0,0,0
JD_11446587,2021-02-28,6,4,4,0,0,0,0
JD_11446584,2021-02-28,2,2,1,0,0,0,0
JD_11446583,2021-02-28,210,112,196,2,1,0,0
JD_11446581,2021-02-28,25,18,9,0,0,0,0
JD_11446580,2021-02-28,18,7,16,0,0,0,0
JD_11446578,2021-02-28,44,32,24,0,0,0,0
JD_11446577,2021-02-28,109,76,63,1,0,0,0
JD_11446576,2021-02-28,79,45,44,0,0,0,0
JD_11446575,2021-02-28,2,2,1,0,0,0,0
JD_11446574,2021-02-28,1,0,1,0,0,0,0
JD_11446571,2021-02-28,43,33,38,1,0,0,0
JD_11446570,2021-02-28,0,0,0,0,0,0,0
JD_11446569,2021-02-28,1,0,1,0,0,0,0
JD_11446568,2021-02-28,1,0,1,0,0,0,0
JD_11446567,2021-02-28,0,0,0,0,0,0,0
JD_11446566,2021-02-28,0,0,0,0,0,0,0
JD_11446565,2021-02-28,0,0,0,0,0,0,0
JD_11446564,2021-02-28,0,0,0,0,0,0,0
JD_11446563,2021-02-28,0,0,0,0,0,0,0
JD_11446562,2021-02-28,0,0,0,0,0,0,0
JD_11446561,2021-02-28,0,0,0,0,0,0,0
JD_11446560,2021-02-28,0,0,0,0,0,0,0
JD_11446559,2021-02-28,0,0,0,0,0,0,0
JD_11446558,2021-02-28,1,0,1,0,0,0,0
JD_11446557,2021-02-28,0,0,0,0,0,0,0
JD_11446556,2021-02-28,6,1,6,0,0,0,0
