JD_12378553,2021-02-28,4,4,0,0,0,0,0
JD_12378552,2021-02-28,76,58,69,0,0,0,0
JD_12378550,2021-02-28,129,106,105,0,0,0,0
JD_12378548,2021-02-28,44,34,44,0,0,0,0
JD_12378547,2021-02-28,2,2,2,0,0,0,0
JD_12378546,2021-02-28,35,22,34,0,0,0,0
JD_12378545,2021-02-28,986,882,259,1,2,2,0
JD_12378544,2021-02-28,160,126,144,0,0,2,0
JD_12378543,2021-02-28,4,3,4,0,0,0,0
JD_12376769,2021-02-28,16,12,7,0,0,0,0
JD_12376767,2021-02-28,18,14,7,0,0,0,0
JD_12376766,2021-02-28,23,16,15,0,0,0,0
JD_12376765,2021-02-28,0,0,0,0,0,0,0
JD_12376764,2021-02-28,14,11,9,0,0,0,0
JD_12376763,2021-02-28,14,11,6,0,0,0,0
JD_12376762,2021-02-28,2146,1694,1356,1,0,5,3
JD_12376761,2021-02-28,11,10,4,0,0,0,0
JD_12376759,2021-02-28,14,11,6,0,0,0,0
JD_12376758,2021-02-28,148,127,32,0,0,0,0
JD_12376757,2021-02-28,581,504,201,1,1,0,1
JD_12376756,2021-02-28,6,5,4,0,0,0,0
JD_12376755,2021-02-28,184,151,109,0,0,0,1
JD_12376754,2021-02-28,9,6,5,0,0,0,0
JD_12376752,2021-02-28,276,215,151,0,0,0,0
JD_12376751,2021-02-28,41,32,18,0,0,0,0
JD_12376750,2021-02-28,7,7,2,0,0,0,0
JD_12376749,2021-02-28,15,14,3,0,0,0,0
JD_12376748,2021-02-28,4,3,2,0,0,0,0
JD_12376747,2021-02-28,24,17,19,0,1,1,0
JD_12376746,2021-02-28,7,6,5,0,0,0,0
JD_12376745,2021-02-28,15,11,7,0,0,0,0
JD_12376744,2021-02-28,296,254,180,1,0,1,0
JD_12376743,2021-02-28,13,9,5,0,0,0,0
JD_12376742,2021-02-28,10422,9150,5446,19,15,11,21
JD_12376741,2021-02-28,13,10,5,0,0,0,0
JD_12376740,2021-02-28,43,35,8,0,1,0,0
JD_12376739,2021-02-28,10,9,3,0,0,0,0
JD_12376738,2021-02-28,80,65,18,0,0,0,0
JD_12376737,2021-02-28,12,12,2,0,0,0,0
JD_12376736,2021-02-28,9,8,3,0,0,0,0
JD_12376735,2021-02-28,15,15,3,0,0,0,0
JD_12376734,2021-02-28,6,6,2,0,0,0,0
JD_12376733,2021-02-28,11,10,2,0,0,0,0
JD_12376732,2021-02-28,6,5,3,0,0,0,0
JD_12376731,2021-02-28,1386,961,485,6,3,4,10
JD_12376730,2021-02-28,72,63,54,0,0,0,0
JD_12376729,2021-02-28,17,12,7,0,0,0,0
JD_12376728,2021-02-28,1656,1457,432,0,0,4,0
JD_12376727,2021-02-28,5,4,4,0,0,0,0
JD_12376726,2021-02-28,358,293,208,1,1,0,2
JD_12376725,2021-02-28,10,9,4,0,0,0,0
JD_12376724,2021-02-28,766,620,435,0,1,0,2
JD_12376723,2021-02-28,50,42,13,1,0,0,0
JD_12376722,2021-02-28,49,46,42,0,0,0,0
JD_12376721,2021-02-28,168,141,33,0,0,1,0
JD_12376720,2021-02-28,231,207,90,0,0,0,0
JD_12376719,2021-02-28,55,45,15,0,0,0,0
JD_12376718,2021-02-28,625,529,549,0,1,0,3
JD_12376717,2021-02-28,67,52,16,1,0,0,0
JD_12376716,2021-02-28,696,583,593,0,0,1,2
JD_12376715,2021-02-28,67,59,11,0,0,0,0
JD_12376714,2021-02-28,397,325,383,0,0,0,0
JD_12376713,2021-02-28,27,22,5,1,0,0,0
JD_12376712,2021-02-28,221,181,120,0,1,0,0
JD_12376711,2021-02-28,30,27,5,0,0,0,0
JD_12376710,2021-02-28,320,258,317,1,2,0,0
JD_12376709,2021-02-28,80,65,18,0,0,0,1
JD_12376708,2021-02-28,434,356,333,0,0,0,0
JD_12376707,2021-02-28,273,236,52,0,0,0,0
JD_12376706,2021-02-28,90,75,84,0,0,0,0
