JD_11542400,2021-02-28,30,25,13,0,0,0,0
JD_11542399,2021-02-28,0,0,0,0,0,0,0
JD_11542397,2021-02-28,21,15,14,0,0,0,0
JD_11542396,2021-02-28,9,7,2,0,0,0,0
JD_11542395,2021-02-28,2,1,1,0,0,0,0
JD_11542394,2021-02-28,3,1,2,0,0,0,0
JD_11542389,2021-02-28,4,0,3,1,0,0,0
JD_11542387,2021-02-28,1,0,1,0,0,0,0
JD_11542385,2021-02-28,2,1,2,0,0,0,0
JD_11542382,2021-02-28,0,0,0,0,0,0,0
JD_11542380,2021-02-28,2,1,2,0,0,0,0
JD_11542379,2021-02-28,0,0,0,0,0,0,0
JD_11542378,2021-02-28,1,1,1,0,0,0,0
JD_11542377,2021-02-28,326,247,282,3,0,1,1
JD_11542376,2021-02-28,0,0,0,0,0,0,0
JD_11542375,2021-02-28,1,1,1,0,0,0,0
JD_11542374,2021-02-28,2,1,2,0,0,0,0
JD_11542372,2021-02-28,0,0,0,0,0,0,0
JD_11542370,2021-02-28,0,0,0,0,0,0,0
JD_11542369,2021-02-28,0,0,0,0,0,0,0
JD_11542368,2021-02-28,70,13,62,1,2,0,1
JD_11542367,2021-02-28,0,0,0,0,0,0,0
JD_11542366,2021-02-28,0,0,0,0,0,0,0
JD_11542365,2021-02-28,0,0,0,0,0,0,0
JD_11542363,2021-02-28,0,0,0,0,0,0,0
JD_11542354,2021-02-28,5,3,4,0,0,0,0
JD_11542351,2021-02-28,0,0,0,0,0,0,0
JD_11542350,2021-02-28,0,0,0,0,0,0,0
JD_11542349,2021-02-28,0,0,0,0,0,0,0
JD_11542346,2021-02-28,0,0,0,0,0,0,0
JD_11542344,2021-02-28,0,0,0,0,0,0,0
JD_11542342,2021-02-28,0,0,0,0,0,0,0
JD_11542341,2021-02-28,57,46,43,0,0,0,0
JD_11542340,2021-02-28,96,55,78,1,0,0,1
JD_11542339,2021-02-28,7,5,3,0,0,0,0
JD_11542338,2021-02-28,13,7,8,0,0,0,0
JD_11542337,2021-02-28,3,1,1,0,1,0,1
JD_11542336,2021-02-28,140,91,78,0,0,0,0
JD_11542335,2021-02-28,3,3,0,0,0,0,0
JD_11542334,2021-02-28,140,89,90,3,0,0,0
JD_11542333,2021-02-28,131,86,89,0,0,0,0
JD_11542329,2021-02-28,0,0,0,0,0,0,0
JD_11542328,2021-02-28,52,30,51,0,0,0,0
JD_11542327,2021-02-28,308,214,272,0,1,0,0
JD_11542324,2021-02-28,7,4,6,0,0,0,0
JD_11542323,2021-02-28,3,3,2,0,0,0,0
JD_11542320,2021-02-28,0,0,0,0,0,0,0
JD_11542319,2021-02-28,1,1,0,0,0,0,0
JD_11542318,2021-02-28,3,3,1,0,0,0,0
JD_11542317,2021-02-28,4,3,2,0,0,0,0
JD_11542316,2021-02-28,0,0,0,0,0,0,0
JD_11542314,2021-02-28,3,2,1,0,0,0,0
JD_11542313,2021-02-28,5,5,1,0,0,0,0
JD_11542312,2021-02-28,31,28,24,0,0,0,0
JD_11542306,2021-02-28,1,1,1,0,0,0,0
JD_11542304,2021-02-28,2,1,2,0,0,0,0
JD_11542303,2021-02-28,2,1,2,0,0,0,0
JD_11542302,2021-02-28,0,0,0,0,0,0,0
JD_11542300,2021-02-28,10,8,7,0,0,0,0
JD_11542299,2021-02-28,1,0,1,0,0,0,0
JD_11542298,2021-02-28,0,0,0,0,0,0,0
JD_11542297,2021-02-28,1,0,1,0,0,0,0
JD_11542296,2021-02-28,2,2,2,0,0,0,0
JD_11542295,2021-02-28,5,3,3,0,0,0,0
JD_11542294,2021-02-28,0,0,0,0,0,0,0
JD_11542291,2021-02-28,4,1,4,0,0,0,0
JD_11542290,2021-02-28,6,2,5,0,0,0,0
JD_11542289,2021-02-28,0,0,0,0,0,0,0
JD_11542288,2021-02-28,2,2,1,0,0,0,0
JD_11542287,2021-02-28,101,53,80,1,0,0,0
