JD_11488379,2021-02-28,38,7,36,1,1,0,0
JD_11488378,2021-02-28,3,3,2,0,0,0,0
JD_11488376,2021-02-28,207,89,185,3,1,0,0
JD_11488375,2021-02-28,3,3,2,0,0,0,0
JD_11488374,2021-02-28,0,0,0,0,0,0,0
JD_11488373,2021-02-28,194,14,181,3,1,0,0
JD_11488372,2021-02-28,7605,5405,4711,37,9,1,17
JD_11488371,2021-02-28,1,1,1,0,0,0,0
JD_11488370,2021-02-28,82,52,45,1,0,0,1
JD_11488369,2021-02-28,205,0,202,3,0,0,0
JD_11488368,2021-02-28,80,60,55,0,1,0,1
JD_11488367,2021-02-28,105,0,104,1,0,0,0
JD_11488366,2021-02-28,117,0,112,3,2,0,0
JD_11488365,2021-02-28,40,1,39,0,0,0,0
JD_11488364,2021-02-28,1251,577,1065,17,3,1,1
JD_11488363,2021-02-28,3,0,2,1,0,0,0
JD_11488361,2021-02-28,21,12,14,0,0,0,0
JD_11488360,2021-02-28,8,7,4,0,0,0,0
JD_11488359,2021-02-28,0,0,0,0,0,0,0
JD_11488358,2021-02-28,19,11,15,0,0,0,0
JD_11488357,2021-02-28,13,9,9,0,0,0,0
JD_11488356,2021-02-28,9,7,6,0,0,0,0
JD_11488354,2021-02-28,7,5,4,0,0,0,0
JD_11488353,2021-02-28,4,3,2,0,0,0,0
JD_11488352,2021-02-28,6,4,2,0,0,0,0
JD_11488351,2021-02-28,10,5,9,0,0,0,0
JD_11488350,2021-02-28,19,0,18,1,0,0,0
JD_11488349,2021-02-28,42,2,40,2,0,0,0
JD_11488348,2021-02-28,22,3,20,0,0,0,0
JD_11488347,2021-02-28,14,11,5,0,0,0,0
JD_11488346,2021-02-28,77,48,54,1,1,0,0
JD_11488345,2021-02-28,459,236,353,4,1,0,0
JD_11488344,2021-02-28,82,52,62,0,0,0,0
JD_11488343,2021-02-28,1,1,0,0,0,0,0
JD_11488342,2021-02-28,19,13,9,1,0,0,0
JD_11488341,2021-02-28,8,3,6,0,0,0,0
JD_11488340,2021-02-28,1682,662,1444,20,11,1,3
JD_11488339,2021-02-28,73,1,71,2,0,0,0
JD_11488338,2021-02-28,113,23,107,2,1,0,0
JD_11488337,2021-02-28,52,19,50,1,0,0,0
JD_11488336,2021-02-28,65,29,51,0,2,0,0
JD_11488335,2021-02-28,87,21,67,1,1,0,0
JD_11488332,2021-02-28,77,41,60,0,0,0,0
JD_11488331,2021-02-28,23,6,18,0,0,0,1
JD_11488330,2021-02-28,57,16,53,2,0,0,1
JD_11488329,2021-02-28,74,13,71,2,1,0,0
JD_11488328,2021-02-28,51,20,41,0,0,0,0
JD_11488327,2021-02-28,303,87,284,2,0,0,0
JD_11488326,2021-02-28,44,17,35,1,0,0,0
JD_11488325,2021-02-28,42,15,40,0,0,0,1
JD_11488324,2021-02-28,383,101,374,5,3,0,2
JD_11488323,2021-02-28,83,42,76,1,0,0,0
JD_11488322,2021-02-28,123,53,114,3,0,1,0
JD_11488321,2021-02-28,61,30,38,0,1,0,0
JD_11488320,2021-02-28,20,0,20,0,0,0,0
JD_11488319,2021-02-28,99,64,61,0,1,0,0
JD_11488318,2021-02-28,59,26,49,0,0,0,1
JD_11488317,2021-02-28,44,25,38,0,0,0,0
JD_11488316,2021-02-28,80,36,67,1,1,1,0
JD_11488315,2021-02-28,86,14,78,0,0,0,1
JD_11488314,2021-02-28,54,21,38,0,0,0,0
JD_11488313,2021-02-28,53,2,53,1,0,0,0
JD_11488312,2021-02-28,12,3,8,1,1,0,0
JD_11488310,2021-02-28,53,30,42,0,0,1,0
JD_11488309,2021-02-28,51,21,45,1,0,0,0
JD_11488307,2021-02-28,2,1,1,0,0,0,0
JD_11488306,2021-02-28,100,60,76,1,0,0,1
JD_11488303,2021-02-28,33,14,31,1,0,0,0
JD_11488301,2021-02-28,49,8,45,0,0,0,0
JD_11488300,2021-02-28,60,27,60,0,0,0,0
