JD_11401741,2021-02-28,0,0,0,0,0,0,0
JD_11401739,2021-02-28,0,0,0,0,0,0,0
JD_11401737,2021-02-28,0,0,0,0,0,0,0
JD_11401736,2021-02-28,0,0,0,0,0,0,0
JD_11401735,2021-02-28,0,0,0,0,0,0,0
JD_11401733,2021-02-28,0,0,0,0,0,0,0
JD_11401732,2021-02-28,0,0,0,0,0,0,0
JD_11401729,2021-02-28,0,0,0,0,0,0,0
JD_11401728,2021-02-28,3,1,2,0,1,0,0
JD_11401725,2021-02-28,7,1,7,0,0,0,0
JD_11401722,2021-02-28,5,0,5,0,0,0,0
JD_11401721,2021-02-28,1,1,0,0,0,0,0
JD_11401720,2021-02-28,94,0,89,3,2,0,0
JD_11401719,2021-02-28,3,0,2,0,1,0,0
JD_11401718,2021-02-28,11,7,8,0,0,0,0
JD_11401717,2021-02-28,2,0,2,0,0,0,0
JD_11401716,2021-02-28,1,0,1,0,0,0,0
JD_11401715,2021-02-28,45,18,38,0,0,0,0
JD_11401714,2021-02-28,4,3,2,0,0,0,0
JD_11401713,2021-02-28,43,16,42,1,0,0,0
JD_11401712,2021-02-28,8,1,8,0,0,0,0
JD_11401710,2021-02-28,68,34,51,0,0,0,0
JD_11401709,2021-02-28,3,2,2,0,0,0,0
JD_11401707,2021-02-28,6,3,3,0,0,0,0
JD_11401706,2021-02-28,4,4,1,0,0,0,0
JD_11401705,2021-02-28,3,1,2,0,0,0,0
JD_11401704,2021-02-28,4,4,3,0,0,0,0
JD_11401703,2021-02-28,3,3,0,0,0,0,0
JD_11401702,2021-02-28,5,4,2,0,0,0,0
JD_11401701,2021-02-28,3,1,3,0,0,0,0
JD_11401700,2021-02-28,3,3,1,0,0,0,0
JD_11401699,2021-02-28,1,0,0,0,1,0,0
JD_11401698,2021-02-28,5,5,3,0,0,0,0
JD_11401697,2021-02-28,2,2,1,0,0,0,0
JD_11401696,2021-02-28,4,4,2,0,0,0,0
JD_11401695,2021-02-28,4,3,3,0,0,0,0
JD_11401694,2021-02-28,7,6,3,0,0,0,0
JD_11401693,2021-02-28,5,5,2,0,0,0,0
JD_11401692,2021-02-28,4,4,0,0,0,0,0
JD_11401691,2021-02-28,0,0,0,0,0,0,0
JD_11401690,2021-02-28,3,3,2,0,0,0,0
JD_11401689,2021-02-28,9,8,2,0,0,0,0
JD_11401688,2021-02-28,8,4,5,0,0,0,0
JD_11401687,2021-02-28,5,4,2,0,0,0,0
JD_11401686,2021-02-28,3,3,2,0,0,0,0
JD_11401685,2021-02-28,3,2,1,0,0,0,0
JD_11401684,2021-02-28,6,5,3,0,0,0,0
JD_11401683,2021-02-28,2,2,0,0,0,0,0
JD_11401682,2021-02-28,6,5,3,0,0,0,0
JD_11401681,2021-02-28,4,4,2,0,0,0,0
JD_11401680,2021-02-28,6,5,5,0,0,0,0
JD_11401674,2021-02-28,5,4,1,0,0,0,0
JD_11401673,2021-02-28,1,0,1,0,0,0,0
JD_11401671,2021-02-28,37,14,31,0,0,0,0
JD_11401670,2021-02-28,1141,814,458,3,1,0,2
JD_11401665,2021-02-28,10,4,7,1,0,0,0
JD_11401664,2021-02-28,28,10,21,2,1,0,0
JD_11401663,2021-02-28,12,3,10,1,0,0,0
JD_11401662,2021-02-28,292,187,197,3,1,0,1
JD_11401661,2021-02-28,75,10,65,6,4,0,1
JD_11401659,2021-02-28,13,9,4,0,2,0,0
JD_11401658,2021-02-28,79,50,53,1,1,0,0
JD_11401656,2021-02-28,70,11,65,3,1,0,0
JD_11401651,2021-02-28,86,33,74,1,0,0,0
JD_11401649,2021-02-28,21,12,11,0,0,0,0
JD_11401644,2021-02-28,26,17,25,0,0,0,0
JD_11401642,2021-02-28,8,5,4,0,0,0,0
JD_11401638,2021-02-28,18,7,15,2,0,0,0
JD_11401632,2021-02-28,100,36,87,2,0,0,0
JD_11401631,2021-02-28,9,0,8,0,1,0,0
