JD_11377038,2021-02-28,937,534,644,11,4,0,1
JD_11377037,2021-02-28,85,24,66,6,1,0,0
JD_11377033,2021-02-28,7,3,5,0,0,0,0
JD_11377030,2021-02-28,36,0,34,2,0,0,0
JD_11377027,2021-02-28,117,85,70,0,0,1,0
JD_11377026,2021-02-28,30,8,29,0,0,0,0
JD_11377025,2021-02-28,876,285,690,35,13,0,5
JD_11377024,2021-02-28,40,6,38,0,0,0,0
JD_11377023,2021-02-28,14,0,13,1,0,0,0
JD_11377022,2021-02-28,14,1,14,0,0,0,0
JD_11377018,2021-02-28,11,0,10,1,0,0,0
JD_11377017,2021-02-28,247,127,226,4,1,0,1
JD_11377015,2021-02-28,298,67,291,5,2,0,0
JD_11377014,2021-02-28,21,10,13,1,0,0,0
JD_11377011,2021-02-28,464,65,436,21,4,0,0
JD_11377009,2021-02-28,6005,4096,3544,14,5,22,20
JD_11377008,2021-02-28,104,10,100,3,1,0,0
JD_11377007,2021-02-28,204,1,199,4,1,0,0
JD_11377006,2021-02-28,17,14,9,0,0,0,0
JD_11377005,2021-02-28,1,1,1,0,0,0,0
JD_11377003,2021-02-28,19,15,19,0,0,0,0
JD_11377002,2021-02-28,10,6,7,0,0,0,0
JD_11377001,2021-02-28,7,3,7,0,0,0,0
JD_11377000,2021-02-28,170,127,84,1,0,0,0
JD_11376999,2021-02-28,16,8,10,0,0,1,0
JD_11376998,2021-02-28,2,0,2,0,0,0,0
JD_11376997,2021-02-28,17,8,16,0,0,0,0
JD_11376985,2021-02-28,20,20,4,0,0,0,0
JD_11376984,2021-02-28,5,3,4,0,0,0,0
JD_11376983,2021-02-28,9,6,4,0,0,0,0
JD_11376981,2021-02-28,5,4,1,0,0,0,0
JD_11376980,2021-02-28,6,4,4,0,0,0,0
JD_11376979,2021-02-28,11,6,7,0,0,0,0
JD_11376978,2021-02-28,21,13,17,0,0,0,0
JD_11376977,2021-02-28,31,9,27,0,0,0,0
JD_11376975,2021-02-28,12,9,5,0,0,0,0
JD_11376974,2021-02-28,3,1,2,0,0,0,0
JD_11376973,2021-02-28,5,4,4,0,0,0,0
JD_11376971,2021-02-28,0,0,0,0,0,0,0
JD_11376969,2021-02-28,1,1,0,0,0,0,0
JD_11376968,2021-02-28,165,82,111,3,1,1,0
JD_11376967,2021-02-28,25,13,12,2,0,0,0
JD_11376966,2021-02-28,1,1,0,0,0,0,0
JD_11376965,2021-02-28,3,1,3,0,0,0,0
JD_11376964,2021-02-28,57,36,30,0,1,0,0
JD_11376963,2021-02-28,86,55,67,0,0,0,0
JD_11376962,2021-02-28,7,3,6,0,0,0,0
JD_11376961,2021-02-28,2,0,2,0,0,0,0
JD_11376960,2021-02-28,19,11,14,0,1,0,1
JD_11376959,2021-02-28,18,15,8,0,0,0,0
JD_11376958,2021-02-28,3,2,2,0,0,0,0
JD_11376957,2021-02-28,1,0,1,0,0,0,0
JD_11376956,2021-02-28,13,7,7,0,0,0,0
JD_11376955,2021-02-28,28,16,25,0,0,0,0
JD_11376954,2021-02-28,0,0,0,0,0,0,0
JD_11376953,2021-02-28,1,1,1,0,0,0,0
JD_11376951,2021-02-28,527,216,521,2,3,0,1
JD_11376950,2021-02-28,667,425,660,4,2,0,2
JD_11376949,2021-02-28,50,0,48,2,0,0,0
JD_11376947,2021-02-28,41,2,39,2,0,0,0
JD_11376946,2021-02-28,0,0,0,0,0,0,0
JD_11376945,2021-02-28,335,178,283,5,0,0,1
JD_11376943,2021-02-28,0,0,0,0,0,0,0
JD_11376942,2021-02-28,0,0,0,0,0,0,0
JD_11376940,2021-02-28,82,57,59,2,1,0,0
JD_11376939,2021-02-28,21,17,7,0,0,0,0
JD_11376938,2021-02-28,133,45,132,1,0,0,1
JD_11376935,2021-02-28,0,0,0,0,0,0,0
JD_11376934,2021-02-28,0,0,0,0,0,0,0
JD_11376932,2021-02-28,6,0,6,0,0,0,0
