JD_11433776,2021-02-28,0,0,0,0,0,0,0
JD_11433775,2021-02-28,1,0,1,0,0,0,0
JD_11433774,2021-02-28,0,0,0,0,0,0,0
JD_11433772,2021-02-28,0,0,0,0,0,0,0
JD_11433770,2021-02-28,1,1,1,0,0,0,0
JD_11433769,2021-02-28,0,0,0,0,0,0,0
JD_11433764,2021-02-28,0,0,0,0,0,0,0
JD_11433763,2021-02-28,3,2,3,0,0,0,0
JD_11433762,2021-02-28,0,0,0,0,0,0,0
JD_11433760,2021-02-28,0,0,0,0,0,0,0
JD_11433757,2021-02-28,0,0,0,0,0,0,0
JD_11433754,2021-02-28,0,0,0,0,0,0,0
JD_11433752,2021-02-28,1,1,1,0,0,0,0
JD_11433751,2021-02-28,0,0,0,0,0,0,0
JD_11433750,2021-02-28,0,0,0,0,0,0,0
JD_11433749,2021-02-28,1,1,1,0,0,0,0
JD_11433748,2021-02-28,0,0,0,0,0,0,0
JD_11433747,2021-02-28,0,0,0,0,0,0,0
JD_11433745,2021-02-28,0,0,0,0,0,0,0
JD_11433744,2021-02-28,0,0,0,0,0,0,0
JD_11433743,2021-02-28,1,1,1,0,0,0,0
JD_11433741,2021-02-28,0,0,0,0,0,0,0
JD_11433740,2021-02-28,0,0,0,0,0,0,0
JD_11433738,2021-02-28,0,0,0,0,0,0,0
JD_11433737,2021-02-28,0,0,0,0,0,0,0
JD_11433736,2021-02-28,0,0,0,0,0,0,0
JD_11433735,2021-02-28,0,0,0,0,0,0,0
JD_11433732,2021-02-28,0,0,0,0,0,0,0
JD_11433731,2021-02-28,3,2,1,0,0,0,0
JD_11433730,2021-02-28,1,1,1,0,0,0,0
JD_11433728,2021-02-28,0,0,0,0,0,0,0
JD_11433727,2021-02-28,2,1,1,0,0,0,0
JD_11433726,2021-02-28,0,0,0,0,0,0,0
JD_11433723,2021-02-28,0,0,0,0,0,0,0
JD_11433721,2021-02-28,0,0,0,0,0,0,0
JD_11433719,2021-02-28,0,0,0,0,0,0,0
JD_11433718,2021-02-28,0,0,0,0,0,0,0
JD_11433715,2021-02-28,0,0,0,0,0,0,0
JD_11433714,2021-02-28,1,1,1,0,0,0,0
JD_11433713,2021-02-28,0,0,0,0,0,0,0
JD_11433712,2021-02-28,50,39,27,0,0,0,0
JD_11433706,2021-02-28,2,2,0,0,0,0,0
JD_11433704,2021-02-28,0,0,0,0,0,0,0
JD_11433703,2021-02-28,1,0,1,0,0,0,0
JD_11433702,2021-02-28,1,1,1,0,0,0,0
JD_11433699,2021-02-28,7,6,1,0,0,0,0
JD_11433697,2021-02-28,1,1,0,0,0,0,0
JD_11433696,2021-02-28,0,0,0,0,0,0,0
JD_11433695,2021-02-28,0,0,0,0,0,0,0
JD_11433694,2021-02-28,3,2,1,0,0,0,0
JD_11433693,2021-02-28,0,0,0,0,0,0,0
JD_11433692,2021-02-28,0,0,0,0,0,0,0
JD_11433691,2021-02-28,10,8,7,0,0,0,0
JD_11433690,2021-02-28,1,1,1,0,0,0,0
JD_11433689,2021-02-28,7,7,2,0,0,0,0
JD_11433685,2021-02-28,3,1,2,0,0,0,0
JD_11433684,2021-02-28,0,0,0,0,0,0,0
JD_11433676,2021-02-28,0,0,0,0,0,0,0
JD_11433670,2021-02-28,0,0,0,0,0,0,0
JD_11433628,2021-02-28,2,2,0,0,0,0,0
JD_11433622,2021-02-28,106,88,54,0,2,0,0
JD_11433620,2021-02-28,1,1,1,0,0,0,0
JD_11433619,2021-02-28,1,1,1,0,0,0,0
JD_11433616,2021-02-28,0,0,0,0,0,0,0
JD_11433603,2021-02-28,0,0,0,0,0,0,0
JD_11433601,2021-02-28,0,0,0,0,0,0,0
JD_11433600,2021-02-28,1,1,0,0,0,0,0
JD_11433599,2021-02-28,1,1,0,0,0,0,0
JD_11433594,2021-02-28,0,0,0,0,0,0,0
JD_11433584,2021-02-28,0,0,0,0,0,0,0
