JD_11505103,2021-02-28,11,5,7,0,1,0,0
JD_11505102,2021-02-28,17,0,17,0,0,0,0
JD_11505101,2021-02-28,21,16,15,0,0,0,0
JD_11505100,2021-02-28,15,10,10,0,0,0,0
JD_11505099,2021-02-28,247,59,241,2,4,0,0
JD_11505098,2021-02-28,449,130,383,3,2,0,1
JD_11505097,2021-02-28,38,31,12,0,0,0,0
JD_11505095,2021-02-28,1,1,1,0,0,0,0
JD_11505094,2021-02-28,3,2,2,0,0,0,0
JD_11505093,2021-02-28,3,3,1,0,0,0,0
JD_11505092,2021-02-28,9,2,9,0,0,0,0
JD_11505091,2021-02-28,6,2,4,0,0,0,0
JD_11505090,2021-02-28,13,9,5,0,0,0,0
JD_11505089,2021-02-28,21,7,18,2,0,0,0
JD_11505088,2021-02-28,6,2,5,0,0,0,0
JD_11505087,2021-02-28,45,34,20,0,0,0,0
JD_11505086,2021-02-28,86,70,41,0,0,0,0
JD_11505085,2021-02-28,4,0,4,0,0,0,0
JD_11505084,2021-02-28,5,1,4,0,0,0,0
JD_11505083,2021-02-28,2,0,2,0,0,0,0
JD_11505082,2021-02-28,3,2,0,1,0,0,0
JD_11505081,2021-02-28,8,6,3,0,0,0,0
JD_11505080,2021-02-28,386,286,154,1,2,0,1
JD_11505079,2021-02-28,3,3,0,0,0,0,0
JD_11505078,2021-02-28,1,1,0,0,0,0,0
JD_11505077,2021-02-28,2734,1709,1840,28,17,6,14
JD_11505076,2021-02-28,51,33,22,0,0,0,1
JD_11505075,2021-02-28,124,92,52,0,0,0,0
JD_11505074,2021-02-28,90,73,29,0,0,0,0
JD_11505073,2021-02-28,1085,774,500,3,4,2,1
JD_11505072,2021-02-28,24,17,7,0,0,0,0
JD_11505071,2021-02-28,118,98,54,0,1,0,0
JD_11505070,2021-02-28,63,24,47,1,1,0,0
JD_11505069,2021-02-28,183,103,139,0,0,0,3
JD_11505068,2021-02-28,5,3,2,0,0,0,0
JD_11505067,2021-02-28,4,2,2,0,0,0,0
JD_11505066,2021-02-28,7,6,2,0,0,0,0
JD_11505065,2021-02-28,1,1,1,0,0,0,0
JD_11505064,2021-02-28,59,35,33,0,2,0,0
JD_11505063,2021-02-28,47,36,17,0,0,0,0
JD_11505062,2021-02-28,330,183,222,2,4,1,0
JD_11505061,2021-02-28,6,6,2,0,0,0,0
JD_11505060,2021-02-28,42,24,20,1,1,1,0
JD_11505059,2021-02-28,114,82,66,1,0,0,1
JD_11505058,2021-02-28,45,19,32,1,0,0,0
JD_11505057,2021-02-28,91,60,40,0,0,0,0
JD_11505056,2021-02-28,2,2,1,0,0,0,0
JD_11505055,2021-02-28,31,20,15,0,0,0,0
JD_11505054,2021-02-28,11,9,3,0,0,0,0
JD_11505053,2021-02-28,15,10,6,0,0,0,0
JD_11505052,2021-02-28,12,9,4,0,0,0,0
JD_11505051,2021-02-28,28,19,16,0,0,0,0
JD_11505050,2021-02-28,51,41,14,1,0,0,0
JD_11505049,2021-02-28,10,6,5,0,0,0,0
JD_11505048,2021-02-28,9,5,5,0,0,0,0
JD_11505047,2021-02-28,1569,1110,845,6,1,1,5
JD_11505046,2021-02-28,3,3,0,0,0,0,0
JD_11505045,2021-02-28,11,6,5,1,0,0,1
JD_11505043,2021-02-28,39,27,26,1,0,0,0
JD_11505042,2021-02-28,66,46,49,0,0,0,1
JD_11505041,2021-02-28,19,13,10,1,0,0,1
JD_11505040,2021-02-28,2,1,1,0,0,0,0
JD_11505039,2021-02-28,8,3,5,0,0,0,0
JD_11505038,2021-02-28,20,11,11,1,0,0,0
JD_11505037,2021-02-28,15,15,3,0,0,0,0
JD_11505036,2021-02-28,19,12,12,0,0,0,0
JD_11505035,2021-02-28,26,19,17,1,0,0,0
JD_11505034,2021-02-28,9,8,6,0,0,0,0
JD_11505033,2021-02-28,12,9,4,0,0,0,0
JD_11505032,2021-02-28,3,2,2,0,0,0,0
