JD_11524771,2021-02-28,1,1,1,0,0,0,0
JD_11524769,2021-02-28,1,0,1,0,0,0,0
JD_11524768,2021-02-28,459,239,443,7,4,0,1
JD_11524767,2021-02-28,267,122,190,2,3,0,0
JD_11524766,2021-02-28,2,1,1,0,0,0,0
JD_11524765,2021-02-28,18,12,14,1,0,0,0
JD_11524762,2021-02-28,20,9,19,0,0,0,0
JD_11524761,2021-02-28,37,22,31,0,0,0,0
JD_11524760,2021-02-28,27,13,26,1,0,0,0
JD_11524759,2021-02-28,339,101,289,2,0,0,0
JD_11524758,2021-02-28,16,8,16,0,0,0,0
JD_11524757,2021-02-28,9,9,0,0,0,0,0
JD_11524756,2021-02-28,4,2,3,0,0,0,0
JD_11524755,2021-02-28,48,4,47,1,0,0,0
JD_11524754,2021-02-28,27,16,22,2,0,0,0
JD_11524753,2021-02-28,15,5,14,0,0,0,0
JD_11524752,2021-02-28,80,51,48,1,0,0,0
JD_11524751,2021-02-28,26,0,22,3,1,0,0
JD_11524750,2021-02-28,130,6,126,4,0,0,0
JD_11524749,2021-02-28,4,0,4,0,0,0,0
JD_11524748,2021-02-28,3,2,3,0,0,0,0
JD_11524744,2021-02-28,111,43,85,2,0,0,2
JD_11524743,2021-02-28,39,2,39,0,0,0,0
JD_11524742,2021-02-28,146,12,137,5,0,0,2
JD_11524741,2021-02-28,2437,365,2369,38,24,1,8
JD_11524740,2021-02-28,762,221,729,12,8,0,2
JD_11524739,2021-02-28,107,3,103,4,0,0,0
JD_11524736,2021-02-28,32,4,31,1,0,0,0
JD_11524735,2021-02-28,2,1,2,0,0,0,0
JD_11524734,2021-02-28,0,0,0,0,0,0,0
JD_11524733,2021-02-28,0,0,0,0,0,0,0
JD_11524732,2021-02-28,3,0,3,0,0,0,0
JD_11524731,2021-02-28,41,18,36,0,0,0,0
JD_11524729,2021-02-28,0,0,0,0,0,0,0
JD_11524728,2021-02-28,3,3,3,0,0,0,0
JD_11524726,2021-02-28,32,27,14,0,0,0,0
JD_11524725,2021-02-28,1,0,1,0,0,0,0
JD_11524724,2021-02-28,28,17,18,0,0,0,1
JD_11524723,2021-02-28,43,18,34,0,0,0,0
JD_11524722,2021-02-28,41,27,23,0,0,0,0
JD_11524721,2021-02-28,1,1,1,0,0,0,0
JD_11524720,2021-02-28,21,3,20,1,0,0,0
JD_11524719,2021-02-28,159,112,131,2,2,0,2
JD_11524718,2021-02-28,269,144,257,2,0,0,0
JD_11524717,2021-02-28,156,125,81,0,0,0,0
JD_11524714,2021-02-28,387,275,267,2,1,1,2
JD_11524712,2021-02-28,37,22,30,0,1,0,0
JD_11524709,2021-02-28,0,0,0,0,0,0,0
JD_11524707,2021-02-28,126,3,123,2,1,0,0
JD_11524702,2021-02-28,6,0,6,0,0,0,0
JD_11524701,2021-02-28,2,0,2,0,0,0,0
JD_11524700,2021-02-28,3,0,3,0,0,0,0
JD_11524699,2021-02-28,0,0,0,0,0,0,0
JD_11524698,2021-02-28,1,0,1,0,0,0,0
JD_11524697,2021-02-28,2,0,2,0,0,0,0
JD_11524696,2021-02-28,0,0,0,0,0,0,0
JD_11524694,2021-02-28,12,2,12,0,0,0,0
JD_11524693,2021-02-28,55,2,52,3,0,0,0
JD_11524692,2021-02-28,12,2,12,0,0,0,0
JD_11524691,2021-02-28,6,0,6,0,0,0,0
JD_11524690,2021-02-28,10,4,9,0,1,0,0
JD_11524689,2021-02-28,14,10,5,1,0,0,0
JD_11524688,2021-02-28,35,32,29,0,0,0,0
JD_11524687,2021-02-28,26,4,26,0,0,0,0
JD_11524686,2021-02-28,46,5,44,1,1,0,0
JD_11524684,2021-02-28,56,1,56,0,0,0,0
JD_11524683,2021-02-28,27,0,26,1,0,0,0
JD_11524682,2021-02-28,77,28,77,0,0,0,0
JD_11524681,2021-02-28,39,25,27,1,0,0,0
JD_11524679,2021-02-28,4,3,2,0,0,0,0
