JD_12183774,2021-02-28,76,64,68,1,1,1,0
JD_12183773,2021-02-28,1411,1124,817,2,0,4,2
JD_12183772,2021-02-28,363,286,229,2,0,0,0
JD_12183771,2021-02-28,1193,1060,231,1,0,1,2
JD_12183770,2021-02-28,22,18,8,0,0,0,0
JD_12183769,2021-02-28,8,8,5,0,0,0,0
JD_12183768,2021-02-28,0,0,0,0,0,0,0
JD_12183767,2021-02-28,10,8,5,0,0,0,0
JD_12183766,2021-02-28,193,143,107,0,0,0,2
JD_12183765,2021-02-28,682,548,676,1,3,0,4
JD_12183764,2021-02-28,0,0,0,0,0,0,0
JD_12183763,2021-02-28,198,134,121,2,0,0,1
JD_12183762,2021-02-28,286,169,286,0,0,0,1
JD_12183761,2021-02-28,120,87,65,0,0,0,1
JD_12183759,2021-02-28,12,10,9,0,0,0,0
JD_12183757,2021-02-28,545,388,362,2,0,1,3
JD_12183755,2021-02-28,299,212,184,0,1,0,1
JD_12183753,2021-02-28,213,153,131,1,0,0,1
JD_12183752,2021-02-28,288,177,200,1,0,0,1
JD_12183751,2021-02-28,216,153,129,0,0,1,2
JD_12183750,2021-02-28,11,11,4,0,0,0,0
JD_12183749,2021-02-28,1125,951,595,0,0,1,2
JD_12183748,2021-02-28,13,12,7,0,0,0,0
JD_12183747,2021-02-28,826,694,381,0,1,2,1
JD_12183746,2021-02-28,1571,1372,880,4,0,0,0
JD_12183745,2021-02-28,8,7,4,0,0,0,0
JD_12183744,2021-02-28,0,0,0,0,0,0,0
JD_12183743,2021-02-28,7,5,6,0,0,0,0
JD_12183742,2021-02-28,630,111,624,3,3,0,7
JD_12183261,2021-02-28,268,166,249,1,0,0,2
JD_12183260,2021-02-28,14,9,9,0,0,0,0
JD_12183259,2021-02-28,3,2,1,1,0,0,0
JD_12183257,2021-02-28,40,34,20,0,0,0,0
JD_12183256,2021-02-28,2,1,2,0,0,0,0
JD_12183255,2021-02-28,327,266,255,3,0,0,1
JD_12183253,2021-02-28,330,267,329,0,0,2,0
JD_12183249,2021-02-28,21,18,18,0,0,0,0
JD_12183247,2021-02-28,106,85,95,1,0,0,0
JD_12183245,2021-02-28,10,9,5,1,0,0,0
JD_12183244,2021-02-28,2,2,2,0,0,0,0
JD_12183243,2021-02-28,218,165,204,0,0,0,2
JD_12183242,2021-02-28,15,10,15,0,0,0,0
JD_12183241,2021-02-28,19,18,15,0,0,0,0
JD_12183240,2021-02-28,89,64,48,0,0,0,0
JD_12183239,2021-02-28,5,3,2,0,0,0,0
JD_12183238,2021-02-28,11,5,10,0,0,0,0
JD_12183237,2021-02-28,8,6,2,0,0,0,0
JD_12183231,2021-02-28,936,779,831,1,0,0,3
JD_12183229,2021-02-28,8,7,8,0,0,0,0
JD_12183227,2021-02-28,1,1,0,0,0,0,0
JD_12183226,2021-02-28,12,10,11,0,0,0,0
JD_12183225,2021-02-28,3,3,2,0,0,0,0
JD_12183224,2021-02-28,3,3,2,0,0,0,0
JD_12183223,2021-02-28,995,706,561,3,0,3,6
JD_12183222,2021-02-28,7,6,4,0,0,0,0
JD_12183221,2021-02-28,1,1,0,0,0,0,0
JD_12183220,2021-02-28,659,477,562,3,2,0,3
JD_12183218,2021-02-28,3524,2620,2692,7,6,5,12
JD_12183217,2021-02-28,1,0,1,0,0,0,0
JD_12183216,2021-02-28,22661,13403,19737,46,25,28,112
JD_12183215,2021-02-28,55,44,54,1,0,0,0
JD_12183214,2021-02-28,263,215,121,0,0,0,0
JD_12183213,2021-02-28,47,37,46,0,0,0,0
JD_12183212,2021-02-28,780,580,756,6,2,2,3
JD_12183211,2021-02-28,0,0,0,0,0,0,0
JD_12183210,2021-02-28,3,2,3,0,0,0,0
JD_12183209,2021-02-28,275,227,133,1,0,0,0
JD_12183208,2021-02-28,3,1,2,0,0,0,0
JD_12183207,2021-02-28,87,66,69,1,0,0,0
JD_12183206,2021-02-28,142,120,81,0,0,0,0
