JD_11493146,2021-02-28,0,0,0,0,0,0,0
JD_11493143,2021-02-28,29,14,29,0,0,0,0
JD_11493117,2021-02-28,13,3,11,1,0,0,0
JD_11493116,2021-02-28,52,7,48,1,1,0,0
JD_11493115,2021-02-28,159,95,122,0,1,0,1
JD_11493114,2021-02-28,176,47,147,4,0,0,0
JD_11493113,2021-02-28,14286,8282,12696,50,16,6,29
JD_11493112,2021-02-28,9,6,7,0,0,0,0
JD_11493111,2021-02-28,0,0,0,0,0,0,0
JD_11493110,2021-02-28,104,39,73,0,0,0,0
JD_11493105,2021-02-28,20,1,18,1,1,0,0
JD_11493104,2021-02-28,109,41,82,0,0,0,0
JD_11493102,2021-02-28,139,7,136,2,1,0,0
JD_11493101,2021-02-28,197,75,165,3,2,0,0
JD_11493099,2021-02-28,441,206,408,4,1,0,1
JD_11493096,2021-02-28,42,14,37,1,0,0,1
JD_11493095,2021-02-28,171,101,145,1,3,0,0
JD_11493093,2021-02-28,47,14,41,2,0,0,0
JD_11493092,2021-02-28,2669,1725,1779,16,8,2,7
JD_11493091,2021-02-28,8,6,4,0,0,0,0
JD_11493090,2021-02-28,20,15,7,0,0,0,0
JD_11493089,2021-02-28,35,24,19,0,0,0,0
JD_11493088,2021-02-28,64,47,33,0,0,0,0
JD_11493087,2021-02-28,6,3,6,0,0,0,0
JD_11493086,2021-02-28,47,31,24,0,0,0,0
JD_11493085,2021-02-28,32,25,17,0,0,0,0
JD_11493084,2021-02-28,133,114,49,0,0,0,0
JD_11493083,2021-02-28,34,28,16,1,0,0,0
JD_11493082,2021-02-28,51,40,38,0,0,0,0
JD_11493081,2021-02-28,20,12,9,0,0,0,0
JD_11493079,2021-02-28,136,92,81,0,2,0,0
JD_11493078,2021-02-28,13,8,12,0,0,0,0
JD_11493076,2021-02-28,98,34,76,1,0,0,1
JD_11493075,2021-02-28,38,16,30,0,0,0,0
JD_11493074,2021-02-28,2,2,0,0,0,0,0
JD_11493073,2021-02-28,55,8,53,0,0,0,0
JD_11493072,2021-02-28,23,6,18,0,0,0,0
JD_11493071,2021-02-28,29,11,23,0,0,0,0
JD_11493070,2021-02-28,20,2,17,1,0,0,0
JD_11493069,2021-02-28,22,6,18,0,0,0,0
JD_11493068,2021-02-28,5,1,4,0,0,0,0
JD_11493067,2021-02-28,1,1,0,0,0,0,0
JD_11493065,2021-02-28,22,17,7,0,0,0,0
JD_11493064,2021-02-28,101,54,60,0,0,0,0
JD_11493063,2021-02-28,3,1,3,0,0,0,0
JD_11493062,2021-02-28,27,14,22,0,0,0,0
JD_11493061,2021-02-28,4,0,4,0,0,0,0
JD_11493060,2021-02-28,26,20,14,0,0,0,0
JD_11493059,2021-02-28,115,66,115,0,0,0,0
JD_11493058,2021-02-28,9,4,5,0,0,0,0
JD_11493057,2021-02-28,21,16,12,0,1,0,0
JD_11493056,2021-02-28,96,0,92,2,2,0,0
JD_11493055,2021-02-28,57,0,56,1,0,0,0
JD_11493054,2021-02-28,0,0,0,0,0,0,0
JD_11493053,2021-02-28,7,5,3,0,0,0,0
JD_11493052,2021-02-28,16,10,10,2,0,0,1
JD_11493050,2021-02-28,26,15,24,0,0,0,0
JD_11493049,2021-02-28,35,18,25,1,0,0,0
JD_11493048,2021-02-28,593,354,570,2,0,0,0
JD_11493047,2021-02-28,7,5,6,0,0,0,0
JD_11493046,2021-02-28,4,3,3,0,0,0,0
JD_11493045,2021-02-28,6,5,3,0,0,0,0
JD_11493044,2021-02-28,216,142,116,0,1,1,0
JD_11493043,2021-02-28,83,58,47,1,0,0,0
JD_11493042,2021-02-28,4,3,3,0,0,0,0
JD_11493041,2021-02-28,4,3,3,0,0,0,0
JD_11493040,2021-02-28,5,4,3,0,0,0,0
JD_11493038,2021-02-28,14,8,12,0,1,0,0
JD_11493037,2021-02-28,3,0,3,0,0,0,0
JD_11493035,2021-02-28,741,333,518,6,4,0,4
