JD_12079438,2021-02-28,0,0,0,0,0,0,0
JD_12079437,2021-02-28,107,4,104,3,0,0,1
JD_12079436,2021-02-28,22,20,10,0,0,0,1
JD_12079435,2021-02-28,0,0,0,0,0,0,0
JD_12079434,2021-02-28,28,11,24,1,0,0,1
JD_12079433,2021-02-28,25,17,25,0,0,0,0
JD_12079432,2021-02-28,1,0,1,0,0,0,0
JD_12079431,2021-02-28,3765,3227,1264,4,2,5,4
JD_12079429,2021-02-28,988,704,983,4,1,2,1
JD_12079428,2021-02-28,6,2,6,0,0,0,0
JD_12079427,2021-02-28,1715,1283,1711,4,0,1,6
JD_12079426,2021-02-28,5,0,4,1,0,0,0
JD_12079425,2021-02-28,24,20,20,0,0,0,0
JD_12079424,2021-02-28,3,3,3,0,0,0,0
JD_12079423,2021-02-28,59,42,32,0,0,0,0
JD_12079419,2021-02-28,11,8,8,0,0,0,0
JD_12079417,2021-02-28,38,27,25,0,0,0,0
JD_12079416,2021-02-28,6,6,2,0,0,0,0
JD_12079415,2021-02-28,35,26,20,0,0,0,0
JD_12079413,2021-02-28,560,412,449,8,1,0,2
JD_12079412,2021-02-28,20,14,12,0,0,0,0
JD_12079411,2021-02-28,832,735,464,0,0,0,0
JD_12079410,2021-02-28,5,3,4,0,0,0,0
JD_12079409,2021-02-28,129,115,76,0,0,0,0
JD_12079407,2021-02-28,2068,1704,886,6,5,2,6
JD_12079406,2021-02-28,0,0,0,0,0,0,0
JD_12079405,2021-02-28,44,38,8,0,0,0,0
JD_12079404,2021-02-28,10,8,6,0,0,0,0
JD_12079403,2021-02-28,430,371,233,0,0,1,0
JD_12079401,2021-02-28,3344,2813,2556,9,5,2,9
JD_12079399,2021-02-28,17,15,3,0,0,0,0
JD_12079398,2021-02-28,1,1,1,0,0,0,0
JD_12079397,2021-02-28,12,11,1,0,0,0,0
JD_12079396,2021-02-28,7,7,2,0,0,0,0
JD_12079395,2021-02-28,180,145,137,0,1,0,0
JD_12079394,2021-02-28,106,86,53,0,0,1,0
JD_12079392,2021-02-28,1,1,0,0,0,0,0
JD_12078940,2021-02-28,0,0,0,0,0,0,0
JD_12078939,2021-02-28,1604,1326,1397,3,5,3,0
JD_12078938,2021-02-28,4,1,2,0,1,0,0
JD_12078937,2021-02-28,202,167,144,0,0,0,0
JD_12078935,2021-02-28,543,434,518,3,0,0,2
JD_12078934,2021-02-28,2,0,2,0,0,0,0
JD_12078933,2021-02-28,111,77,87,0,0,1,0
JD_12078932,2021-02-28,11,10,10,0,0,0,0
JD_12078931,2021-02-28,85,57,66,0,0,0,0
JD_12078930,2021-02-28,1,1,1,0,0,0,0
JD_12078929,2021-02-28,66,51,55,0,0,0,0
JD_12078928,2021-02-28,227,167,192,0,1,1,0
JD_12078927,2021-02-28,62,44,57,0,0,1,0
JD_12078926,2021-02-28,2,2,2,0,0,0,0
JD_12078925,2021-02-28,927,781,492,2,1,1,1
JD_12078924,2021-02-28,2,2,2,0,0,0,0
JD_12078922,2021-02-28,15,11,12,0,0,0,0
JD_12078921,2021-02-28,16,13,12,0,0,0,0
JD_12078920,2021-02-28,12,11,10,0,0,0,0
JD_12078919,2021-02-28,0,0,0,0,0,0,0
JD_12078918,2021-02-28,67,43,62,0,0,0,0
JD_12078917,2021-02-28,14,14,2,0,0,0,0
JD_12078916,2021-02-28,15,9,11,0,0,0,0
JD_12078915,2021-02-28,59,46,48,0,0,0,0
JD_12078914,2021-02-28,11,8,11,0,0,0,0
JD_12078913,2021-02-28,18,13,7,0,0,0,0
JD_12078912,2021-02-28,90,36,86,2,0,0,2
JD_12078911,2021-02-28,86,60,63,0,1,0,1
JD_12078910,2021-02-28,2,1,1,0,0,0,0
JD_12078908,2021-02-28,3,3,1,0,0,0,0
JD_12078906,2021-02-28,5,4,4,0,0,0,0
JD_12078904,2021-02-28,0,0,0,0,0,0,0
JD_12078903,2021-02-28,116,93,91,0,0,0,0
