JD_11341118,2021-02-28,94,66,68,0,0,1,0
JD_11341117,2021-02-28,54,44,30,0,0,0,0
JD_11341115,2021-02-28,0,0,0,0,0,0,0
JD_11341113,2021-02-28,2,2,2,0,0,0,0
JD_11341112,2021-02-28,0,0,0,0,0,0,0
JD_11341111,2021-02-28,0,0,0,0,0,0,0
JD_11341110,2021-02-28,24,14,18,2,0,0,0
JD_11341100,2021-02-28,1,1,1,0,0,0,0
JD_11341099,2021-02-28,0,0,0,0,0,0,0
JD_11341098,2021-02-28,0,0,0,0,0,0,0
JD_11341096,2021-02-28,0,0,0,0,0,0,0
JD_11341095,2021-02-28,2,0,2,0,0,0,0
JD_11341094,2021-02-28,4,1,4,0,0,0,0
JD_11341093,2021-02-28,9,5,6,0,0,0,0
JD_11341092,2021-02-28,4,1,3,0,0,0,0
JD_11341091,2021-02-28,1,0,1,0,0,0,0
JD_11341090,2021-02-28,23,0,23,0,0,0,0
JD_11341087,2021-02-28,215,92,207,0,0,0,0
JD_11341086,2021-02-28,8,0,7,1,0,0,0
JD_11341085,2021-02-28,0,0,0,0,0,0,0
JD_11341084,2021-02-28,13,8,13,0,0,0,0
JD_11341082,2021-02-28,0,0,0,0,0,0,0
JD_11341080,2021-02-28,153,0,149,1,3,0,0
JD_11341079,2021-02-28,0,0,0,0,0,0,0
JD_11341075,2021-02-28,0,0,0,0,0,0,0
JD_11341073,2021-02-28,2,0,2,0,0,0,0
JD_11341072,2021-02-28,0,0,0,0,0,0,0
JD_11341070,2021-02-28,3,1,2,0,0,0,0
JD_11341067,2021-02-28,25,18,13,0,0,0,0
JD_11341064,2021-02-28,5,4,1,0,0,0,0
JD_11341063,2021-02-28,3,3,0,0,0,0,0
JD_11341062,2021-02-28,1,1,1,0,0,0,0
JD_11341058,2021-02-28,5,3,2,0,0,0,0
JD_11341056,2021-02-28,1,1,1,0,0,0,0
JD_11341055,2021-02-28,0,0,0,0,0,0,0
JD_11341054,2021-02-28,0,0,0,0,0,0,0
JD_11341051,2021-02-28,2,0,2,0,0,0,0
JD_11341048,2021-02-28,0,0,0,0,0,0,0
JD_11341047,2021-02-28,0,0,0,0,0,0,0
JD_11341046,2021-02-28,0,0,0,0,0,0,0
JD_11341045,2021-02-28,0,0,0,0,0,0,0
JD_11341043,2021-02-28,0,0,0,0,0,0,0
JD_11341042,2021-02-28,0,0,0,0,0,0,0
JD_11341039,2021-02-28,0,0,0,0,0,0,0
JD_11341038,2021-02-28,0,0,0,0,0,0,0
JD_11341036,2021-02-28,0,0,0,0,0,0,0
JD_11341035,2021-02-28,0,0,0,0,0,0,0
JD_11341034,2021-02-28,0,0,0,0,0,0,0
JD_11341032,2021-02-28,0,0,0,0,0,0,0
JD_11341030,2021-02-28,0,0,0,0,0,0,0
JD_11341029,2021-02-28,0,0,0,0,0,0,0
JD_11341028,2021-02-28,0,0,0,0,0,0,0
JD_11341025,2021-02-28,0,0,0,0,0,0,0
JD_11341023,2021-02-28,0,0,0,0,0,0,0
JD_11341021,2021-02-28,128,79,77,0,1,0,1
JD_11341020,2021-02-28,6,0,6,0,0,0,0
JD_11341016,2021-02-28,0,0,0,0,0,0,0
JD_11341015,2021-02-28,0,0,0,0,0,0,0
JD_11341013,2021-02-28,0,0,0,0,0,0,0
JD_11341010,2021-02-28,0,0,0,0,0,0,0
JD_11341008,2021-02-28,0,0,0,0,0,0,0
JD_11341007,2021-02-28,0,0,0,0,0,0,0
JD_11341006,2021-02-28,0,0,0,0,0,0,0
JD_11341005,2021-02-28,0,0,0,0,0,0,0
JD_11341004,2021-02-28,0,0,0,0,0,0,0
JD_11341003,2021-02-28,0,0,0,0,0,0,0
JD_11341002,2021-02-28,1,1,0,0,0,0,0
JD_11341001,2021-02-28,0,0,0,0,0,0,0
JD_11341000,2021-02-28,0,0,0,0,0,0,0
JD_11340998,2021-02-28,0,0,0,0,0,0,0
