JD_11544479,2021-02-28,68,52,52,0,0,0,0
JD_11544478,2021-02-28,4,4,2,0,0,0,0
JD_11544477,2021-02-28,80,50,77,1,0,0,0
JD_11544476,2021-02-28,367,256,205,5,3,1,1
JD_11544475,2021-02-28,5,1,4,0,0,0,0
JD_11544474,2021-02-28,3,1,3,0,0,0,0
JD_11544473,2021-02-28,43,31,24,0,1,0,0
JD_11544472,2021-02-28,1,1,0,0,0,0,0
JD_11544471,2021-02-28,0,0,0,0,0,0,0
JD_11544470,2021-02-28,62,36,43,0,0,0,0
JD_11544469,2021-02-28,12,3,10,1,0,0,0
JD_11544468,2021-02-28,6,3,4,0,0,0,0
JD_11544467,2021-02-28,0,0,0,0,0,0,0
JD_11544466,2021-02-28,2,1,1,0,0,0,0
JD_11544465,2021-02-28,2,1,2,0,0,0,0
JD_11544464,2021-02-28,554,412,294,3,1,1,1
JD_11544463,2021-02-28,12,8,6,0,0,0,0
JD_11544462,2021-02-28,7,3,4,0,0,0,0
JD_11544461,2021-02-28,119,2,114,2,3,0,0
JD_11544460,2021-02-28,43,19,32,0,0,0,0
JD_11544459,2021-02-28,3,1,3,0,0,0,0
JD_11544458,2021-02-28,8,4,5,0,0,0,0
JD_11544456,2021-02-28,57,13,47,3,3,0,1
JD_11544454,2021-02-28,230,179,65,2,0,2,1
JD_11544453,2021-02-28,174,135,62,1,1,0,0
JD_11544452,2021-02-28,25,3,25,0,0,0,0
JD_11544450,2021-02-28,4,3,3,0,0,0,0
JD_11544449,2021-02-28,154,60,142,0,0,0,0
JD_11544448,2021-02-28,30,4,29,0,0,0,0
JD_11544447,2021-02-28,49,40,42,0,0,0,0
JD_11544446,2021-02-28,37,27,22,0,1,0,0
JD_11544445,2021-02-28,33,21,26,0,0,0,0
JD_11544444,2021-02-28,1,0,1,0,0,0,0
JD_11544443,2021-02-28,160,1,159,0,0,0,0
JD_11544442,2021-02-28,6,6,2,0,0,0,0
JD_11544441,2021-02-28,0,0,0,0,0,0,0
JD_11544439,2021-02-28,2,2,2,0,0,0,0
JD_11544438,2021-02-28,46,27,30,0,0,0,0
JD_11544437,2021-02-28,6,4,5,0,0,0,0
JD_11544435,2021-02-28,14,12,6,0,0,0,0
JD_11544434,2021-02-28,8,3,6,0,0,0,0
JD_11544433,2021-02-28,29,14,28,1,0,0,1
JD_11544432,2021-02-28,11,9,5,0,0,0,0
JD_11544431,2021-02-28,3,1,2,0,0,0,0
JD_11544429,2021-02-28,20,18,9,0,1,0,0
JD_11544427,2021-02-28,121,82,79,0,0,0,1
JD_11544426,2021-02-28,59,24,47,1,1,0,1
JD_11544425,2021-02-28,4,2,2,0,0,0,0
JD_11544424,2021-02-28,49,24,49,0,0,0,0
JD_11544422,2021-02-28,208,73,165,6,2,0,0
JD_11544421,2021-02-28,57,12,56,1,0,0,0
JD_11544420,2021-02-28,134,59,123,0,0,0,0
JD_11544419,2021-02-28,14,3,12,0,0,0,0
JD_11544418,2021-02-28,44,13,42,1,0,0,0
JD_11544417,2021-02-28,20,11,17,0,0,0,0
JD_11544416,2021-02-28,25,0,25,0,0,0,0
JD_11544415,2021-02-28,348,17,332,7,2,0,0
JD_11544414,2021-02-28,167,30,152,2,2,0,0
JD_11544413,2021-02-28,179,17,169,3,0,0,0
JD_11544412,2021-02-28,249,30,239,5,2,0,0
JD_11544410,2021-02-28,91,57,84,1,0,0,0
JD_11544409,2021-02-28,155,21,141,3,3,0,0
JD_11544407,2021-02-28,14,4,13,0,0,0,0
JD_11544406,2021-02-28,16,2,16,0,0,0,0
JD_11544405,2021-02-28,19,10,12,1,1,0,0
JD_11544404,2021-02-28,117,47,110,2,1,0,1
JD_11544403,2021-02-28,1401,962,917,8,5,1,2
JD_11544402,2021-02-28,78,26,77,1,0,0,0
JD_11544401,2021-02-28,10,3,10,0,0,0,0
JD_11544399,2021-02-28,766,475,608,0,1,3,2
