JD_11449881,2021-02-28,18,3,16,1,0,0,0
JD_11449880,2021-02-28,8,4,6,0,0,0,0
JD_11449879,2021-02-28,18,9,15,0,0,0,0
JD_11449878,2021-02-28,25,17,20,0,0,0,0
JD_11449869,2021-02-28,375,21,365,5,2,0,0
JD_11449868,2021-02-28,33,23,16,1,1,0,0
JD_11449867,2021-02-28,10,4,9,0,0,0,0
JD_11449865,2021-02-28,61,42,43,0,0,0,0
JD_11449864,2021-02-28,74,49,53,0,0,0,1
JD_11449861,2021-02-28,115,78,59,0,1,0,0
JD_11449860,2021-02-28,96,46,76,0,0,0,0
JD_11449859,2021-02-28,144,109,69,0,0,0,0
JD_11449857,2021-02-28,44,2,43,0,1,0,0
JD_11449856,2021-02-28,3,0,3,0,0,0,0
JD_11449855,2021-02-28,0,0,0,0,0,0,0
JD_11449844,2021-02-28,121,66,106,0,0,0,0
JD_11449842,2021-02-28,5,1,4,0,0,0,0
JD_11449838,2021-02-28,166,77,126,2,0,0,0
JD_11449837,2021-02-28,85,52,62,0,1,1,0
JD_11449836,2021-02-28,152,89,112,1,1,0,0
JD_11449835,2021-02-28,898,359,802,3,0,0,3
JD_11449834,2021-02-28,215,131,144,1,1,0,0
JD_11449831,2021-02-28,6,2,6,0,0,0,0
JD_11449830,2021-02-28,10,3,10,0,0,0,0
JD_11449829,2021-02-28,530,15,522,5,2,0,1
JD_11449828,2021-02-28,4,0,4,0,0,0,0
JD_11449825,2021-02-28,0,0,0,0,0,0,0
JD_11449820,2021-02-28,32,27,12,1,0,0,0
JD_11449819,2021-02-28,5,3,3,0,0,0,0
JD_11449818,2021-02-28,17,13,12,0,0,1,0
JD_11449814,2021-02-28,10,9,6,0,0,0,0
JD_11449813,2021-02-28,0,0,0,0,0,0,0
JD_11449812,2021-02-28,5,4,3,0,0,0,0
JD_11449811,2021-02-28,5938,4454,4008,26,12,2,6
JD_11449810,2021-02-28,1794,1076,1477,4,0,1,5
JD_11449809,2021-02-28,33,10,28,1,0,0,0
JD_11449808,2021-02-28,674,261,551,4,1,0,0
JD_11449807,2021-02-28,249,0,241,6,2,0,0
JD_11449806,2021-02-28,142,0,132,8,2,0,0
JD_11449805,2021-02-28,613,0,590,16,7,0,0
JD_11449803,2021-02-28,11557,6869,9220,155,61,4,16
JD_11449802,2021-02-28,0,0,0,0,0,0,0
JD_11449801,2021-02-28,798,189,696,25,16,0,0
JD_11449799,2021-02-28,512,70,446,17,12,0,1
JD_11449798,2021-02-28,1010,279,916,26,5,0,1
JD_11449795,2021-02-28,16,5,12,1,0,0,0
JD_11449794,2021-02-28,0,0,0,0,0,0,0
JD_11449793,2021-02-28,0,0,0,0,0,0,0
JD_11449792,2021-02-28,174,140,93,0,0,0,0
JD_11449791,2021-02-28,1,1,0,0,0,0,0
JD_11449790,2021-02-28,4,0,4,0,0,0,0
JD_11449789,2021-02-28,1,0,1,0,0,0,0
JD_11449788,2021-02-28,6,3,3,0,0,0,0
JD_11449787,2021-02-28,2,2,2,0,0,0,0
JD_11449786,2021-02-28,12,7,11,1,0,0,0
JD_11449785,2021-02-28,6,6,3,0,0,0,0
JD_11449784,2021-02-28,40,23,33,0,0,0,0
JD_11449782,2021-02-28,3,1,2,0,0,0,0
JD_11449781,2021-02-28,39,21,27,0,0,0,0
JD_11449777,2021-02-28,104,56,100,1,0,0,0
JD_11449775,2021-02-28,64,14,58,1,0,0,0
JD_11449774,2021-02-28,362,1,350,9,3,0,0
JD_11449773,2021-02-28,11137,6488,8711,38,19,4,17
JD_11449772,2021-02-28,131,89,87,0,0,0,0
JD_11449771,2021-02-28,2,2,0,0,0,0,0
JD_11449770,2021-02-28,41,8,38,1,1,0,0
JD_11449769,2021-02-28,4337,0,4227,102,8,0,0
JD_11449768,2021-02-28,209,96,204,4,0,0,2
JD_11449766,2021-02-28,81,49,52,2,0,1,1
JD_11449765,2021-02-28,26,12,20,0,0,0,0
