JD_11486095,2021-02-28,7,1,6,0,1,0,0
JD_11486094,2021-02-28,5,4,1,0,0,0,0
JD_11486093,2021-02-28,19,13,16,0,1,0,0
JD_11486089,2021-02-28,97,35,96,0,1,0,0
JD_11486088,2021-02-28,180,111,153,1,1,0,0
JD_11486083,2021-02-28,7,0,6,1,0,0,0
JD_11486082,2021-02-28,39,19,38,1,0,0,0
JD_11486080,2021-02-28,305,179,203,1,3,0,0
JD_11486078,2021-02-28,300,6,284,12,4,0,0
JD_11486077,2021-02-28,67,42,54,0,0,0,0
JD_11486076,2021-02-28,21,8,20,0,1,0,0
JD_11486075,2021-02-28,713,511,370,2,0,0,3
JD_11486074,2021-02-28,23,1,20,2,1,0,0
JD_11486073,2021-02-28,746,351,540,11,1,0,1
JD_11486071,2021-02-28,1435,1141,811,4,1,1,2
JD_11486070,2021-02-28,83,54,47,1,0,0,0
JD_11486069,2021-02-28,185,101,122,0,2,1,0
JD_11486068,2021-02-28,228,150,123,2,0,0,1
JD_11486067,2021-02-28,13,7,10,0,0,0,0
JD_11486066,2021-02-28,59,43,20,0,1,0,0
JD_11486064,2021-02-28,10,0,10,0,0,0,0
JD_11486062,2021-02-28,196,0,179,16,1,0,0
JD_11486061,2021-02-28,6,1,6,0,0,0,0
JD_11486060,2021-02-28,3,1,3,0,0,0,0
JD_11486059,2021-02-28,5,0,5,0,0,0,0
JD_11486058,2021-02-28,1,0,1,0,0,0,0
JD_11486057,2021-02-28,2,2,0,0,0,0,0
JD_11486056,2021-02-28,3,3,2,0,0,0,0
JD_11486054,2021-02-28,7,2,6,0,0,0,0
JD_11486053,2021-02-28,74,0,70,3,1,0,0
JD_11486052,2021-02-28,12,0,11,0,1,0,0
JD_11486050,2021-02-28,101,58,78,0,0,0,0
JD_11486046,2021-02-28,163,109,99,0,1,0,1
JD_11486045,2021-02-28,836,209,701,14,4,0,2
JD_11486044,2021-02-28,89,49,72,0,0,0,0
JD_11486042,2021-02-28,41,24,39,0,0,0,0
JD_11486040,2021-02-28,143,34,138,3,1,0,0
JD_11486039,2021-02-28,2935,2240,1616,6,1,3,1
JD_11486038,2021-02-28,63,43,41,0,2,0,0
JD_11486037,2021-02-28,37,22,19,0,0,0,0
JD_11486036,2021-02-28,12,4,10,0,0,0,0
JD_11486035,2021-02-28,9,7,3,0,0,0,0
JD_11486034,2021-02-28,9,7,6,0,0,0,0
JD_11486033,2021-02-28,16,12,8,0,0,0,0
JD_11486032,2021-02-28,29,6,25,1,0,0,0
JD_11486031,2021-02-28,15,12,13,0,0,0,0
JD_11486030,2021-02-28,25,19,11,0,0,0,0
JD_11486026,2021-02-28,0,0,0,0,0,0,0
JD_11486023,2021-02-28,42,29,35,3,0,0,1
JD_11486022,2021-02-28,3,3,0,0,0,0,0
JD_11486015,2021-02-28,247,0,240,6,1,0,0
JD_11486014,2021-02-28,0,0,0,0,0,0,0
JD_11486013,2021-02-28,0,0,0,0,0,0,0
JD_11486012,2021-02-28,0,0,0,0,0,0,0
JD_11486009,2021-02-28,0,0,0,0,0,0,0
JD_11486001,2021-02-28,6699,3685,6220,63,46,3,7
JD_11486000,2021-02-28,10,5,10,0,0,0,0
JD_11485997,2021-02-28,584,418,582,1,1,0,3
JD_11485994,2021-02-28,0,0,0,0,0,0,0
JD_11485992,2021-02-28,7,0,7,0,0,0,0
JD_11485990,2021-02-28,1,1,0,0,0,0,0
JD_11485988,2021-02-28,1917,1563,823,3,3,2,7
JD_11485987,2021-02-28,0,0,0,0,0,0,0
JD_11485982,2021-02-28,3,3,1,0,0,0,0
JD_11485981,2021-02-28,25,15,20,0,1,0,0
JD_11485980,2021-02-28,48,32,14,2,0,0,0
JD_11485978,2021-02-28,3,3,2,0,0,0,0
JD_11485975,2021-02-28,0,0,0,0,0,0,0
JD_11485974,2021-02-28,1,1,0,0,0,0,0
JD_11485973,2021-02-28,12,9,3,0,0,0,0
