JD_11504045,2021-02-28,31,4,29,1,1,0,0
JD_11504044,2021-02-28,4,2,4,0,0,0,0
JD_11504042,2021-02-28,53,21,50,0,0,0,0
JD_11504041,2021-02-28,52,34,25,0,0,0,0
JD_11504040,2021-02-28,44,33,19,0,0,0,0
JD_11504039,2021-02-28,14,8,10,0,0,0,0
JD_11504038,2021-02-28,32,27,10,0,0,0,0
JD_11504034,2021-02-28,3,3,0,0,0,0,0
JD_11504033,2021-02-28,7,6,3,0,0,0,0
JD_11504032,2021-02-28,11,7,5,0,0,0,0
JD_11504030,2021-02-28,3,2,3,0,0,0,0
JD_11504029,2021-02-28,80,35,63,0,0,0,1
JD_11504027,2021-02-28,50,1,46,2,1,0,0
JD_11504026,2021-02-28,148,0,141,7,0,0,0
JD_11504024,2021-02-28,48,0,47,0,1,0,0
JD_11504023,2021-02-28,4,2,3,0,0,0,0
JD_11504022,2021-02-28,42,20,26,0,0,0,0
JD_11504019,2021-02-28,141,0,137,3,1,0,0
JD_11504018,2021-02-28,142,1,138,3,1,0,0
JD_11504017,2021-02-28,64,3,60,1,0,0,0
JD_11504015,2021-02-28,213,159,135,0,1,0,0
JD_11504014,2021-02-28,116,67,110,0,1,0,0
JD_11504010,2021-02-28,4,3,3,0,0,0,0
JD_11504008,2021-02-28,738,506,438,2,6,1,2
JD_11504007,2021-02-28,121,16,118,3,0,0,1
JD_11504006,2021-02-28,0,0,0,0,0,0,0
JD_11504005,2021-02-28,13,6,13,0,0,0,0
JD_11504004,2021-02-28,16,8,11,0,0,0,0
JD_11504003,2021-02-28,112,89,70,1,0,0,0
JD_11504001,2021-02-28,4,2,3,0,0,0,0
JD_11504000,2021-02-28,65,39,47,0,0,0,0
JD_11503998,2021-02-28,5,2,4,0,0,0,0
JD_11503997,2021-02-28,102,0,96,5,1,0,0
JD_11503996,2021-02-28,46,17,41,0,1,0,0
JD_11503995,2021-02-28,188,93,133,5,1,0,1
JD_11503994,2021-02-28,3,1,2,0,0,0,0
JD_11503993,2021-02-28,3,2,3,0,0,0,0
JD_11503992,2021-02-28,242,168,160,2,1,0,0
JD_11503991,2021-02-28,21,6,21,0,0,0,0
JD_11503990,2021-02-28,2,1,1,0,0,0,0
JD_11503988,2021-02-28,3,0,3,0,0,0,0
JD_11503987,2021-02-28,34,14,26,0,1,0,0
JD_11503984,2021-02-28,7,2,5,0,0,0,0
JD_11503983,2021-02-28,31,6,27,1,0,0,0
JD_11503982,2021-02-28,3195,2256,1792,27,21,2,11
JD_11503981,2021-02-28,15,4,12,1,1,0,0
JD_11503978,2021-02-28,6,1,6,0,0,0,0
JD_11503977,2021-02-28,324,1,313,10,1,0,0
JD_11503976,2021-02-28,487,109,438,10,1,0,0
JD_11503975,2021-02-28,965,171,943,13,6,0,2
JD_11503974,2021-02-28,6,5,6,0,0,0,0
JD_11503972,2021-02-28,116,45,91,1,0,0,0
JD_11503971,2021-02-28,69,22,53,2,0,0,0
JD_11503970,2021-02-28,7,0,7,0,0,0,0
JD_11503969,2021-02-28,92,71,29,1,0,0,0
JD_11503968,2021-02-28,30,12,28,0,0,0,0
JD_11503967,2021-02-28,8,4,7,0,0,0,0
JD_11503966,2021-02-28,207,50,197,5,5,0,1
JD_11503965,2021-02-28,209,96,155,3,2,0,0
JD_11503964,2021-02-28,7,3,4,1,0,0,0
JD_11503963,2021-02-28,9,6,4,1,0,0,0
JD_11503962,2021-02-28,56,46,35,0,0,0,0
JD_11503961,2021-02-28,11,8,10,0,0,0,0
JD_11503960,2021-02-28,25,20,9,0,0,0,1
JD_11503959,2021-02-28,8,0,6,1,1,0,0
JD_11503958,2021-02-28,7,4,5,0,0,0,0
JD_11503957,2021-02-28,8,1,4,2,1,0,0
JD_11503956,2021-02-28,90,3,81,7,2,1,1
JD_11503955,2021-02-28,4,4,1,0,0,0,0
JD_11503954,2021-02-28,13,10,6,0,0,0,0
