JD_11327940,2021-02-28,0,0,0,0,0,0,0
JD_11327939,2021-02-28,30,5,30,0,0,0,0
JD_11327938,2021-02-28,8,4,7,0,0,0,0
JD_11327937,2021-02-28,823,131,796,19,8,0,0
JD_11327930,2021-02-28,44,13,43,0,0,0,0
JD_11327929,2021-02-28,93,1,88,2,2,0,0
JD_11327928,2021-02-28,11,2,11,0,0,0,0
JD_11327927,2021-02-28,1227,709,1020,8,7,1,2
JD_11327924,2021-02-28,47,21,35,0,0,0,0
JD_11327917,2021-02-28,12,10,12,0,0,0,0
JD_11327910,2021-02-28,5,3,4,0,0,0,0
JD_11327903,2021-02-28,190,56,135,3,0,0,0
JD_11327900,2021-02-28,2078,0,2030,40,8,0,2
JD_11327899,2021-02-28,3722,1297,3103,38,10,0,8
JD_11327894,2021-02-28,15,7,15,0,0,0,0
JD_11327887,2021-02-28,444,368,192,2,0,0,0
JD_11327884,2021-02-28,127,11,119,2,1,0,0
JD_11327883,2021-02-28,0,0,0,0,0,0,0
JD_11327881,2021-02-28,66,26,63,0,3,0,0
JD_11327880,2021-02-28,148,113,89,0,0,0,0
JD_11327879,2021-02-28,7,2,6,0,0,0,0
JD_11327878,2021-02-28,3,2,2,0,0,0,0
JD_11327877,2021-02-28,180,112,158,0,0,0,0
JD_11327876,2021-02-28,2,0,2,0,0,0,0
JD_11327875,2021-02-28,126,83,82,0,1,0,0
JD_11327874,2021-02-28,20,6,18,1,0,0,0
JD_11327873,2021-02-28,57,9,55,1,1,0,0
JD_11327872,2021-02-28,22,0,22,0,0,0,0
JD_11327870,2021-02-28,7,0,7,0,0,0,0
JD_11327869,2021-02-28,9,5,5,0,0,0,0
JD_11327868,2021-02-28,13,7,8,0,0,0,0
JD_11327867,2021-02-28,268,176,167,0,2,0,1
JD_11327865,2021-02-28,540,45,524,10,6,0,4
JD_11327863,2021-02-28,160,0,156,4,0,0,0
JD_11327862,2021-02-28,424,208,364,3,1,0,1
JD_11327860,2021-02-28,62,21,48,4,2,0,0
JD_11327859,2021-02-28,21,6,16,1,0,0,0
JD_11327858,2021-02-28,1399,946,585,5,9,1,2
JD_11327857,2021-02-28,1,1,1,0,0,0,0
JD_11327856,2021-02-28,110,48,82,2,0,0,0
JD_11327854,2021-02-28,0,0,0,0,0,0,0
JD_11327853,2021-02-28,1,0,1,0,0,0,0
JD_11327852,2021-02-28,14,3,12,0,1,0,0
JD_11327851,2021-02-28,258,0,249,8,1,0,0
JD_11327848,2021-02-28,362,59,349,6,7,0,0
JD_11327843,2021-02-28,8,4,6,0,0,0,0
JD_11327842,2021-02-28,10,5,10,0,0,0,0
JD_11327841,2021-02-28,39,32,17,0,0,0,0
JD_11327840,2021-02-28,12,7,10,0,0,0,0
JD_11327838,2021-02-28,26,7,25,0,0,0,0
JD_11327837,2021-02-28,15,11,9,0,0,0,0
JD_11327835,2021-02-28,75,46,40,1,0,0,0
JD_11327833,2021-02-28,5,4,4,0,0,0,0
JD_11327832,2021-02-28,23,9,23,0,0,0,0
JD_11327831,2021-02-28,58,41,34,0,0,0,0
JD_11327830,2021-02-28,7,4,6,0,0,0,0
JD_11327828,2021-02-28,2,1,2,0,0,0,0
JD_11327827,2021-02-28,5,3,3,0,0,0,0
JD_11327826,2021-02-28,5,1,5,0,0,0,0
JD_11327824,2021-02-28,8,3,5,0,0,0,0
JD_11327823,2021-02-28,0,0,0,0,0,0,0
JD_11327821,2021-02-28,2,0,1,1,0,0,0
JD_11327820,2021-02-28,1,0,1,0,0,0,0
JD_11327819,2021-02-28,0,0,0,0,0,0,0
JD_11327818,2021-02-28,12,5,9,0,0,0,0
JD_11327817,2021-02-28,9,5,6,0,0,0,0
JD_11327816,2021-02-28,4,3,2,0,0,0,0
JD_11327815,2021-02-28,53,39,26,0,0,0,0
JD_11327813,2021-02-28,138,106,76,0,0,0,0
JD_11327812,2021-02-28,120,103,56,1,0,0,0
