JD_12689222,2021-02-28,1,1,0,0,0,0,0
JD_12689220,2021-02-28,232,135,97,0,0,0,2
JD_12689219,2021-02-28,238,212,26,0,0,0,0
JD_12689218,2021-02-28,107,96,11,0,0,0,1
JD_12689217,2021-02-28,102,83,18,1,0,0,0
JD_12689216,2021-02-28,84,67,17,0,0,0,0
JD_12689215,2021-02-28,32,30,2,0,0,0,0
JD_12689214,2021-02-28,142,125,17,0,0,0,0
JD_12689213,2021-02-28,207,187,20,0,0,0,0
JD_12689212,2021-02-28,1369,1229,138,1,1,0,3
JD_12689211,2021-02-28,0,0,0,0,0,0,0
JD_12689210,2021-02-28,146,128,18,0,0,0,1
JD_12689209,2021-02-28,6,5,1,0,0,0,0
JD_12689208,2021-02-28,7,7,0,0,0,0,0
JD_12686948,2021-02-28,5,5,0,0,0,0,0
JD_12686946,2021-02-28,57,48,9,0,0,0,0
JD_12686944,2021-02-28,8,8,0,0,0,0,0
JD_12686943,2021-02-28,10,9,1,0,0,0,0
JD_12686942,2021-02-28,48,40,8,0,0,0,0
JD_12686941,2021-02-28,4,3,1,0,0,0,0
JD_12686940,2021-02-28,5,5,0,0,0,0,0
JD_12686939,2021-02-28,214,190,23,1,0,0,0
JD_12686938,2021-02-28,4,4,0,0,0,0,0
JD_12686937,2021-02-28,11,9,2,0,0,0,0
JD_12686936,2021-02-28,204,154,50,0,0,0,1
JD_12686935,2021-02-28,2,1,1,0,0,0,0
JD_12686934,2021-02-28,2,2,0,0,0,0,0
JD_12686933,2021-02-28,27,19,8,0,0,0,0
JD_12686932,2021-02-28,9,7,2,0,0,0,0
JD_12686540,2021-02-28,1520,1281,238,1,0,0,2
JD_12686539,2021-02-28,0,0,0,0,0,0,0
JD_12686538,2021-02-28,121,103,18,0,0,0,0
JD_12686537,2021-02-28,0,0,0,0,0,0,0
JD_12686536,2021-02-28,61,51,10,0,0,0,0
JD_12686535,2021-02-28,2,1,1,0,0,0,0
JD_12686534,2021-02-28,11,9,2,0,0,0,0
JD_12686533,2021-02-28,7,6,1,0,0,0,0
JD_12686532,2021-02-28,4,4,0,0,0,0,0
JD_12686531,2021-02-28,3,1,2,0,0,0,0
JD_12686530,2021-02-28,3,3,0,0,0,0,0
JD_12686529,2021-02-28,7,2,5,0,0,1,0
JD_12686528,2021-02-28,2,1,1,0,0,0,0
JD_12686526,2021-02-28,6,5,1,0,0,0,0
JD_12686524,2021-02-28,9,8,1,0,0,0,0
JD_12686523,2021-02-28,0,0,0,0,0,0,0
JD_12686522,2021-02-28,2,2,0,0,0,0,0
JD_12686520,2021-02-28,8,7,1,0,0,0,0
JD_12686518,2021-02-28,12,9,3,0,0,0,0
JD_12686516,2021-02-28,12,11,1,0,0,0,0
JD_12686514,2021-02-28,6,5,1,0,0,0,0
JD_12686512,2021-02-28,5,4,1,0,0,0,0
JD_12686510,2021-02-28,4,4,0,0,0,0,0
JD_12686508,2021-02-28,5,4,1,0,0,0,0
JD_12686506,2021-02-28,4,4,0,0,0,0,0
JD_12686504,2021-02-28,8,8,0,0,0,0,0
JD_12686503,2021-02-28,15,11,4,0,0,0,0
JD_12686502,2021-02-28,18,15,3,0,0,0,0
JD_12686501,2021-02-28,92,76,16,0,0,0,0
JD_12686500,2021-02-28,5,4,1,0,0,0,0
JD_12686498,2021-02-28,9,7,2,0,0,0,0
JD_12686496,2021-02-28,521,437,81,1,2,1,1
JD_12686494,2021-02-28,14,13,1,0,0,0,0
JD_12686492,2021-02-28,30,27,3,0,0,0,0
JD_12686490,2021-02-28,15,13,2,0,0,0,0
JD_12686489,2021-02-28,43,36,7,0,0,1,0
JD_12686488,2021-02-28,12,10,2,0,0,0,0
JD_12686487,2021-02-28,7,7,0,0,0,0,0
JD_12686486,2021-02-28,10,9,1,0,0,0,0
JD_12686485,2021-02-28,3,3,0,0,0,0,0
JD_12686484,2021-02-28,12,11,1,0,0,0,0
