JD_12111089,2021-02-28,9,7,6,0,0,0,0
JD_12111088,2021-02-28,28,24,12,0,0,0,0
JD_12111087,2021-02-28,9,6,9,0,0,0,0
JD_12111086,2021-02-28,20,14,18,0,0,0,0
JD_12111085,2021-02-28,6,6,6,0,0,0,0
JD_12111084,2021-02-28,143,105,90,0,0,0,0
JD_12111083,2021-02-28,18,14,18,0,0,0,1
JD_12111082,2021-02-28,31,27,12,0,0,0,0
JD_12111081,2021-02-28,14,10,13,0,0,0,0
JD_12111080,2021-02-28,395,325,209,0,3,0,1
JD_12111079,2021-02-28,4,4,0,0,0,0,0
JD_12111078,2021-02-28,23,18,11,0,0,0,0
JD_12111077,2021-02-28,7,6,4,0,0,0,0
JD_12111076,2021-02-28,21,20,9,0,0,0,0
JD_12111075,2021-02-28,10,10,10,0,0,0,0
JD_12111074,2021-02-28,37,33,12,0,0,0,0
JD_12111073,2021-02-28,24,16,22,0,0,0,0
JD_12111072,2021-02-28,31,27,11,0,0,0,0
JD_12111071,2021-02-28,11,11,8,0,0,0,0
JD_12111070,2021-02-28,176,155,70,0,0,0,0
JD_12111069,2021-02-28,16,15,16,0,0,0,0
JD_12111068,2021-02-28,208,159,159,0,1,0,0
JD_12111067,2021-02-28,2534,2088,730,2,1,1,4
JD_12111066,2021-02-28,5,1,5,0,0,0,0
JD_12111065,2021-02-28,339,233,198,1,1,2,2
JD_12111064,2021-02-28,24,19,25,0,0,0,2
JD_12111063,2021-02-28,104,74,67,0,0,0,0
JD_12111062,2021-02-28,35,25,35,0,0,0,0
JD_12111061,2021-02-28,36,21,32,0,0,0,0
JD_12111060,2021-02-28,69,51,48,0,0,0,0
JD_12111059,2021-02-28,3,3,0,0,0,0,0
JD_12111058,2021-02-28,3,3,0,0,0,0,0
JD_12111057,2021-02-28,30,25,15,0,0,0,0
JD_12111056,2021-02-28,99,73,68,0,0,0,0
JD_12111055,2021-02-28,4,4,1,0,0,0,0
JD_12111054,2021-02-28,9,8,5,0,0,0,0
JD_12111052,2021-02-28,269,227,210,0,0,0,0
JD_12111051,2021-02-28,141,89,104,0,0,0,0
JD_12111050,2021-02-28,38,31,38,0,0,0,0
JD_12111049,2021-02-28,177,126,116,1,1,0,1
JD_12111048,2021-02-28,17,10,17,0,0,0,0
JD_12111047,2021-02-28,1022,721,534,1,0,0,3
JD_12111046,2021-02-28,26,25,24,0,0,0,0
JD_12111045,2021-02-28,5,5,3,0,0,0,0
JD_12111044,2021-02-28,25,18,24,0,0,0,0
JD_12111042,2021-02-28,36,24,35,0,0,0,0
JD_12111041,2021-02-28,6,5,6,0,0,0,0
JD_12111040,2021-02-28,6,5,6,0,0,0,0
JD_12111039,2021-02-28,8,6,6,0,0,0,0
JD_12111038,2021-02-28,24,18,24,0,0,0,0
JD_12111037,2021-02-28,1,1,1,0,0,0,0
JD_12111036,2021-02-28,15,3,15,0,0,0,0
JD_12111035,2021-02-28,13,10,13,0,0,0,0
JD_12111034,2021-02-28,32,23,31,0,0,0,0
JD_12111033,2021-02-28,12,10,9,0,0,0,0
JD_12111032,2021-02-28,6,4,3,0,0,0,0
JD_12111031,2021-02-28,16,13,9,0,0,0,0
JD_12111030,2021-02-28,29067,24388,16238,46,19,27,41
JD_12111029,2021-02-28,54,40,38,0,0,0,0
JD_12111028,2021-02-28,89,70,61,0,0,0,0
JD_12111026,2021-02-28,93,23,90,0,1,0,0
JD_12111025,2021-02-28,134,90,108,0,0,0,0
JD_12111024,2021-02-28,1,0,1,0,0,0,0
JD_12111023,2021-02-28,818,700,165,1,0,0,1
JD_12111022,2021-02-28,0,0,0,0,0,0,0
JD_12111021,2021-02-28,1,1,1,0,0,0,0
JD_12111020,2021-02-28,18,15,18,0,0,0,0
JD_12111019,2021-02-28,3,3,3,0,0,0,0
JD_12111018,2021-02-28,12,8,11,0,0,0,0
JD_12111017,2021-02-28,4,3,2,0,0,0,0
