JD_11334168,2021-02-28,12,1,12,0,0,0,0
JD_11334167,2021-02-28,134,105,38,0,1,0,0
JD_11334166,2021-02-28,11,1,11,0,0,0,0
JD_11334165,2021-02-28,3,1,3,0,0,0,0
JD_11334164,2021-02-28,12,0,12,0,0,0,0
JD_11334161,2021-02-28,1036,2,966,50,20,0,0
JD_11334160,2021-02-28,2,0,2,0,0,0,0
JD_11334159,2021-02-28,74,22,65,1,0,0,0
JD_11334158,2021-02-28,107,16,102,2,3,0,0
JD_11334156,2021-02-28,3,0,3,0,0,0,0
JD_11334155,2021-02-28,10,6,4,0,0,0,0
JD_11334154,2021-02-28,7,1,6,0,0,0,0
JD_11334153,2021-02-28,28,0,25,3,0,0,0
JD_11334152,2021-02-28,2,2,0,0,0,0,0
JD_11334151,2021-02-28,170,110,107,5,0,0,1
JD_11334150,2021-02-28,1,1,0,0,0,0,0
JD_11334149,2021-02-28,47,29,45,0,1,0,0
JD_11334148,2021-02-28,0,0,0,0,0,0,0
JD_11334147,2021-02-28,2,2,1,0,0,0,0
JD_11334145,2021-02-28,121,0,120,0,1,0,0
JD_11334144,2021-02-28,9,4,5,0,0,0,0
JD_11334143,2021-02-28,245,0,238,4,3,0,0
JD_11334142,2021-02-28,106,0,104,2,0,0,0
JD_11334141,2021-02-28,272,182,268,3,1,0,0
JD_11334140,2021-02-28,218,166,131,1,0,0,2
JD_11334139,2021-02-28,9,2,6,1,0,0,0
JD_11334138,2021-02-28,40,1,38,2,0,0,0
JD_11334134,2021-02-28,117,0,117,0,0,0,0
JD_11334133,2021-02-28,750,648,399,2,0,0,0
JD_11334132,2021-02-28,27,4,25,1,1,0,0
JD_11334131,2021-02-28,21,4,19,1,0,0,0
JD_11334130,2021-02-28,54,33,24,0,1,0,0
JD_11334129,2021-02-28,46,25,25,0,0,0,0
JD_11334127,2021-02-28,41,33,12,0,1,0,0
JD_11334125,2021-02-28,13,5,12,0,0,0,0
JD_11334124,2021-02-28,67,4,65,1,0,0,0
JD_11334123,2021-02-28,79,50,36,0,1,0,0
JD_11334121,2021-02-28,253,193,170,0,0,0,0
JD_11334120,2021-02-28,19,0,19,0,0,0,0
JD_11334119,2021-02-28,4,0,4,0,0,0,0
JD_11334118,2021-02-28,1,0,1,0,0,0,0
JD_11334117,2021-02-28,10,0,10,0,0,0,0
JD_11334116,2021-02-28,21,9,17,0,0,0,0
JD_11334115,2021-02-28,176,0,153,18,5,0,0
JD_11334114,2021-02-28,105,0,101,2,2,0,0
JD_11334113,2021-02-28,23,3,20,0,1,0,0
JD_11334112,2021-02-28,27,8,19,1,0,0,0
JD_11334111,2021-02-28,61,0,58,2,1,0,0
JD_11334110,2021-02-28,109,23,105,3,0,0,0
JD_11334109,2021-02-28,39,0,36,1,2,0,0
JD_11334105,2021-02-28,10,3,9,0,0,0,0
JD_11334104,2021-02-28,4,2,2,0,0,0,0
JD_11334101,2021-02-28,1,0,1,0,0,0,0
JD_11334098,2021-02-28,4,0,4,0,0,0,0
JD_11334097,2021-02-28,10,8,9,0,0,0,0
JD_11334096,2021-02-28,2,1,2,0,0,0,0
JD_11334095,2021-02-28,0,0,0,0,0,0,0
JD_11334094,2021-02-28,1,1,1,0,0,0,0
JD_11334093,2021-02-28,61,42,22,1,0,0,0
JD_11334092,2021-02-28,3,3,2,0,0,0,0
JD_11334091,2021-02-28,4,2,4,0,0,0,0
JD_11334090,2021-02-28,0,0,0,0,0,0,0
JD_11334088,2021-02-28,7,5,4,0,0,0,0
JD_11334087,2021-02-28,3,2,3,0,0,0,0
JD_11334086,2021-02-28,1,1,0,0,0,0,0
JD_11334085,2021-02-28,0,0,0,0,0,0,0
JD_11334084,2021-02-28,0,0,0,0,0,0,0
JD_11334083,2021-02-28,7,2,6,1,0,0,0
JD_11334081,2021-02-28,28,19,14,0,0,0,0
JD_11334080,2021-02-28,4,2,2,0,0,0,0
