JD_11314983,2021-02-28,182,108,128,0,0,0,1
JD_11314981,2021-02-28,2,1,1,0,0,0,0
JD_11314974,2021-02-28,25,12,14,1,0,0,0
JD_11314960,2021-02-28,0,0,0,0,0,0,0
JD_11314956,2021-02-28,6,1,6,0,0,0,0
JD_11314955,2021-02-28,2,2,1,0,0,0,0
JD_11314954,2021-02-28,3,0,3,0,0,0,0
JD_11314953,2021-02-28,5,0,5,0,0,0,0
JD_11314952,2021-02-28,7,3,7,0,0,0,0
JD_11314951,2021-02-28,9,1,9,0,0,0,0
JD_11314949,2021-02-28,0,0,0,0,0,0,0
JD_11314948,2021-02-28,9,2,9,0,0,0,0
JD_11314947,2021-02-28,2,1,2,0,0,0,0
JD_11314946,2021-02-28,0,0,0,0,0,0,0
JD_11314944,2021-02-28,35,0,32,2,1,0,0
JD_11314943,2021-02-28,51,0,50,1,0,0,0
JD_11314942,2021-02-28,0,0,0,0,0,0,0
JD_11314940,2021-02-28,4,4,1,0,0,0,0
JD_11314939,2021-02-28,529,104,512,9,8,0,1
JD_11314938,2021-02-28,213,92,210,2,0,1,0
JD_11314937,2021-02-28,78,24,73,1,1,0,0
JD_11314936,2021-02-28,203,126,181,1,2,0,1
JD_11314934,2021-02-28,129,79,107,0,0,0,2
JD_11314933,2021-02-28,44,34,31,0,0,0,0
JD_11314932,2021-02-28,85,62,58,0,1,0,0
JD_11314931,2021-02-28,63,40,44,0,0,0,0
JD_11314929,2021-02-28,1,1,1,0,0,0,0
JD_11314928,2021-02-28,107,0,107,0,0,0,0
JD_11314927,2021-02-28,148,103,126,1,0,0,0
JD_11314926,2021-02-28,100,58,89,0,0,0,0
JD_11314922,2021-02-28,3,1,2,0,0,0,0
JD_11314918,2021-02-28,137,0,132,5,0,0,0
JD_11314917,2021-02-28,5,1,4,0,0,0,0
JD_11314916,2021-02-28,7,6,5,0,0,0,0
JD_11314915,2021-02-28,0,0,0,0,0,0,0
JD_11314911,2021-02-28,7,3,5,0,0,0,0
JD_11314910,2021-02-28,2,1,2,0,0,0,0
JD_11314906,2021-02-28,0,0,0,0,0,0,0
JD_11314904,2021-02-28,0,0,0,0,0,0,0
JD_11314903,2021-02-28,16,9,15,0,0,0,0
JD_11314902,2021-02-28,6,1,5,0,0,0,0
JD_11314901,2021-02-28,2,2,1,0,0,0,0
JD_11314899,2021-02-28,1,0,1,0,0,0,0
JD_11314897,2021-02-28,2,0,2,0,0,0,0
JD_11314896,2021-02-28,36,23,26,1,1,0,0
JD_11314894,2021-02-28,1,1,0,0,0,0,0
JD_11314893,2021-02-28,0,0,0,0,0,0,0
JD_11314892,2021-02-28,0,0,0,0,0,0,0
JD_11314891,2021-02-28,1,0,1,0,0,0,0
JD_11314890,2021-02-28,19,7,13,0,0,0,0
JD_11314889,2021-02-28,1,0,1,0,0,0,0
JD_11314888,2021-02-28,0,0,0,0,0,0,0
JD_11314887,2021-02-28,8,3,5,0,0,0,0
JD_11314886,2021-02-28,8,0,8,0,0,0,0
JD_11314885,2021-02-28,2,0,2,0,0,0,0
JD_11314884,2021-02-28,3,2,3,0,0,0,0
JD_11314883,2021-02-28,0,0,0,0,0,0,0
JD_11314882,2021-02-28,1,1,0,0,0,0,0
JD_11314881,2021-02-28,1,0,1,0,0,0,0
JD_11314880,2021-02-28,0,0,0,0,0,0,0
JD_11314879,2021-02-28,0,0,0,0,0,0,0
JD_11314878,2021-02-28,98,3,96,2,0,0,0
JD_11314877,2021-02-28,25,2,25,0,0,0,0
JD_11314876,2021-02-28,78,17,73,1,2,0,0
JD_11314875,2021-02-28,8,4,7,0,0,0,0
JD_11314874,2021-02-28,3,1,3,0,0,0,0
JD_11314873,2021-02-28,50,8,48,2,0,0,0
JD_11314872,2021-02-28,10,3,9,1,0,0,0
JD_11314871,2021-02-28,4758,105,4693,46,19,0,11
JD_11314870,2021-02-28,3,1,3,0,0,0,0
