JD_12152524,2021-02-28,12,10,7,0,0,0,0
JD_12152523,2021-02-28,34,29,27,0,0,0,0
JD_12152522,2021-02-28,0,0,0,0,0,0,0
JD_12152521,2021-02-28,9,8,9,0,0,0,0
JD_12152520,2021-02-28,2,0,2,0,0,0,0
JD_12152519,2021-02-28,631,523,204,0,1,3,1
JD_12152518,2021-02-28,3,3,2,0,0,0,0
JD_12152517,2021-02-28,77,59,65,0,0,0,0
JD_12152516,2021-02-28,6,3,4,0,0,0,0
JD_12152515,2021-02-28,51,42,31,1,0,0,0
JD_12152514,2021-02-28,20,18,13,0,0,0,1
JD_12152513,2021-02-28,230,163,116,0,1,0,1
JD_12152512,2021-02-28,0,0,0,0,0,0,0
JD_12152511,2021-02-28,22,16,20,0,0,0,0
JD_12152510,2021-02-28,6,6,6,0,0,0,0
JD_12152509,2021-02-28,277,239,77,1,0,0,0
JD_12152508,2021-02-28,2,1,2,0,0,0,0
JD_12152507,2021-02-28,1968,1565,999,1,2,0,4
JD_12152506,2021-02-28,0,0,0,0,0,0,0
JD_12152505,2021-02-28,1,1,1,0,0,0,0
JD_12152504,2021-02-28,2,2,1,0,0,0,0
JD_12152503,2021-02-28,7,4,7,0,0,0,0
JD_12152502,2021-02-28,2,1,1,0,0,0,0
JD_12152501,2021-02-28,5,4,4,0,0,0,0
JD_12152500,2021-02-28,1,1,1,0,0,0,0
JD_12152499,2021-02-28,35,27,24,0,0,0,0
JD_12152498,2021-02-28,5,4,1,0,0,0,0
JD_12152497,2021-02-28,76,52,70,0,0,0,0
JD_12152496,2021-02-28,3,1,3,0,0,0,0
JD_12152495,2021-02-28,194,164,134,0,1,0,0
JD_12152494,2021-02-28,5380,4359,3822,10,2,0,5
JD_12152493,2021-02-28,0,0,0,0,0,0,0
JD_12152492,2021-02-28,9,4,8,0,0,0,0
JD_12152491,2021-02-28,59,43,41,0,0,0,0
JD_12152490,2021-02-28,1,1,1,0,0,0,0
JD_12152489,2021-02-28,59,52,21,0,0,0,0
JD_12152488,2021-02-28,2,2,0,0,0,0,0
JD_12152487,2021-02-28,3,3,1,0,0,0,0
JD_12152486,2021-02-28,3,3,1,0,0,0,0
JD_12152485,2021-02-28,10,0,10,0,0,0,0
JD_12152484,2021-02-28,0,0,0,0,0,0,0
JD_12152483,2021-02-28,0,0,0,0,0,0,0
JD_12152482,2021-02-28,2,1,1,0,0,0,1
JD_12152481,2021-02-28,1046,840,740,4,0,9,0
JD_12152168,2021-02-28,753,466,746,3,4,1,1
JD_12152167,2021-02-28,2,2,2,0,0,0,0
JD_12152166,2021-02-28,53,40,49,2,2,0,0
JD_12152165,2021-02-28,5,5,3,0,0,0,0
JD_12152164,2021-02-28,24,10,24,0,0,0,0
JD_12152163,2021-02-28,7,7,3,0,0,0,0
JD_12152162,2021-02-28,136,97,135,0,1,1,0
JD_12152161,2021-02-28,1,1,1,0,0,0,0
JD_12152160,2021-02-28,11,9,6,0,0,0,0
JD_12152159,2021-02-28,7,6,3,0,0,0,0
JD_12152158,2021-02-28,51,36,26,0,0,0,1
JD_12152157,2021-02-28,4,3,2,0,0,0,0
JD_12152155,2021-02-28,12,10,4,0,0,0,0
JD_12152154,2021-02-28,96,70,73,0,0,0,0
JD_12152153,2021-02-28,30,22,25,0,0,1,0
JD_12152152,2021-02-28,15,12,15,0,0,0,0
JD_12152151,2021-02-28,0,0,0,0,0,0,0
JD_12152150,2021-02-28,70,46,68,1,1,0,0
JD_12152149,2021-02-28,8,6,5,0,0,0,0
JD_12152148,2021-02-28,27,18,26,1,0,0,0
JD_12152147,2021-02-28,61,52,29,0,0,0,0
JD_12152146,2021-02-28,110,81,108,0,2,0,0
JD_12152145,2021-02-28,6,4,2,0,0,0,0
JD_12152144,2021-02-28,11,5,11,0,0,0,0
JD_12152143,2021-02-28,2,2,1,0,0,0,0
JD_12152142,2021-02-28,238,153,234,4,0,1,0
