JD_11307579,2021-02-28,2,1,2,0,0,0,0
JD_11307575,2021-02-28,9,3,6,0,0,0,0
JD_11307573,2021-02-28,3,2,3,0,0,0,0
JD_11307572,2021-02-28,0,0,0,0,0,0,0
JD_11307570,2021-02-28,6,1,6,0,0,0,0
JD_11307569,2021-02-28,3,2,2,0,0,0,0
JD_11307568,2021-02-28,2,1,2,0,0,0,0
JD_11307567,2021-02-28,5,4,1,0,0,0,0
JD_11307566,2021-02-28,846,517,493,2,1,0,1
JD_11307564,2021-02-28,16,3,15,0,1,0,0
JD_11307563,2021-02-28,0,0,0,0,0,0,0
JD_11307558,2021-02-28,0,0,0,0,0,0,0
JD_11307553,2021-02-28,0,0,0,0,0,0,0
JD_11307552,2021-02-28,4,1,3,0,0,0,0
JD_11307551,2021-02-28,5,0,5,0,0,0,0
JD_11307550,2021-02-28,5,4,4,0,0,0,0
JD_11307549,2021-02-28,1,0,1,0,0,0,0
JD_11307548,2021-02-28,5,2,4,0,0,0,0
JD_11307547,2021-02-28,37,0,36,1,0,0,0
JD_11307545,2021-02-28,0,0,0,0,0,0,0
JD_11307543,2021-02-28,7,6,4,0,0,0,0
JD_11307541,2021-02-28,6,3,6,0,0,0,0
JD_11307540,2021-02-28,0,0,0,0,0,0,0
JD_11307538,2021-02-28,0,0,0,0,0,0,0
JD_11307536,2021-02-28,2,1,1,0,0,0,0
JD_11307535,2021-02-28,1,1,1,0,0,0,0
JD_11307533,2021-02-28,6,6,3,0,0,0,0
JD_11307531,2021-02-28,0,0,0,0,0,0,0
JD_11307528,2021-02-28,0,0,0,0,0,0,0
JD_11307527,2021-02-28,3,2,3,0,0,0,0
JD_11307526,2021-02-28,2,2,0,0,0,0,0
JD_11307524,2021-02-28,22,19,11,0,0,0,0
JD_11307522,2021-02-28,3,3,0,0,0,0,0
JD_11307521,2021-02-28,3,2,1,0,0,0,0
JD_11307519,2021-02-28,6,2,5,0,0,0,0
JD_11307514,2021-02-28,4,1,3,0,0,0,0
JD_11307513,2021-02-28,4,3,1,0,0,0,0
JD_11307506,2021-02-28,1,0,1,0,0,0,0
JD_11307503,2021-02-28,14,2,13,0,0,0,0
JD_11307502,2021-02-28,4,0,4,0,0,0,0
JD_11307499,2021-02-28,6,0,5,1,0,0,0
JD_11307490,2021-02-28,2,0,2,0,0,0,0
JD_11307481,2021-02-28,104,0,99,4,1,0,0
JD_11307478,2021-02-28,162,0,150,9,3,0,0
JD_11307477,2021-02-28,108,0,92,10,6,0,0
JD_11307475,2021-02-28,146,78,127,3,0,0,2
JD_11307474,2021-02-28,124,0,122,1,1,0,0
JD_11307473,2021-02-28,140,78,121,2,1,0,1
JD_11307472,2021-02-28,108,59,97,1,0,0,1
JD_11307471,2021-02-28,143,68,123,2,1,1,1
JD_11307464,2021-02-28,176,91,143,3,1,0,2
JD_11307463,2021-02-28,1,0,1,0,0,0,0
JD_11307462,2021-02-28,361,3,354,6,1,0,0
JD_11307448,2021-02-28,742,614,350,0,0,0,1
JD_11307447,2021-02-28,6,3,4,0,0,0,1
JD_11307446,2021-02-28,51,38,23,0,0,0,0
JD_11307445,2021-02-28,62,22,45,1,0,0,0
JD_11307444,2021-02-28,13,4,10,0,0,0,0
JD_11307443,2021-02-28,128,85,73,2,0,0,0
JD_11307442,2021-02-28,119,88,65,1,0,0,0
JD_11307439,2021-02-28,8,5,8,0,0,0,0
JD_11307436,2021-02-28,16,9,7,0,0,0,0
JD_11307435,2021-02-28,3260,1471,2608,35,16,2,9
JD_11307434,2021-02-28,122,29,116,1,0,0,0
JD_11307433,2021-02-28,257,122,175,1,0,0,1
JD_11307432,2021-02-28,37,0,35,2,0,0,0
JD_11307431,2021-02-28,65,23,52,0,0,0,0
JD_11307430,2021-02-28,267,43,258,1,0,0,0
JD_11307429,2021-02-28,98,20,88,1,0,0,0
JD_11307428,2021-02-28,237,102,176,4,0,0,0
