JD_11843049,2021-02-28,0,0,0,0,0,0,0
JD_11843047,2021-02-28,3,3,2,0,0,0,0
JD_11843045,2021-02-28,18,12,13,0,0,0,1
JD_11843043,2021-02-28,17,13,12,1,0,0,0
JD_11843041,2021-02-28,32,21,20,0,1,0,0
JD_11843039,2021-02-28,30,25,10,0,0,0,0
JD_11843037,2021-02-28,261,185,154,1,0,0,1
JD_11843035,2021-02-28,29,16,24,0,0,0,0
JD_11843033,2021-02-28,32,6,30,1,1,0,0
JD_11843031,2021-02-28,364,201,309,0,2,0,1
JD_11843027,2021-02-28,9,7,6,0,0,0,0
JD_11843025,2021-02-28,396,262,241,0,0,0,1
JD_11843023,2021-02-28,345,218,233,3,1,0,0
JD_11843021,2021-02-28,394,200,364,4,2,0,1
JD_11843019,2021-02-28,17,13,13,0,0,0,0
JD_11843017,2021-02-28,58,42,52,0,0,0,0
JD_11843015,2021-02-28,10,8,5,0,0,0,0
JD_11843013,2021-02-28,495,316,342,4,2,0,1
JD_11843007,2021-02-28,23,16,14,0,0,0,0
JD_11843005,2021-02-28,30,21,24,0,1,0,1
JD_11843003,2021-02-28,115,73,99,0,0,1,1
JD_11843001,2021-02-28,18,1,18,0,0,0,1
JD_11842999,2021-02-28,22,12,19,0,0,0,0
JD_11842997,2021-02-28,28,3,27,0,1,0,0
JD_11842995,2021-02-28,10,9,2,0,0,0,0
JD_11842993,2021-02-28,6,4,6,0,0,0,0
JD_11842991,2021-02-28,11,6,10,0,0,0,0
JD_11842989,2021-02-28,25,15,19,0,0,0,0
JD_11842987,2021-02-28,27,14,20,0,0,0,0
JD_11842985,2021-02-28,82,30,77,0,0,0,0
JD_11842983,2021-02-28,32,24,22,0,0,0,0
JD_11842981,2021-02-28,1216,462,1103,9,6,0,3
JD_11842976,2021-02-28,75,47,46,0,0,0,0
JD_11842974,2021-02-28,22,17,9,0,0,0,0
JD_11842973,2021-02-28,50,19,49,0,0,0,0
JD_11842972,2021-02-28,8,7,5,0,0,0,0
JD_11842971,2021-02-28,690,336,679,4,3,0,2
JD_11842969,2021-02-28,4,2,3,0,0,0,0
JD_11842967,2021-02-28,29,0,29,0,0,0,1
JD_11842966,2021-02-28,102,72,63,1,0,0,0
JD_11842964,2021-02-28,27,18,22,0,0,0,0
JD_11842963,2021-02-28,784,342,717,8,3,0,2
JD_11842962,2021-02-28,28,20,13,0,0,0,0
JD_11842961,2021-02-28,31,11,29,1,0,0,0
JD_11842960,2021-02-28,12,9,10,0,0,0,0
JD_11842959,2021-02-28,45,36,17,0,0,0,0
JD_11827038,2021-02-28,3,2,3,0,0,0,0
JD_11827037,2021-02-28,2,0,2,0,0,0,0
JD_11827036,2021-02-28,4,3,4,0,0,0,0
JD_11827035,2021-02-28,5,0,5,0,0,0,0
JD_11827034,2021-02-28,5,5,4,0,0,0,0
JD_11827033,2021-02-28,12,0,12,0,0,0,0
JD_11827032,2021-02-28,8,7,7,0,0,0,0
JD_11827031,2021-02-28,41,10,41,0,0,0,0
JD_11827030,2021-02-28,0,0,0,0,0,0,0
JD_11827029,2021-02-28,1,0,1,0,0,0,0
JD_11827028,2021-02-28,2,2,0,0,0,0,0
JD_11827027,2021-02-28,7,0,7,0,0,0,0
JD_11827026,2021-02-28,4,3,4,0,0,0,0
JD_11827025,2021-02-28,13,0,13,0,0,0,0
JD_11827024,2021-02-28,1,0,1,0,0,0,0
JD_11827023,2021-02-28,934,698,488,2,2,2,0
JD_11827021,2021-02-28,125,90,64,0,0,0,1
JD_11827020,2021-02-28,0,0,0,0,0,0,0
JD_11827019,2021-02-28,486,147,418,4,1,1,0
JD_11827018,2021-02-28,0,0,0,0,0,0,0
JD_11827017,2021-02-28,4,2,4,0,0,0,0
JD_11827016,2021-02-28,0,0,0,0,0,0,0
JD_11827015,2021-02-28,6,0,6,0,0,0,0
JD_11827014,2021-02-28,1,0,1,0,0,0,0
