JD_11424901,2021-02-28,132,1,131,1,0,0,0
JD_11424900,2021-02-28,194,0,193,1,0,0,0
JD_11424899,2021-02-28,70,6,68,1,1,0,0
JD_11424898,2021-02-28,94,0,73,11,10,0,0
JD_11424897,2021-02-28,28,0,25,3,0,0,0
JD_11424896,2021-02-28,17,8,13,0,0,0,0
JD_11424895,2021-02-28,2381,1871,1025,5,3,1,1
JD_11424894,2021-02-28,30,11,27,1,0,0,0
JD_11424893,2021-02-28,24,0,24,0,0,0,0
JD_11424892,2021-02-28,3,1,2,0,0,0,0
JD_11424891,2021-02-28,2,1,1,0,0,0,0
JD_11424890,2021-02-28,23,7,23,0,0,0,0
JD_11424889,2021-02-28,11,0,11,0,0,0,0
JD_11424866,2021-02-28,523,372,406,3,1,2,0
JD_11424865,2021-02-28,151,94,148,1,0,0,0
JD_11424864,2021-02-28,1324,1005,886,2,1,6,3
JD_11424863,2021-02-28,109,52,106,0,0,0,0
JD_11424860,2021-02-28,2895,1912,2153,11,11,0,3
JD_11424859,2021-02-28,489,334,338,1,0,2,0
JD_11424858,2021-02-28,5,2,5,0,0,0,0
JD_11424857,2021-02-28,494,234,371,6,3,1,1
JD_11424856,2021-02-28,158,84,106,1,0,0,1
JD_11424854,2021-02-28,104,1,96,6,1,0,0
JD_11424851,2021-02-28,19,6,18,0,0,0,0
JD_11424850,2021-02-28,10,4,7,0,0,0,0
JD_11424849,2021-02-28,945,683,672,4,1,2,3
JD_11424848,2021-02-28,19,0,18,1,0,0,0
JD_11424847,2021-02-28,13,4,12,0,0,0,0
JD_11424844,2021-02-28,2,0,2,0,0,0,0
JD_11424842,2021-02-28,402,282,226,2,1,0,1
JD_11424841,2021-02-28,17,8,17,0,0,0,1
JD_11424837,2021-02-28,71,12,61,4,1,0,0
JD_11424836,2021-02-28,336,53,325,9,1,0,0
JD_11424835,2021-02-28,0,0,0,0,0,0,0
JD_11424834,2021-02-28,112,6,105,3,2,0,0
JD_11424833,2021-02-28,8,3,8,0,0,0,0
JD_11424832,2021-02-28,1,0,1,0,0,0,0
JD_11424831,2021-02-28,182,106,161,0,0,0,1
JD_11424829,2021-02-28,8,0,8,0,0,0,0
JD_11424825,2021-02-28,13,5,10,1,0,0,0
JD_11424824,2021-02-28,41,34,21,0,0,0,0
JD_11424819,2021-02-28,0,0,0,0,0,0,0
JD_11424818,2021-02-28,3,1,2,0,0,0,0
JD_11424816,2021-02-28,1166,142,1009,73,19,0,0
JD_11424815,2021-02-28,631,512,315,2,1,1,0
JD_11424812,2021-02-28,0,0,0,0,0,0,0
JD_11424811,2021-02-28,7,5,3,0,0,0,0
JD_11424810,2021-02-28,14,0,14,0,0,0,0
JD_11424806,2021-02-28,13,9,9,0,0,0,0
JD_11424805,2021-02-28,155,112,94,0,0,0,0
JD_11424804,2021-02-28,24,10,23,0,0,0,0
JD_11424803,2021-02-28,82,36,71,2,0,0,0
JD_11424802,2021-02-28,249,0,245,4,0,0,0
JD_11424801,2021-02-28,339,77,336,1,1,0,0
JD_11424800,2021-02-28,0,0,0,0,0,0,0
JD_11424799,2021-02-28,346,0,332,12,2,0,0
JD_11424798,2021-02-28,53,0,53,0,0,0,0
JD_11424797,2021-02-28,316,4,304,7,5,0,1
JD_11424795,2021-02-28,12,5,12,0,0,0,0
JD_11424794,2021-02-28,2,1,1,0,0,0,0
JD_11424792,2021-02-28,33,13,30,2,0,0,0
JD_11424790,2021-02-28,50,29,42,0,0,0,0
JD_11424789,2021-02-28,26,16,22,2,1,0,0
JD_11424788,2021-02-28,40,24,34,0,0,0,1
JD_11424787,2021-02-28,19,12,14,0,0,0,0
JD_11424785,2021-02-28,102,0,98,3,1,0,0
JD_11424784,2021-02-28,154,4,145,7,2,0,0
JD_11424783,2021-02-28,10,4,7,0,1,0,0
JD_11424782,2021-02-28,11,5,9,0,0,0,0
JD_11424781,2021-02-28,7,2,5,0,0,0,0
