JD_11423719,2021-02-28,1075,765,552,0,1,2,3
JD_11423718,2021-02-28,83,53,52,0,0,0,0
JD_11423717,2021-02-28,101,2,92,6,2,0,0
JD_11423716,2021-02-28,124,27,111,3,1,0,0
JD_11423715,2021-02-28,3,2,1,0,0,0,0
JD_11423714,2021-02-28,631,10,600,20,3,0,0
JD_11423713,2021-02-28,2,2,0,0,0,0,0
JD_11423712,2021-02-28,3,3,0,0,0,0,0
JD_11423711,2021-02-28,7,3,5,0,0,0,0
JD_11423710,2021-02-28,2,2,0,0,0,0,0
JD_11423709,2021-02-28,3,3,2,0,0,0,0
JD_11423708,2021-02-28,13,2,11,0,1,0,0
JD_11423707,2021-02-28,6,3,4,0,0,0,0
JD_11423706,2021-02-28,6,5,2,0,0,0,0
JD_11423705,2021-02-28,2,1,1,0,0,0,0
JD_11423704,2021-02-28,4,3,1,0,0,0,0
JD_11423703,2021-02-28,5,4,3,0,0,0,0
JD_11423702,2021-02-28,4,1,3,0,1,0,0
JD_11423701,2021-02-28,3,1,2,0,0,0,0
JD_11423700,2021-02-28,3,2,0,1,0,0,0
JD_11423699,2021-02-28,3,2,2,0,0,0,0
JD_11423698,2021-02-28,3,2,2,0,0,0,0
JD_11423697,2021-02-28,4,2,3,0,0,0,0
JD_11423696,2021-02-28,2,2,0,0,0,0,0
JD_11423693,2021-02-28,7,0,5,2,0,0,0
JD_11423692,2021-02-28,1838,1470,875,6,0,0,2
JD_11423691,2021-02-28,191,0,183,7,1,0,0
JD_11423690,2021-02-28,457,0,431,21,5,0,0
JD_11423689,2021-02-28,60,16,48,3,0,0,1
JD_11423688,2021-02-28,21,11,15,0,0,0,0
JD_11423687,2021-02-28,4,3,1,0,0,0,0
JD_11423686,2021-02-28,127,77,100,1,0,0,0
JD_11423685,2021-02-28,642,18,617,13,3,0,0
JD_11423683,2021-02-28,30,2,30,0,0,0,0
JD_11423682,2021-02-28,25,3,24,0,0,0,0
JD_11423681,2021-02-28,282,10,275,5,0,0,0
JD_11423677,2021-02-28,460,112,429,4,2,0,0
JD_11423676,2021-02-28,5,3,4,0,0,0,0
JD_11423675,2021-02-28,22,4,22,0,0,0,0
JD_11423674,2021-02-28,1,1,1,0,0,0,0
JD_11423673,2021-02-28,328,0,321,7,0,0,0
JD_11423672,2021-02-28,725,500,509,3,1,4,3
JD_11423671,2021-02-28,43,13,40,0,0,0,0
JD_11423670,2021-02-28,48,5,45,1,2,0,1
JD_11423669,2021-02-28,59,8,56,1,1,0,0
JD_11423668,2021-02-28,22,8,20,0,0,0,0
JD_11423667,2021-02-28,49,8,44,1,1,0,0
JD_11423666,2021-02-28,306,70,301,3,2,0,1
JD_11423665,2021-02-28,28237,15300,26458,274,136,29,57
JD_11423664,2021-02-28,64,3,61,2,1,0,0
JD_11423663,2021-02-28,871,28,859,5,7,0,1
JD_11423662,2021-02-28,300,115,288,4,2,0,0
JD_11423661,2021-02-28,4,0,3,1,0,0,0
JD_11423659,2021-02-28,23,18,21,1,0,0,0
JD_11423658,2021-02-28,198,1,194,1,3,0,0
JD_11423657,2021-02-28,258,0,253,4,1,0,0
JD_11423655,2021-02-28,23,1,22,0,0,0,0
JD_11423654,2021-02-28,45,41,9,0,0,0,0
JD_11423653,2021-02-28,69,61,22,0,0,0,0
JD_11423652,2021-02-28,0,0,0,0,0,0,0
JD_11423651,2021-02-28,109,71,58,2,2,0,2
JD_11423650,2021-02-28,11,4,9,0,0,0,0
JD_11423648,2021-02-28,7,7,7,0,0,0,0
JD_11423647,2021-02-28,5,2,5,0,0,0,0
JD_11423643,2021-02-28,80,61,26,0,0,0,0
JD_11423642,2021-02-28,9,9,5,0,0,0,0
JD_11423641,2021-02-28,26,20,8,0,0,0,0
JD_11423640,2021-02-28,13,9,9,0,0,0,0
JD_11423639,2021-02-28,4,3,4,0,0,0,0
JD_11423638,2021-02-28,9,6,4,0,0,0,0
