JD_12101069,2021-02-28,206,168,205,0,0,0,1
JD_12101068,2021-02-28,86,28,86,0,0,0,0
JD_12101067,2021-02-28,1597,1158,1508,5,1,1,2
JD_12101066,2021-02-28,1,1,1,0,0,0,0
JD_12101065,2021-02-28,3754,2989,2793,5,2,6,5
JD_12101064,2021-02-28,1,0,1,0,0,0,0
JD_12101063,2021-02-28,82,64,82,0,0,0,0
JD_12101062,2021-02-28,572,366,322,0,0,3,1
JD_12101061,2021-02-28,97,72,68,0,0,0,1
JD_12101059,2021-02-28,58,46,26,0,0,0,0
JD_12101058,2021-02-28,40,30,16,0,0,0,0
JD_12101057,2021-02-28,162,123,107,2,0,1,0
JD_12101056,2021-02-28,125,100,96,0,0,0,0
JD_12101055,2021-02-28,40,36,35,0,0,0,0
JD_12101054,2021-02-28,215,171,142,0,0,1,0
JD_12101053,2021-02-28,162,114,141,1,0,1,0
JD_12101052,2021-02-28,17,11,16,0,0,0,0
JD_12101051,2021-02-28,225,191,225,0,0,0,0
JD_12101050,2021-02-28,1487,1143,1089,4,0,1,2
JD_12101049,2021-02-28,226,159,226,0,0,0,0
JD_12101048,2021-02-28,3181,2487,2329,3,2,1,2
JD_12101046,2021-02-28,300,210,259,0,2,0,1
JD_12101044,2021-02-28,2649,2069,1789,5,3,4,1
JD_12101043,2021-02-28,73,60,73,0,0,0,0
JD_12101041,2021-02-28,13,10,9,0,0,0,0
JD_12101040,2021-02-28,1,0,1,0,0,0,0
JD_12101039,2021-02-28,152,136,46,0,0,0,0
JD_12101038,2021-02-28,69,56,63,0,0,0,0
JD_12101037,2021-02-28,20,17,9,0,0,0,0
JD_12101036,2021-02-28,1580,1227,1183,3,0,4,1
JD_12101035,2021-02-28,169,133,167,1,1,0,0
JD_12101034,2021-02-28,2011,1577,1417,1,0,2,2
JD_12101033,2021-02-28,1,1,0,0,0,0,0
JD_12101032,2021-02-28,3753,3000,3001,5,3,2,6
JD_12101031,2021-02-28,3824,3127,1945,4,4,9,7
JD_12101030,2021-02-28,4019,3207,3092,5,2,3,2
JD_12101029,2021-02-28,24,19,13,0,0,0,0
JD_12101028,2021-02-28,5,3,4,0,0,0,0
JD_12101027,2021-02-28,73,58,73,0,0,0,0
JD_12101025,2021-02-28,63,54,38,0,1,0,0
JD_12101023,2021-02-28,72,56,70,0,0,0,0
JD_12101021,2021-02-28,25,22,15,0,0,0,0
JD_12101020,2021-02-28,87,40,75,0,0,0,1
JD_12101019,2021-02-28,135,113,77,0,0,1,0
JD_12101017,2021-02-28,53,43,53,0,0,0,1
JD_12101016,2021-02-28,36,29,26,0,0,0,0
JD_12101015,2021-02-28,79,62,69,0,0,0,1
JD_12101014,2021-02-28,32,21,30,0,0,0,0
JD_12101013,2021-02-28,244,203,223,0,1,0,0
JD_12101012,2021-02-28,97,3,94,3,0,0,1
JD_12100718,2021-02-28,3517,2815,2239,5,4,0,8
JD_12100717,2021-02-28,8154,7060,1330,8,1,3,4
JD_12100716,2021-02-28,4,4,3,0,0,0,0
JD_12100715,2021-02-28,34,28,22,1,0,0,0
JD_12100714,2021-02-28,257,205,149,0,0,0,0
JD_12100713,2021-02-28,292,229,180,0,0,1,0
JD_12100712,2021-02-28,312,230,147,0,0,1,1
JD_12100711,2021-02-28,193,148,136,0,0,1,0
JD_12100710,2021-02-28,161,124,98,0,0,0,0
JD_12100709,2021-02-28,6,6,3,0,0,0,0
JD_12100708,2021-02-28,179,133,123,0,0,0,0
JD_12100707,2021-02-28,347,293,87,0,0,1,0
JD_12100706,2021-02-28,2,2,0,0,0,0,0
JD_12100705,2021-02-28,37,30,32,0,0,0,1
JD_12100704,2021-02-28,23,0,23,0,0,0,0
JD_12100703,2021-02-28,91,72,64,0,0,0,0
JD_12100702,2021-02-28,44,0,42,1,1,0,0
JD_12100701,2021-02-28,52,37,36,0,1,0,0
JD_12100700,2021-02-28,2,0,1,0,1,0,0
JD_12100697,2021-02-28,14,12,2,0,0,0,0
