JD_12595533,2021-02-28,551,479,72,0,0,1,0
JD_12595532,2021-02-28,11,10,1,0,0,0,0
JD_12595531,2021-02-28,63,55,8,0,0,0,1
JD_12595530,2021-02-28,37,34,3,0,0,0,0
JD_12595529,2021-02-28,7,4,3,0,0,0,0
JD_12595528,2021-02-28,62,51,10,1,0,0,0
JD_12595527,2021-02-28,22,19,3,0,0,0,0
JD_12595526,2021-02-28,43,39,4,0,0,0,0
JD_12595525,2021-02-28,78,72,6,0,0,0,0
JD_12595524,2021-02-28,19,16,3,0,0,0,0
JD_12595523,2021-02-28,8,5,3,0,0,0,0
JD_12595522,2021-02-28,199,164,34,1,0,0,1
JD_12595521,2021-02-28,9,6,3,0,0,0,1
JD_12595520,2021-02-28,776,628,147,1,0,0,0
JD_12595519,2021-02-28,8,7,1,0,0,0,0
JD_12595518,2021-02-28,207,172,35,0,0,1,0
JD_12595517,2021-02-28,10,9,1,0,0,0,0
JD_12595516,2021-02-28,122,103,19,0,0,0,1
JD_12595515,2021-02-28,53,47,6,0,0,0,0
JD_12595514,2021-02-28,15,13,1,0,1,0,0
JD_12595513,2021-02-28,105,83,22,0,0,0,0
JD_12595512,2021-02-28,35,31,4,0,0,0,0
JD_12595511,2021-02-28,2276,2015,261,0,0,6,2
JD_12595510,2021-02-28,18,15,3,0,0,0,0
JD_12595509,2021-02-28,86,79,7,0,0,0,0
JD_12595508,2021-02-28,60,54,6,0,0,0,0
JD_12595507,2021-02-28,391,312,78,1,0,0,1
JD_12595506,2021-02-28,539,459,80,0,0,1,2
JD_12595505,2021-02-28,283,236,47,0,0,0,0
JD_12595504,2021-02-28,518,408,110,0,0,1,2
JD_12595503,2021-02-28,8,7,1,0,0,0,0
JD_12595502,2021-02-28,131,98,33,0,0,0,0
JD_12595501,2021-02-28,5760,4783,972,4,1,6,6
JD_12595500,2021-02-28,311,221,90,0,0,0,2
JD_12595499,2021-02-28,114,94,20,0,0,0,0
JD_12595498,2021-02-28,7,5,2,0,0,0,0
JD_12595497,2021-02-28,6,5,1,0,0,0,0
JD_12595496,2021-02-28,251,180,71,0,0,0,2
JD_12595495,2021-02-28,21,18,3,0,0,0,0
JD_12595494,2021-02-28,15,15,0,0,0,0,0
JD_12595493,2021-02-28,1443,1206,236,0,1,0,5
JD_12595492,2021-02-28,9,9,0,0,0,0,0
JD_12595491,2021-02-28,499,414,84,0,1,0,1
JD_12595490,2021-02-28,242,211,30,0,1,0,0
JD_12595489,2021-02-28,2866,2403,462,1,0,3,4
JD_12595488,2021-02-28,27,24,3,0,0,0,1
JD_12595487,2021-02-28,2324,1954,367,2,1,2,4
JD_12595486,2021-02-28,10,8,2,0,0,0,0
JD_12595485,2021-02-28,606,545,61,0,0,3,0
JD_12595484,2021-02-28,3,2,1,0,0,0,0
JD_12595483,2021-02-28,2984,2545,434,4,1,3,6
JD_12595482,2021-02-28,69,63,6,0,0,0,0
JD_12595481,2021-02-28,118,94,23,1,0,0,0
JD_12595480,2021-02-28,189,159,30,0,0,0,0
JD_12595479,2021-02-28,86,76,10,0,0,0,0
JD_12595478,2021-02-28,56,47,9,0,0,0,0
JD_12595477,2021-02-28,254,213,41,0,0,1,0
JD_12595476,2021-02-28,17,17,0,0,0,0,0
JD_12595475,2021-02-28,134,121,13,0,0,0,1
JD_12595474,2021-02-28,1,1,0,0,0,0,0
JD_12595473,2021-02-28,54,49,5,0,0,0,0
JD_12595472,2021-02-28,196,151,45,0,0,1,0
JD_12595471,2021-02-28,53,36,17,0,0,0,1
JD_12595470,2021-02-28,76,67,9,0,0,0,0
JD_12595469,2021-02-28,152,135,17,0,0,0,0
JD_12595468,2021-02-28,11,9,2,0,0,0,0
JD_12595467,2021-02-28,62,50,12,0,0,0,0
JD_12595466,2021-02-28,911,779,128,2,2,0,2
JD_12595465,2021-02-28,0,0,0,0,0,0,0
JD_12595464,2021-02-28,53,45,8,0,0,0,0
