JD_11413075,2021-02-28,51,36,27,0,0,0,0
JD_11413073,2021-02-28,0,0,0,0,0,0,0
JD_11413072,2021-02-28,45,33,23,0,0,0,0
JD_11413071,2021-02-28,3,2,2,0,0,0,0
JD_11413070,2021-02-28,7,5,3,0,0,0,0
JD_11413069,2021-02-28,88,46,70,1,0,0,0
JD_11413068,2021-02-28,908,652,424,1,1,0,1
JD_11413066,2021-02-28,86,16,76,0,2,0,0
JD_11413064,2021-02-28,8,7,5,0,0,0,0
JD_11413063,2021-02-28,13,11,5,0,0,0,0
JD_11413062,2021-02-28,15,12,6,0,0,0,0
JD_11413061,2021-02-28,10,9,3,0,0,0,0
JD_11413060,2021-02-28,4,3,2,0,0,0,0
JD_11413059,2021-02-28,1,1,0,0,0,0,0
JD_11413058,2021-02-28,15,7,10,0,0,0,0
JD_11413057,2021-02-28,0,0,0,0,0,0,0
JD_11413056,2021-02-28,4,3,3,1,0,0,0
JD_11413055,2021-02-28,6,5,1,0,0,0,0
JD_11413054,2021-02-28,15,12,8,0,0,0,0
JD_11413053,2021-02-28,2,2,2,0,0,0,0
JD_11413051,2021-02-28,0,0,0,0,0,0,0
JD_11413050,2021-02-28,53,33,30,0,1,0,0
JD_11413048,2021-02-28,112,59,93,1,1,0,2
JD_11413047,2021-02-28,76,45,60,1,0,0,0
JD_11413045,2021-02-28,31,20,21,0,0,0,0
JD_11413044,2021-02-28,87,45,68,0,0,0,0
JD_11413043,2021-02-28,91,49,90,0,0,0,0
JD_11413042,2021-02-28,50,7,42,0,1,0,0
JD_11413041,2021-02-28,15,7,12,0,0,0,0
JD_11413040,2021-02-28,1,1,1,0,0,0,0
JD_11413039,2021-02-28,4,1,3,0,0,0,0
JD_11413038,2021-02-28,46,31,32,0,0,0,1
JD_11413037,2021-02-28,70,39,56,0,0,0,0
JD_11413035,2021-02-28,4,2,1,1,0,0,0
JD_11413033,2021-02-28,5,0,5,0,0,0,0
JD_11413031,2021-02-28,4,3,1,0,1,0,0
JD_11413030,2021-02-28,6,2,5,0,0,0,0
JD_11413029,2021-02-28,36,25,18,0,0,0,0
JD_11413028,2021-02-28,30,24,15,0,0,0,0
JD_11413026,2021-02-28,4,4,2,0,0,0,0
JD_11413025,2021-02-28,0,0,0,0,0,0,0
JD_11413019,2021-02-28,25,2,21,2,0,0,0
JD_11413016,2021-02-28,82,21,79,0,1,0,0
JD_11413015,2021-02-28,25,18,16,0,0,0,0
JD_11413013,2021-02-28,90,0,87,1,2,0,0
JD_11413012,2021-02-28,76,54,37,1,0,0,0
JD_11413011,2021-02-28,1,1,0,0,0,0,0
JD_11413009,2021-02-28,0,0,0,0,0,0,0
JD_11413008,2021-02-28,19,12,11,0,0,0,0
JD_11413007,2021-02-28,1,1,0,0,0,0,0
JD_11413006,2021-02-28,4,4,1,0,0,0,0
JD_11413005,2021-02-28,12,1,11,0,0,0,0
JD_11413004,2021-02-28,1,1,0,0,0,0,0
JD_11413003,2021-02-28,18,12,5,0,1,0,0
JD_11413002,2021-02-28,9,6,6,0,0,0,0
JD_11413000,2021-02-28,51,1,46,3,2,0,0
JD_11412999,2021-02-28,131,0,127,3,1,0,0
JD_11412998,2021-02-28,68,7,64,1,0,0,0
JD_11412993,2021-02-28,26,4,26,0,0,0,0
JD_11412991,2021-02-28,19,2,17,1,1,0,0
JD_11412990,2021-02-28,9,1,9,0,0,0,0
JD_11412989,2021-02-28,9,2,5,3,0,0,0
JD_11412988,2021-02-28,0,0,0,0,0,0,0
JD_11412985,2021-02-28,0,0,0,0,0,0,0
JD_11412984,2021-02-28,0,0,0,0,0,0,0
JD_11412983,2021-02-28,0,0,0,0,0,0,0
JD_11412972,2021-02-28,0,0,0,0,0,0,0
JD_11412960,2021-02-28,12,0,10,1,1,0,0
JD_11412956,2021-02-28,25,10,24,0,0,0,1
JD_11412955,2021-02-28,5,2,5,0,0,0,0
