JD_11335377,2021-02-28,0,0,0,0,0,0,0
JD_11335376,2021-02-28,0,0,0,0,0,0,0
JD_11335373,2021-02-28,467,321,360,0,0,0,0
JD_11335371,2021-02-28,0,0,0,0,0,0,0
JD_11335368,2021-02-28,15,9,11,0,0,0,0
JD_11335366,2021-02-28,2,1,1,0,0,0,0
JD_11335365,2021-02-28,1,0,1,0,0,0,0
JD_11335364,2021-02-28,0,0,0,0,0,0,0
JD_11335363,2021-02-28,27,18,12,1,0,0,0
JD_11335362,2021-02-28,6,1,5,0,0,0,0
JD_11335361,2021-02-28,4,0,3,1,0,0,0
JD_11335360,2021-02-28,35,23,20,0,0,0,0
JD_11335358,2021-02-28,1,1,0,0,0,0,0
JD_11335357,2021-02-28,2,1,1,0,0,0,0
JD_11335356,2021-02-28,0,0,0,0,0,0,0
JD_11335343,2021-02-28,28,23,18,0,0,0,0
JD_11335341,2021-02-28,136,99,136,0,0,0,0
JD_11335337,2021-02-28,0,0,0,0,0,0,0
JD_11335334,2021-02-28,25,1,25,0,0,0,0
JD_11335322,2021-02-28,1,1,1,0,0,0,0
JD_11335321,2021-02-28,2,1,2,0,0,0,0
JD_11335320,2021-02-28,1,1,1,0,0,0,0
JD_11335315,2021-02-28,0,0,0,0,0,0,0
JD_11335313,2021-02-28,5,3,4,0,0,0,0
JD_11335310,2021-02-28,0,0,0,0,0,0,0
JD_11335308,2021-02-28,379,293,262,0,0,1,0
JD_11335307,2021-02-28,1,1,1,0,0,0,0
JD_11335305,2021-02-28,2,0,2,0,0,0,0
JD_11335304,2021-02-28,30,11,28,1,0,0,0
JD_11335302,2021-02-28,0,0,0,0,0,0,0
JD_11335301,2021-02-28,164,23,148,3,3,0,0
JD_11335300,2021-02-28,27,19,22,1,0,0,0
JD_11335298,2021-02-28,0,0,0,0,0,0,0
JD_11335297,2021-02-28,0,0,0,0,0,0,0
JD_11335294,2021-02-28,0,0,0,0,0,0,0
JD_11335293,2021-02-28,0,0,0,0,0,0,0
JD_11335291,2021-02-28,16,11,14,0,0,0,0
JD_11335290,2021-02-28,17,4,17,0,0,0,0
JD_11335289,2021-02-28,7,7,1,0,0,0,0
JD_11335288,2021-02-28,1,1,0,0,0,0,0
JD_11335286,2021-02-28,9,4,5,1,0,0,0
JD_11335285,2021-02-28,3,1,3,0,0,0,0
JD_11335284,2021-02-28,1,1,1,0,0,0,0
JD_11335283,2021-02-28,1,1,0,0,0,0,0
JD_11335280,2021-02-28,38,28,13,0,0,0,0
JD_11335278,2021-02-28,127,98,82,0,0,0,1
JD_11335276,2021-02-28,25,15,21,0,0,0,0
JD_11335275,2021-02-28,4,2,4,0,0,0,0
JD_11335273,2021-02-28,55,17,54,1,0,0,0
JD_11335271,2021-02-28,5,2,2,1,0,0,0
JD_11335269,2021-02-28,0,0,0,0,0,0,0
JD_11335266,2021-02-28,0,0,0,0,0,0,0
JD_11335265,2021-02-28,0,0,0,0,0,0,0
JD_11335264,2021-02-28,1,0,1,0,0,0,0
JD_11335263,2021-02-28,1,0,1,0,0,0,0
JD_11335262,2021-02-28,0,0,0,0,0,0,0
JD_11335260,2021-02-28,0,0,0,0,0,0,0
JD_11335259,2021-02-28,0,0,0,0,0,0,0
JD_11335258,2021-02-28,0,0,0,0,0,0,0
JD_11335257,2021-02-28,3,2,2,0,0,0,0
JD_11335256,2021-02-28,2,1,2,0,0,0,0
JD_11335255,2021-02-28,5,3,2,0,0,0,0
JD_11335254,2021-02-28,0,0,0,0,0,0,0
JD_11335252,2021-02-28,2,0,2,0,0,0,0
JD_11335251,2021-02-28,0,0,0,0,0,0,0
JD_11335250,2021-02-28,9,8,8,0,0,0,0
JD_11335249,2021-02-28,10,8,9,0,0,0,0
JD_11335244,2021-02-28,0,0,0,0,0,0,0
JD_11335243,2021-02-28,2,0,2,0,0,0,0
JD_11335242,2021-02-28,0,0,0,0,0,0,0
