JD_11445599,2021-02-28,6,0,6,0,0,0,0
JD_11445598,2021-02-28,30,9,23,0,0,0,0
JD_11445597,2021-02-28,20138,16944,5001,18,8,13,14
JD_11445595,2021-02-28,758,408,741,5,2,0,2
JD_11445594,2021-02-28,40,0,38,2,0,0,0
JD_11445593,2021-02-28,3,0,2,1,0,0,0
JD_11445592,2021-02-28,7,7,4,0,0,0,0
JD_11445591,2021-02-28,6,2,6,0,0,0,0
JD_11445590,2021-02-28,6,4,2,0,0,0,0
JD_11445585,2021-02-28,6,3,3,0,0,0,0
JD_11445584,2021-02-28,16,4,16,0,0,0,0
JD_11445581,2021-02-28,0,0,0,0,0,0,0
JD_11445580,2021-02-28,0,0,0,0,0,0,0
JD_11445579,2021-02-28,16,10,7,0,0,0,0
JD_11445578,2021-02-28,5,4,2,0,0,0,0
JD_11445577,2021-02-28,0,0,0,0,0,0,0
JD_11445576,2021-02-28,0,0,0,0,0,0,0
JD_11445574,2021-02-28,0,0,0,0,0,0,0
JD_11445569,2021-02-28,19,10,15,0,0,0,0
JD_11445563,2021-02-28,1194,778,771,12,5,1,4
JD_11445559,2021-02-28,1,1,1,0,0,0,0
JD_11445557,2021-02-28,47,31,35,0,0,0,0
JD_11445556,2021-02-28,3,1,3,0,0,0,0
JD_11445555,2021-02-28,17,5,17,0,0,0,0
JD_11445554,2021-02-28,0,0,0,0,0,0,0
JD_11445553,2021-02-28,2,0,2,0,0,0,0
JD_11445551,2021-02-28,12,7,7,0,0,0,0
JD_11445548,2021-02-28,13,2,13,0,0,0,0
JD_11445544,2021-02-28,2,1,2,0,0,0,0
JD_11445542,2021-02-28,3834,1846,3807,22,5,4,13
JD_11445541,2021-02-28,1,0,1,0,0,0,0
JD_11445538,2021-02-28,41,0,39,1,1,0,0
JD_11445533,2021-02-28,15,0,15,0,0,0,0
JD_11445523,2021-02-28,19,0,19,0,0,0,0
JD_11445522,2021-02-28,294,192,243,3,0,0,0
JD_11445521,2021-02-28,1076,266,1000,22,9,0,1
JD_11445520,2021-02-28,88,43,57,0,0,0,0
JD_11445519,2021-02-28,20,0,18,2,0,0,0
JD_11445518,2021-02-28,1502,375,1396,24,10,0,2
JD_11445517,2021-02-28,3,3,0,0,0,0,0
JD_11445514,2021-02-28,436,306,428,5,3,0,0
JD_11445513,2021-02-28,8,4,5,0,0,0,0
JD_11445509,2021-02-28,0,0,0,0,0,0,0
JD_11445508,2021-02-28,0,0,0,0,0,0,0
JD_11445507,2021-02-28,0,0,0,0,0,0,0
JD_11445505,2021-02-28,25,0,23,2,0,0,0
JD_11445504,2021-02-28,0,0,0,0,0,0,0
JD_11445503,2021-02-28,7,0,7,0,0,0,0
JD_11445501,2021-02-28,5,0,5,0,0,0,0
JD_11445499,2021-02-28,18,3,17,1,0,0,0
JD_11445498,2021-02-28,5,1,5,0,0,0,0
JD_11445497,2021-02-28,6,3,6,0,0,0,0
JD_11445496,2021-02-28,228,143,156,0,0,0,0
JD_11445492,2021-02-28,10,0,9,0,1,0,0
JD_11445491,2021-02-28,145,112,60,0,0,0,0
JD_11445428,2021-02-28,8,3,7,0,0,0,0
JD_11445427,2021-02-28,163,112,110,1,1,0,0
JD_11445426,2021-02-28,207,131,143,0,0,0,1
JD_11445417,2021-02-28,129,0,123,2,4,0,0
JD_11445415,2021-02-28,126,79,94,0,0,0,0
JD_11445412,2021-02-28,257,170,195,0,0,4,1
JD_11445410,2021-02-28,143,45,116,4,0,0,3
JD_11445409,2021-02-28,120,64,111,0,0,0,0
JD_11445408,2021-02-28,698,142,651,10,3,2,9
JD_11445407,2021-02-28,655,121,594,11,3,0,3
JD_11445406,2021-02-28,667,119,623,14,2,0,7
JD_11445405,2021-02-28,1,1,1,0,0,0,0
JD_11445404,2021-02-28,9,2,7,0,1,0,0
JD_11445403,2021-02-28,2,2,0,0,0,0,0
JD_11445402,2021-02-28,2,0,2,0,0,0,0
