JD_12046230,2021-02-28,10,6,10,0,0,0,1
JD_12046229,2021-02-28,948,790,246,2,0,0,0
JD_12046228,2021-02-28,0,0,0,0,0,0,0
JD_12046227,2021-02-28,0,0,0,0,0,0,0
JD_12046226,2021-02-28,12,6,9,0,1,0,0
JD_12046225,2021-02-28,114,82,96,0,0,0,0
JD_12046224,2021-02-28,23,10,20,0,0,0,0
JD_12046223,2021-02-28,13,10,8,0,0,0,0
JD_12046222,2021-02-28,9,6,6,1,0,0,0
JD_12046221,2021-02-28,44,24,43,0,0,0,1
JD_12046220,2021-02-28,71,53,47,0,0,0,0
JD_12046219,2021-02-28,246,214,158,1,0,0,2
JD_12046218,2021-02-28,2320,1960,1106,2,5,2,2
JD_12046217,2021-02-28,69,23,68,0,0,0,0
JD_12046216,2021-02-28,17,7,13,0,0,0,0
JD_12046215,2021-02-28,3,3,0,0,0,0,0
JD_12046214,2021-02-28,0,0,0,0,0,0,0
JD_12046213,2021-02-28,226,167,159,0,0,0,2
JD_12046211,2021-02-28,132,101,107,0,0,0,1
JD_12046210,2021-02-28,8,4,6,0,0,0,0
JD_12046208,2021-02-28,968,339,950,10,3,0,5
JD_12046207,2021-02-28,65,39,61,0,0,0,1
JD_12046206,2021-02-28,9,0,9,0,0,0,0
JD_12046205,2021-02-28,324,276,216,0,1,1,0
JD_12046204,2021-02-28,0,0,0,0,0,0,0
JD_12046203,2021-02-28,247,194,123,0,1,0,0
JD_12046202,2021-02-28,8,0,8,0,0,0,0
JD_12046201,2021-02-28,20,13,15,1,0,0,0
JD_12046200,2021-02-28,24,0,24,0,0,0,0
JD_12046199,2021-02-28,91,43,73,0,1,0,1
JD_12046198,2021-02-28,9,0,9,0,0,0,0
JD_12046197,2021-02-28,984,847,697,2,1,0,3
JD_12046196,2021-02-28,24,0,24,0,0,0,0
JD_12046195,2021-02-28,829,611,675,0,0,1,2
JD_12046194,2021-02-28,47,1,47,0,0,0,0
JD_12046193,2021-02-28,44,23,34,0,0,0,1
JD_12046192,2021-02-28,97,0,97,0,0,0,0
JD_12046191,2021-02-28,158,139,60,1,0,0,0
JD_12046190,2021-02-28,21,0,21,0,0,0,0
JD_12046110,2021-02-28,0,0,0,0,0,0,0
JD_12046109,2021-02-28,462,195,428,3,0,0,2
JD_12046108,2021-02-28,33,24,21,0,0,0,0
JD_12046107,2021-02-28,4,3,2,0,0,0,0
JD_12046106,2021-02-28,331,70,327,3,1,1,1
JD_12046105,2021-02-28,23,8,23,0,0,0,0
JD_12046104,2021-02-28,9,0,8,1,0,0,0
JD_12046103,2021-02-28,4,4,2,0,0,0,0
JD_12046102,2021-02-28,45,31,21,2,0,0,0
JD_12046101,2021-02-28,30,20,23,0,0,0,1
JD_12046100,2021-02-28,86,55,47,0,0,1,0
JD_12046099,2021-02-28,5,4,1,0,0,0,0
JD_12046097,2021-02-28,53,43,36,0,0,0,0
JD_12046096,2021-02-28,1670,727,1374,8,0,0,16
JD_12046095,2021-02-28,164,136,94,0,0,0,0
JD_12046094,2021-02-28,436,337,254,2,1,0,0
JD_12046093,2021-02-28,69,46,53,0,0,0,0
JD_12046092,2021-02-28,1,0,1,0,0,0,0
JD_12046090,2021-02-28,2452,1887,2186,3,0,1,10
JD_12046089,2021-02-28,4,4,4,0,0,0,0
JD_12046088,2021-02-28,2435,1849,2384,5,0,1,11
JD_12046087,2021-02-28,2,1,2,0,0,0,0
JD_12046086,2021-02-28,5,3,4,0,0,0,0
JD_12046085,2021-02-28,8,3,8,0,0,0,0
JD_12046084,2021-02-28,0,0,0,0,0,0,0
JD_12046083,2021-02-28,0,0,0,0,0,0,0
JD_12046082,2021-02-28,2,1,2,0,0,0,0
JD_12046081,2021-02-28,2,2,1,0,0,0,0
JD_12046079,2021-02-28,2,2,0,0,0,0,0
JD_12046078,2021-02-28,0,0,0,0,0,0,0
JD_12046077,2021-02-28,1,0,1,0,0,0,0
