JD_12336062,2021-02-28,917,786,494,0,0,3,0
JD_12336061,2021-02-28,1,1,1,0,0,0,0
JD_12336060,2021-02-28,881,716,610,0,0,0,3
JD_12336059,2021-02-28,735,572,385,1,1,3,2
JD_12336058,2021-02-28,396,321,342,0,1,2,0
JD_12336057,2021-02-28,49,42,28,0,0,0,0
JD_12336056,2021-02-28,329,294,40,1,1,0,0
JD_12336055,2021-02-28,42,36,10,0,0,0,0
JD_12336054,2021-02-28,14,11,7,0,0,0,0
JD_12336053,2021-02-28,9,7,3,0,0,0,0
JD_12336052,2021-02-28,302,233,147,0,0,0,1
JD_12336051,2021-02-28,48,44,34,0,0,0,0
JD_12336050,2021-02-28,406,331,387,2,4,0,1
JD_12336049,2021-02-28,425,366,328,2,1,0,0
JD_12336048,2021-02-28,1583,1090,1273,2,2,4,1
JD_12336047,2021-02-28,10,5,10,0,0,0,0
JD_12336046,2021-02-28,12441,10016,5558,5,4,6,19
JD_12336045,2021-02-28,10,8,10,0,0,0,0
JD_12336044,2021-02-28,61,45,39,0,0,0,0
JD_12336043,2021-02-28,103,72,76,0,0,0,1
JD_12336042,2021-02-28,28,22,20,0,0,0,0
JD_12336041,2021-02-28,1,1,0,0,0,0,0
JD_12336040,2021-02-28,4966,4121,2328,4,9,1,4
JD_12336039,2021-02-28,6,4,2,0,0,0,0
JD_12336038,2021-02-28,17,12,5,0,0,0,0
JD_12336037,2021-02-28,2,2,2,0,0,0,0
JD_12336036,2021-02-28,0,0,0,0,0,0,0
JD_12336035,2021-02-28,103,82,44,0,0,0,1
JD_12336034,2021-02-28,7,7,3,0,0,0,0
JD_12336033,2021-02-28,96,70,57,0,0,0,0
JD_12336032,2021-02-28,7,7,4,0,0,0,0
JD_12336031,2021-02-28,85,53,50,1,0,0,0
JD_12336030,2021-02-28,6079,5109,4641,5,2,2,15
JD_12336029,2021-02-28,191,153,111,1,2,0,1
JD_12336028,2021-02-28,167,125,111,0,0,1,0
JD_12336027,2021-02-28,363,294,328,2,1,0,0
JD_12336026,2021-02-28,730,556,603,1,1,1,0
JD_12336025,2021-02-28,92,81,33,0,0,0,0
JD_12336024,2021-02-28,1282,1023,1155,0,0,3,2
JD_12336023,2021-02-28,124,98,91,0,0,0,0
JD_12336022,2021-02-28,45,34,21,0,0,1,0
JD_12336021,2021-02-28,904,735,712,1,3,2,0
JD_12336020,2021-02-28,1,0,1,0,0,0,0
JD_12336019,2021-02-28,1349,1084,762,1,0,3,3
JD_12336018,2021-02-28,7521,6388,2390,6,6,8,10
JD_12336017,2021-02-28,3,3,0,0,0,0,0
JD_12336016,2021-02-28,10564,8493,4366,1,1,43,22
JD_12336015,2021-02-28,548,447,505,2,1,1,0
JD_12336014,2021-02-28,122,87,73,0,0,0,1
JD_12336013,2021-02-28,20,14,12,0,1,0,1
JD_12336012,2021-02-28,148,119,86,1,0,0,0
JD_12336011,2021-02-28,207,162,134,1,0,0,1
JD_12335933,2021-02-28,1,1,0,0,0,0,0
JD_12335932,2021-02-28,123,103,102,1,0,0,0
JD_12335931,2021-02-28,124,98,43,2,0,0,0
JD_12335930,2021-02-28,5643,4511,4372,3,2,2,12
JD_12335929,2021-02-28,203,170,55,0,0,0,0
JD_12335928,2021-02-28,5490,4487,4116,3,5,3,11
JD_12335927,2021-02-28,101,76,42,0,0,0,0
JD_12335925,2021-02-28,147,125,52,0,0,0,1
JD_12335923,2021-02-28,0,0,0,0,0,0,0
JD_12335921,2021-02-28,1,1,1,0,0,0,0
JD_12335920,2021-02-28,7294,6000,4999,6,6,12,13
JD_12335919,2021-02-28,10,9,3,0,0,0,0
JD_12335918,2021-02-28,4292,3727,3723,6,3,2,9
JD_12335917,2021-02-28,63,55,31,0,0,0,0
JD_12335916,2021-02-28,2677,2257,1022,1,1,6,2
JD_12335915,2021-02-28,167,142,114,0,0,1,0
JD_12335913,2021-02-28,174,140,62,0,0,0,1
JD_12335912,2021-02-28,221,171,98,0,0,2,0
