JD_11369921,2021-02-28,22,12,19,0,0,0,0
JD_11369919,2021-02-28,122,92,62,0,0,0,0
JD_11369918,2021-02-28,5,4,2,0,0,0,0
JD_11369917,2021-02-28,105,82,32,1,0,0,0
JD_11369915,2021-02-28,559,317,383,9,3,0,1
JD_11369914,2021-02-28,99,9,98,1,0,0,0
JD_11369910,2021-02-28,15,3,15,0,0,0,0
JD_11369909,2021-02-28,101,52,76,1,1,0,0
JD_11369908,2021-02-28,51,3,50,1,0,0,0
JD_11369907,2021-02-28,25,0,25,0,0,0,0
JD_11369906,2021-02-28,23,1,22,0,1,0,0
JD_11369905,2021-02-28,69,5,68,1,0,0,0
JD_11369904,2021-02-28,18,2,18,0,0,0,0
JD_11369903,2021-02-28,11,3,9,2,0,0,0
JD_11369902,2021-02-28,16,4,14,2,0,0,1
JD_11369901,2021-02-28,27,9,26,1,0,0,0
JD_11369900,2021-02-28,16,3,16,0,0,0,0
JD_11369899,2021-02-28,46,3,45,1,0,0,0
JD_11369898,2021-02-28,35,7,31,3,1,0,0
JD_11369897,2021-02-28,32,3,30,1,1,0,0
JD_11369892,2021-02-28,9,5,6,0,0,0,0
JD_11369891,2021-02-28,11,5,7,0,0,0,0
JD_11369890,2021-02-28,11,5,7,0,0,0,0
JD_11369889,2021-02-28,6,4,2,0,0,0,0
JD_11369888,2021-02-28,16,8,9,0,0,0,0
JD_11369887,2021-02-28,11,4,8,0,0,0,1
JD_11369886,2021-02-28,8,3,5,0,0,0,0
JD_11369885,2021-02-28,10,6,5,0,0,0,0
JD_11369884,2021-02-28,11,6,7,0,0,0,0
JD_11369883,2021-02-28,15,8,13,0,0,0,0
JD_11369882,2021-02-28,23,13,17,0,0,0,0
JD_11369881,2021-02-28,8,5,5,0,0,0,0
JD_11369880,2021-02-28,4,4,1,0,0,0,0
JD_11369879,2021-02-28,11,6,6,0,0,0,0
JD_11369878,2021-02-28,18,10,14,0,0,0,0
JD_11369877,2021-02-28,4,3,1,0,0,0,0
JD_11369876,2021-02-28,4,3,1,0,0,0,0
JD_11369875,2021-02-28,1424,8,1367,39,13,0,0
JD_11369869,2021-02-28,4,2,2,0,0,0,0
JD_11369868,2021-02-28,15,2,15,0,0,0,0
JD_11369865,2021-02-28,5743,275,5425,114,43,1,0
JD_11369864,2021-02-28,2,2,1,0,0,0,0
JD_11369863,2021-02-28,7,2,7,0,0,0,0
JD_11369862,2021-02-28,12,1,11,0,0,0,0
JD_11369861,2021-02-28,3,0,2,0,1,0,0
JD_11369860,2021-02-28,0,0,0,0,0,0,0
JD_11369859,2021-02-28,48,9,44,3,1,0,1
JD_11369858,2021-02-28,10,0,9,1,0,0,0
JD_11369857,2021-02-28,15,11,10,0,0,0,0
JD_11369856,2021-02-28,14,10,12,0,0,0,0
JD_11369854,2021-02-28,40,15,33,0,0,0,0
JD_11369853,2021-02-28,742,0,722,14,6,0,0
JD_11369852,2021-02-28,12,4,12,0,0,0,0
JD_11369851,2021-02-28,162,38,157,2,0,0,0
JD_11369850,2021-02-28,110,0,102,6,2,0,1
JD_11369849,2021-02-28,107,5,105,2,0,0,0
JD_11369848,2021-02-28,240,0,227,11,2,0,0
JD_11369847,2021-02-28,1,0,1,0,0,0,0
JD_11369844,2021-02-28,25,5,23,1,0,0,0
JD_11369843,2021-02-28,47,0,43,4,0,0,0
JD_11369838,2021-02-28,35,16,24,0,0,0,0
JD_11369837,2021-02-28,14,8,12,0,1,0,1
JD_11369836,2021-02-28,14,5,14,0,0,0,0
JD_11369835,2021-02-28,10,8,5,0,0,0,0
JD_11369834,2021-02-28,0,0,0,0,0,0,0
JD_11369833,2021-02-28,7,5,3,0,0,0,0
JD_11369832,2021-02-28,10,4,8,0,0,0,0
JD_11369831,2021-02-28,75,43,56,1,0,0,0
JD_11369830,2021-02-28,85,49,60,2,0,0,1
JD_11369829,2021-02-28,9,5,6,0,0,0,0
