JD_12665815,2021-02-28,10,8,2,0,0,0,0
JD_12665814,2021-02-28,29,21,8,0,0,0,1
JD_12665813,2021-02-28,19,17,2,0,0,0,0
JD_12665811,2021-02-28,23,20,3,0,0,0,0
JD_12665810,2021-02-28,2405,2100,299,5,1,8,0
JD_12665809,2021-02-28,3480,2972,504,2,2,2,6
JD_12665808,2021-02-28,627,553,74,0,0,0,4
JD_12665807,2021-02-28,1068,907,161,0,0,1,2
JD_12665806,2021-02-28,32,25,7,0,0,0,0
JD_12665805,2021-02-28,4,3,1,0,0,0,0
JD_12665804,2021-02-28,7,6,1,0,0,0,0
JD_12665803,2021-02-28,22,18,4,0,0,0,0
JD_12665802,2021-02-28,13,11,2,0,0,0,0
JD_12665801,2021-02-28,69,62,7,0,0,0,0
JD_12665800,2021-02-28,377,322,55,0,0,0,1
JD_12665799,2021-02-28,0,0,0,0,0,0,0
JD_12665798,2021-02-28,467,414,53,0,0,0,0
JD_12665797,2021-02-28,533,392,141,0,0,0,1
JD_12665796,2021-02-28,42,37,5,0,0,0,1
JD_12665795,2021-02-28,0,0,0,0,0,0,0
JD_12665794,2021-02-28,6,5,1,0,0,0,0
JD_12665793,2021-02-28,782,591,189,2,0,1,1
JD_12665792,2021-02-28,438,381,57,0,0,0,0
JD_12665791,2021-02-28,1646,1496,145,2,3,0,0
JD_12665790,2021-02-28,9,9,0,0,0,0,0
JD_12665789,2021-02-28,837,725,112,0,0,0,0
JD_12665788,2021-02-28,15,13,2,0,0,0,0
JD_12665787,2021-02-28,18,16,2,0,0,0,0
JD_12665786,2021-02-28,13,12,1,0,0,0,0
JD_12665785,2021-02-28,103,92,11,0,0,0,0
JD_12665784,2021-02-28,13,11,2,0,0,0,0
JD_12665783,2021-02-28,91,81,10,0,0,0,0
JD_12665782,2021-02-28,17,11,6,0,0,0,0
JD_12665781,2021-02-28,0,0,0,0,0,0,0
JD_12665780,2021-02-28,0,0,0,0,0,0,0
JD_12665779,2021-02-28,289,254,35,0,0,0,0
JD_12665778,2021-02-28,13,8,5,0,0,0,0
JD_12665777,2021-02-28,9,8,1,0,0,0,0
JD_12665776,2021-02-28,19,18,1,0,0,0,0
JD_12665775,2021-02-28,29,26,3,0,0,0,0
JD_12665774,2021-02-28,11,9,2,0,0,0,0
JD_12665773,2021-02-28,11,10,1,0,0,0,0
JD_12665772,2021-02-28,18,15,3,0,0,0,0
JD_12665771,2021-02-28,51,45,6,0,0,0,0
JD_12665770,2021-02-28,22,20,2,0,0,0,0
JD_12665769,2021-02-28,40,37,3,0,0,0,0
JD_12665768,2021-02-28,14,13,1,0,0,0,0
JD_12665766,2021-02-28,7,7,0,0,0,0,0
JD_12665765,2021-02-28,57,51,5,0,1,0,0
JD_12665764,2021-02-28,14,12,2,0,0,0,0
JD_12665763,2021-02-28,985,837,141,6,1,6,10
JD_12665762,2021-02-28,175,131,44,0,0,0,0
JD_12664553,2021-02-28,532,466,66,0,0,1,0
JD_12664552,2021-02-28,7,7,0,0,0,0,0
JD_12664551,2021-02-28,145,120,25,0,0,1,1
JD_12664550,2021-02-28,43,36,7,0,0,0,1
JD_12664549,2021-02-28,43,39,4,0,0,0,0
JD_12664548,2021-02-28,170,135,35,0,0,0,0
JD_12664547,2021-02-28,30,26,4,0,0,0,0
JD_12664546,2021-02-28,21,18,3,0,0,0,0
JD_12664545,2021-02-28,25,22,3,0,0,0,0
JD_12664544,2021-02-28,22,17,5,0,0,0,0
JD_12664543,2021-02-28,89,73,16,0,0,0,0
JD_12664542,2021-02-28,194,118,73,3,0,0,4
JD_12664541,2021-02-28,19,17,2,0,0,0,0
JD_12664540,2021-02-28,86,71,15,0,0,0,1
JD_12664539,2021-02-28,10,9,1,0,0,0,0
JD_12664538,2021-02-28,10,10,0,0,0,0,0
JD_12664026,2021-02-28,18,10,8,0,0,0,0
JD_12664025,2021-02-28,0,0,0,0,0,0,0
