JD_12496157,2021-02-28,301,244,56,0,1,2,0
JD_12496156,2021-02-28,11,9,4,0,0,0,0
JD_12496155,2021-02-28,19,16,2,1,0,0,0
JD_12496154,2021-02-28,10,8,2,0,0,0,0
JD_12496153,2021-02-28,14,11,3,0,0,0,0
JD_12496152,2021-02-28,52,44,25,0,0,0,1
JD_12496151,2021-02-28,846,692,147,7,0,0,1
JD_12496150,2021-02-28,17,12,6,0,0,0,0
JD_12496149,2021-02-28,3,3,0,0,0,0,0
JD_12496148,2021-02-28,40,35,7,0,0,0,0
JD_12496147,2021-02-28,339,255,83,1,0,1,1
JD_12496146,2021-02-28,17,13,12,0,0,0,0
JD_12496145,2021-02-28,24,21,3,0,0,0,0
JD_12496144,2021-02-28,18,14,13,0,0,0,0
JD_12496143,2021-02-28,1,0,1,0,0,0,0
JD_12496142,2021-02-28,7,6,2,0,0,0,0
JD_12496141,2021-02-28,78,66,12,0,0,0,0
JD_12496140,2021-02-28,4,3,1,0,0,0,0
JD_12496139,2021-02-28,20,12,8,0,0,0,0
JD_12496138,2021-02-28,39,32,19,0,0,0,0
JD_12496137,2021-02-28,2,2,0,0,0,0,0
JD_12496136,2021-02-28,24,20,4,0,0,0,0
JD_12496135,2021-02-28,19,17,2,0,0,0,0
JD_12496134,2021-02-28,701,555,183,3,2,2,1
JD_12496133,2021-02-28,9,8,1,0,0,0,0
JD_12496132,2021-02-28,8,7,1,0,0,0,0
JD_12496131,2021-02-28,180,155,24,1,0,1,3
JD_12496130,2021-02-28,4,4,1,0,0,0,0
JD_12496129,2021-02-28,7,7,0,0,0,0,0
JD_12496128,2021-02-28,80,67,14,1,1,1,0
JD_12496127,2021-02-28,4908,3829,1062,13,4,5,19
JD_12496126,2021-02-28,61,52,18,0,0,0,0
JD_12496125,2021-02-28,1600,1332,266,2,0,2,3
JD_12496124,2021-02-28,31,27,8,1,0,0,0
JD_12496123,2021-02-28,186,155,31,0,0,0,0
JD_12496122,2021-02-28,709,609,124,1,2,0,1
JD_12496121,2021-02-28,3,3,0,0,0,0,0
JD_12496120,2021-02-28,502,422,92,0,0,0,1
JD_12496117,2021-02-28,9,6,3,0,0,0,0
JD_12496116,2021-02-28,0,0,0,0,0,0,0
JD_12496115,2021-02-28,514,423,90,0,1,0,1
JD_12496114,2021-02-28,1,1,0,0,0,0,0
JD_12496113,2021-02-28,0,0,0,0,0,0,0
JD_12496112,2021-02-28,5,4,1,0,0,0,0
JD_12496111,2021-02-28,0,0,0,0,0,0,0
JD_12496110,2021-02-28,1,1,0,0,0,0,0
JD_12496109,2021-02-28,16,13,3,0,0,0,0
JD_12496033,2021-02-28,401,307,92,0,2,2,0
JD_12496032,2021-02-28,26,21,11,0,0,0,0
JD_12496031,2021-02-28,713,622,90,1,0,3,1
JD_12496030,2021-02-28,62,55,16,0,0,0,0
JD_12496029,2021-02-28,0,0,0,0,0,0,0
JD_12496028,2021-02-28,148,123,54,0,0,0,0
JD_12496027,2021-02-28,109,92,17,0,0,0,0
JD_12496026,2021-02-28,35,27,14,0,0,0,0
JD_12496025,2021-02-28,68,57,11,0,0,0,0
JD_12496024,2021-02-28,86,71,31,0,0,0,1
JD_12496023,2021-02-28,13,9,4,0,0,1,0
JD_12496022,2021-02-28,16,14,2,0,0,0,0
JD_12496021,2021-02-28,5,5,0,0,0,0,0
JD_12496020,2021-02-28,19,16,3,0,0,0,0
JD_12496018,2021-02-28,5,5,0,0,0,0,0
JD_12496017,2021-02-28,414,341,73,0,0,3,0
JD_12496016,2021-02-28,10,7,4,0,0,0,0
JD_12496015,2021-02-28,43,33,9,1,0,0,0
JD_12496014,2021-02-28,18,11,9,0,0,0,0
JD_12496013,2021-02-28,307,228,77,1,1,0,0
JD_12496012,2021-02-28,20,16,6,0,0,0,0
JD_12496011,2021-02-28,84,65,18,1,0,0,0
JD_12496010,2021-02-28,7,6,1,0,0,0,0
