JD_12277012,2021-02-28,545,417,421,0,0,2,2
JD_12277010,2021-02-28,49,36,34,0,0,0,1
JD_12277009,2021-02-28,15,13,12,0,0,0,0
JD_12277007,2021-02-28,190,162,67,0,0,0,0
JD_12277006,2021-02-28,95,87,38,0,0,0,0
JD_12277005,2021-02-28,452,363,234,2,0,2,0
JD_12277004,2021-02-28,321,284,129,1,0,0,0
JD_12275388,2021-02-28,442,322,285,1,2,2,3
JD_12275387,2021-02-28,0,0,0,0,0,0,0
JD_12275386,2021-02-28,48,40,30,0,0,0,0
JD_12275385,2021-02-28,3,3,1,0,0,0,0
JD_12275384,2021-02-28,6710,5564,3692,4,7,5,14
JD_12275383,2021-02-28,0,0,0,0,0,0,0
JD_12275382,2021-02-28,119,94,64,1,0,0,0
JD_12275381,2021-02-28,1393,1193,209,3,1,0,0
JD_12275380,2021-02-28,364,269,275,0,1,0,1
JD_12275379,2021-02-28,0,0,0,0,0,0,0
JD_12275378,2021-02-28,4479,3580,3004,15,12,4,8
JD_12275377,2021-02-28,0,0,0,0,0,0,0
JD_12275376,2021-02-28,58,52,34,0,0,0,0
JD_12275375,2021-02-28,0,0,0,0,0,0,0
JD_12275374,2021-02-28,60,46,57,0,0,0,0
JD_12275373,2021-02-28,0,0,0,0,0,0,0
JD_12275372,2021-02-28,26,23,14,0,0,0,0
JD_12275370,2021-02-28,804,627,798,2,1,1,2
JD_12275369,2021-02-28,0,0,0,0,0,0,0
JD_12275368,2021-02-28,126,97,119,1,0,0,0
JD_12275367,2021-02-28,6,5,1,0,0,0,0
JD_12275366,2021-02-28,19,14,16,0,0,0,0
JD_12275365,2021-02-28,452,370,368,1,0,1,2
JD_12275364,2021-02-28,3,2,2,0,0,0,0
JD_12275363,2021-02-28,434,360,371,0,0,1,3
JD_12275362,2021-02-28,0,0,0,0,0,0,0
JD_12275361,2021-02-28,187,149,154,0,1,0,0
JD_12275360,2021-02-28,39,33,21,0,0,0,0
JD_12275359,2021-02-28,246,222,126,0,0,0,0
JD_12275358,2021-02-28,43,36,23,0,0,0,0
JD_12275357,2021-02-28,189,160,68,0,1,0,0
JD_12275356,2021-02-28,78,63,46,0,0,0,0
JD_12275355,2021-02-28,407,354,395,1,1,0,1
JD_12275354,2021-02-28,24,20,20,0,0,0,0
JD_12275353,2021-02-28,590,460,573,5,2,0,1
JD_12275352,2021-02-28,288,248,178,0,0,0,0
JD_12275351,2021-02-28,531,394,513,7,7,0,3
JD_12275350,2021-02-28,1,1,0,0,0,0,0
JD_12275349,2021-02-28,15,14,10,0,0,0,0
JD_12275348,2021-02-28,109,81,98,0,0,0,0
JD_12275347,2021-02-28,422,332,276,0,0,0,1
JD_12275346,2021-02-28,44,36,42,0,1,0,0
JD_12275345,2021-02-28,150,120,91,1,0,0,1
JD_12275344,2021-02-28,3,2,1,0,0,0,0
JD_12275343,2021-02-28,986,734,658,0,2,0,5
JD_12275341,2021-02-28,54,45,38,0,0,0,0
JD_12275340,2021-02-28,3,2,1,0,0,0,0
JD_12275339,2021-02-28,144,122,98,0,0,0,0
JD_12275338,2021-02-28,65,56,65,0,0,0,0
JD_12275337,2021-02-28,134,110,117,1,1,0,0
JD_12275335,2021-02-28,5092,3925,3770,2,4,8,13
JD_12275334,2021-02-28,84,74,70,0,0,0,0
JD_12275333,2021-02-28,796,657,447,1,1,1,2
JD_12275332,2021-02-28,217,182,215,1,0,0,0
JD_12275331,2021-02-28,5784,4999,1599,4,1,10,11
JD_12275330,2021-02-28,72,59,55,0,0,0,0
JD_12275329,2021-02-28,200,167,159,0,0,0,0
JD_12275328,2021-02-28,8,6,5,0,0,0,0
JD_12275327,2021-02-28,313,259,184,0,0,0,0
JD_12275326,2021-02-28,64,48,31,0,0,0,0
JD_12275325,2021-02-28,754,572,749,3,1,0,4
JD_12275324,2021-02-28,8,3,6,0,0,0,0
JD_12275323,2021-02-28,23,22,11,0,0,0,0
