JD_12106040,2021-02-28,1,0,1,0,0,0,0
JD_12106038,2021-02-28,56,33,38,0,0,0,0
JD_12106037,2021-02-28,2,1,1,0,0,0,0
JD_12106036,2021-02-28,19,0,19,0,0,0,0
JD_12106034,2021-02-28,3,0,3,0,0,0,0
JD_12106032,2021-02-28,7,0,6,1,0,0,0
JD_12106030,2021-02-28,4,0,4,0,0,0,0
JD_12106028,2021-02-28,13,7,13,0,0,0,0
JD_12106022,2021-02-28,22,14,20,0,0,0,0
JD_12106020,2021-02-28,14,8,14,0,0,0,0
JD_12106016,2021-02-28,4,0,3,1,0,0,0
JD_12106014,2021-02-28,14,11,14,0,0,0,0
JD_12106012,2021-02-28,6,0,6,0,0,0,0
JD_12106008,2021-02-28,17,9,17,0,0,0,0
JD_12106006,2021-02-28,3,0,3,0,0,0,0
JD_12106004,2021-02-28,22,0,22,0,0,0,0
JD_12106002,2021-02-28,54,36,54,0,0,0,1
JD_12105996,2021-02-28,0,0,0,0,0,0,0
JD_12105994,2021-02-28,7,4,7,0,0,0,0
JD_12105990,2021-02-28,23,18,17,0,0,0,0
JD_12105988,2021-02-28,29,0,29,0,0,0,0
JD_12105986,2021-02-28,54,0,53,1,0,0,0
JD_12105985,2021-02-28,0,0,0,0,0,0,0
JD_12105984,2021-02-28,7,0,7,0,0,0,0
JD_12105983,2021-02-28,1,0,1,0,0,0,0
JD_12105982,2021-02-28,48,23,48,0,0,0,2
JD_12105980,2021-02-28,72,0,72,0,0,0,2
JD_12105978,2021-02-28,50,0,50,0,0,0,0
JD_12105972,2021-02-28,4,1,3,0,0,0,0
JD_12105970,2021-02-28,18,11,17,0,0,0,0
JD_12105968,2021-02-28,49,19,49,0,0,0,0
JD_12105964,2021-02-28,22,3,22,0,0,0,0
JD_12105963,2021-02-28,0,0,0,0,0,0,0
JD_12105962,2021-02-28,31,5,31,0,0,0,1
JD_12105953,2021-02-28,0,0,0,0,0,0,0
JD_12105952,2021-02-28,43,33,42,0,1,0,0
JD_12105950,2021-02-28,0,0,0,0,0,0,0
JD_12105948,2021-02-28,11,0,11,0,0,0,0
JD_12105944,2021-02-28,28,0,28,0,0,0,0
JD_12105942,2021-02-28,147,103,116,0,0,0,0
JD_12105941,2021-02-28,2,2,0,0,0,0,0
JD_12105939,2021-02-28,3,2,1,0,0,0,0
JD_12105936,2021-02-28,8,0,8,0,0,0,0
JD_12105934,2021-02-28,39,24,38,0,1,0,0
JD_12105933,2021-02-28,3,3,1,0,0,0,0
JD_12105932,2021-02-28,38,34,13,0,0,0,0
JD_12105930,2021-02-28,94,77,70,0,1,0,0
JD_12105927,2021-02-28,2,1,1,0,0,0,0
JD_12105926,2021-02-28,0,0,0,0,0,0,0
JD_12105924,2021-02-28,0,0,0,0,0,0,0
JD_12105922,2021-02-28,13,8,12,0,0,0,0
JD_12105920,2021-02-28,5504,4334,2435,17,8,2,14
JD_12105918,2021-02-28,165,73,129,0,0,0,1
JD_12105916,2021-02-28,11,11,3,0,0,0,0
JD_12105915,2021-02-28,0,0,0,0,0,0,0
JD_12105914,2021-02-28,3,2,2,0,0,0,0
JD_12105913,2021-02-28,15,11,8,0,0,0,0
JD_12105912,2021-02-28,11,9,3,0,0,0,0
JD_12105911,2021-02-28,17,16,13,0,0,0,0
JD_12105910,2021-02-28,0,0,0,0,0,0,0
JD_12105909,2021-02-28,1,0,1,0,0,0,0
JD_12105908,2021-02-28,0,0,0,0,0,0,0
JD_12105906,2021-02-28,0,0,0,0,0,0,0
JD_12105905,2021-02-28,4,4,1,0,0,0,0
JD_12105904,2021-02-28,17,12,17,0,0,0,0
JD_12105902,2021-02-28,31,20,31,0,0,0,0
JD_12104819,2021-02-28,694,543,693,1,0,3,1
JD_12104817,2021-02-28,764,590,761,0,0,2,2
JD_12104815,2021-02-28,5567,4379,5549,11,7,9,14
JD_12104811,2021-02-28,5,5,4,0,0,0,0
