JD_11522781,2021-02-28,6,4,5,0,0,0,0
JD_11522780,2021-02-28,2,1,2,0,0,0,0
JD_11522779,2021-02-28,0,0,0,0,0,0,0
JD_11522778,2021-02-28,1,0,1,0,0,0,0
JD_11522777,2021-02-28,9,5,5,0,0,0,0
JD_11522776,2021-02-28,25,14,17,0,0,0,0
JD_11522775,2021-02-28,33,19,19,1,0,0,0
JD_11522774,2021-02-28,39,23,24,0,0,0,0
JD_11522772,2021-02-28,15,10,10,0,0,0,0
JD_11522771,2021-02-28,4,3,2,0,0,0,0
JD_11522770,2021-02-28,44,39,23,0,1,0,0
JD_11522769,2021-02-28,5,4,3,0,0,0,0
JD_11522768,2021-02-28,36,26,18,1,0,0,0
JD_11522767,2021-02-28,42,25,30,0,0,0,0
JD_11522766,2021-02-28,39,12,37,1,1,0,1
JD_11522765,2021-02-28,4,2,2,0,0,0,0
JD_11522764,2021-02-28,62,42,27,1,1,0,0
JD_11522763,2021-02-28,2,0,2,0,0,0,0
JD_11522762,2021-02-28,3,3,1,0,0,0,0
JD_11522761,2021-02-28,0,0,0,0,0,0,0
JD_11522760,2021-02-28,2,1,1,0,0,0,0
JD_11522759,2021-02-28,4,3,2,0,0,0,0
JD_11522758,2021-02-28,77,33,65,1,1,0,0
JD_11522757,2021-02-28,3,3,1,0,0,0,0
JD_11522756,2021-02-28,3,0,3,0,0,0,0
JD_11522755,2021-02-28,19,11,10,0,0,0,0
JD_11522754,2021-02-28,0,0,0,0,0,0,0
JD_11522753,2021-02-28,14,0,14,0,0,0,0
JD_11522752,2021-02-28,10,3,7,1,1,0,0
JD_11522750,2021-02-28,195,115,144,3,2,0,2
JD_11522749,2021-02-28,13,4,11,0,0,0,0
JD_11522748,2021-02-28,128,60,90,1,3,0,0
JD_11522747,2021-02-28,0,0,0,0,0,0,0
JD_11522746,2021-02-28,4,3,1,0,0,0,0
JD_11522744,2021-02-28,1,0,1,0,0,0,0
JD_11522743,2021-02-28,7,3,5,0,0,0,0
JD_11522742,2021-02-28,35,18,22,1,0,0,0
JD_11522741,2021-02-28,25,7,23,1,0,0,0
JD_11522740,2021-02-28,5,3,2,0,0,0,0
JD_11522739,2021-02-28,45,21,43,2,0,0,0
JD_11522738,2021-02-28,122,67,99,1,2,0,0
JD_11522737,2021-02-28,58,35,48,2,1,0,1
JD_11522736,2021-02-28,7,4,4,0,0,0,0
JD_11522734,2021-02-28,1,1,1,0,0,0,0
JD_11522733,2021-02-28,10,7,3,0,0,0,0
JD_11522732,2021-02-28,0,0,0,0,0,0,0
JD_11522730,2021-02-28,4,2,3,0,0,0,0
JD_11522729,2021-02-28,6,4,3,0,0,0,0
JD_11522727,2021-02-28,32,23,13,0,0,0,0
JD_11522726,2021-02-28,0,0,0,0,0,0,0
JD_11522725,2021-02-28,14,7,9,0,0,0,0
JD_11522724,2021-02-28,5,3,4,0,0,0,0
JD_11522722,2021-02-28,0,0,0,0,0,0,0
JD_11522721,2021-02-28,1,0,0,0,1,0,0
JD_11522720,2021-02-28,10,6,8,0,0,0,0
JD_11522719,2021-02-28,8,5,5,0,0,0,0
JD_11522718,2021-02-28,1,0,1,0,0,0,0
JD_11522717,2021-02-28,49,35,25,0,0,0,0
JD_11522716,2021-02-28,53,32,34,0,1,0,0
JD_11522715,2021-02-28,29,19,20,0,0,0,0
JD_11522714,2021-02-28,16,8,9,1,0,0,0
JD_11522713,2021-02-28,2,1,1,1,0,0,0
JD_11522711,2021-02-28,29,13,22,0,0,0,0
JD_11522710,2021-02-28,3,1,3,0,0,0,0
JD_11522707,2021-02-28,9,1,9,0,0,0,0
JD_11522706,2021-02-28,4,0,3,0,1,0,0
JD_11522704,2021-02-28,13,0,13,0,0,0,0
JD_11522703,2021-02-28,28,6,27,0,1,0,0
JD_11522702,2021-02-28,8,1,7,0,1,0,0
JD_11522701,2021-02-28,11,3,8,1,0,0,0
