JD_11501907,2021-02-28,55,33,51,0,0,0,0
JD_11501906,2021-02-28,23,11,19,0,1,0,1
JD_11501905,2021-02-28,176,0,172,2,2,0,0
JD_11501904,2021-02-28,358,154,284,6,1,1,2
JD_11501903,2021-02-28,9575,5498,7199,37,6,4,19
JD_11501902,2021-02-28,251,3,244,5,2,0,0
JD_11501901,2021-02-28,11173,7811,9465,27,20,8,23
JD_11501900,2021-02-28,193,3,184,4,2,0,0
JD_11501899,2021-02-28,185,76,180,4,0,0,1
JD_11501898,2021-02-28,617,261,482,10,0,3,5
JD_11501896,2021-02-28,49,30,34,1,0,0,0
JD_11501895,2021-02-28,90,55,68,0,0,0,0
JD_11501894,2021-02-28,57,11,55,0,0,0,1
JD_11501893,2021-02-28,64,37,51,0,1,1,0
JD_11501891,2021-02-28,3,1,3,0,0,0,0
JD_11501890,2021-02-28,116,0,111,4,1,0,0
JD_11501889,2021-02-28,57,24,37,0,0,0,0
JD_11501888,2021-02-28,179,96,109,0,0,0,1
JD_11501886,2021-02-28,112,0,106,5,1,0,0
JD_11501885,2021-02-28,113,0,107,5,1,0,0
JD_11501884,2021-02-28,111,0,110,0,1,0,0
JD_11501883,2021-02-28,147,0,140,6,1,0,0
JD_11501880,2021-02-28,25,10,21,0,1,0,0
JD_11501879,2021-02-28,19,8,14,0,0,0,0
JD_11501878,2021-02-28,13348,5143,11782,98,33,11,14
JD_11501876,2021-02-28,1610,361,1389,14,5,2,1
JD_11501875,2021-02-28,266,3,261,4,1,0,0
JD_11501874,2021-02-28,44,22,40,1,1,0,0
JD_11501873,2021-02-28,41,14,40,0,1,0,0
JD_11501872,2021-02-28,3556,404,3399,37,7,1,3
JD_11501871,2021-02-28,110,24,91,1,1,0,0
JD_11501870,2021-02-28,69,43,55,0,0,0,0
JD_11501869,2021-02-28,146,73,138,5,0,0,0
JD_11501868,2021-02-28,78,54,50,1,0,0,0
JD_11501866,2021-02-28,0,0,0,0,0,0,0
JD_11501865,2021-02-28,143,81,129,0,0,0,0
JD_11501864,2021-02-28,203,149,94,4,0,0,1
JD_11501863,2021-02-28,55,28,41,2,0,0,0
JD_11501862,2021-02-28,3211,2465,1734,25,7,1,4
JD_11501861,2021-02-28,7,3,5,1,0,0,0
JD_11501860,2021-02-28,31,14,28,1,0,0,0
JD_11501859,2021-02-28,24,15,13,0,0,0,1
JD_11501858,2021-02-28,7,4,4,0,0,0,0
JD_11501857,2021-02-28,0,0,0,0,0,0,0
JD_11501856,2021-02-28,5,4,4,0,0,0,0
JD_11501855,2021-02-28,0,0,0,0,0,0,0
JD_11501854,2021-02-28,8,5,5,0,0,0,0
JD_11501853,2021-02-28,7,6,3,0,0,0,0
JD_11501852,2021-02-28,5,4,3,0,0,0,0
JD_11501851,2021-02-28,2,0,1,1,0,0,0
JD_11501850,2021-02-28,7,5,4,0,1,0,0
JD_11501849,2021-02-28,0,0,0,0,0,0,0
JD_11501848,2021-02-28,0,0,0,0,0,0,0
JD_11501847,2021-02-28,0,0,0,0,0,0,0
JD_11501846,2021-02-28,1,1,0,0,0,0,0
JD_11501844,2021-02-28,33,14,27,1,0,0,0
JD_11501843,2021-02-28,34,14,29,0,0,0,0
JD_11501842,2021-02-28,17,13,10,0,0,0,0
JD_11501841,2021-02-28,3,2,1,0,0,0,0
JD_11501838,2021-02-28,9,1,9,0,0,0,0
JD_11501837,2021-02-28,8,0,6,0,2,0,0
JD_11501836,2021-02-28,179,41,174,4,1,0,0
JD_11501834,2021-02-28,171,5,167,0,4,0,0
JD_11501831,2021-02-28,10,9,8,0,0,0,0
JD_11501830,2021-02-28,0,0,0,0,0,0,0
JD_11501828,2021-02-28,50,14,47,1,1,0,0
JD_11501827,2021-02-28,105,1,100,2,3,0,0
JD_11501826,2021-02-28,15,1,14,1,0,0,0
JD_11501825,2021-02-28,13,1,13,0,0,0,0
JD_11501824,2021-02-28,3930,2651,2443,10,2,5,3
