JD_11924837,2021-02-28,7,5,5,0,0,0,0
JD_11924836,2021-02-28,0,0,0,0,0,0,0
JD_11924835,2021-02-28,617,79,579,7,2,0,2
JD_11924833,2021-02-28,54,38,26,0,0,0,0
JD_11924831,2021-02-28,37,24,23,0,0,0,0
JD_11924830,2021-02-28,0,0,0,0,0,0,0
JD_11924829,2021-02-28,11,7,6,0,0,0,0
JD_11924828,2021-02-28,2,2,0,0,0,0,0
JD_11924827,2021-02-28,217,135,179,2,1,0,2
JD_11924825,2021-02-28,2,0,2,0,0,0,0
JD_11924824,2021-02-28,0,0,0,0,0,0,0
JD_11924823,2021-02-28,24,17,15,0,0,0,0
JD_11924821,2021-02-28,3,2,2,0,0,0,1
JD_11924820,2021-02-28,8,6,6,0,0,0,0
JD_11924819,2021-02-28,6,6,2,0,0,0,0
JD_11924817,2021-02-28,26,14,13,1,0,0,0
JD_11924815,2021-02-28,71,52,45,0,0,0,0
JD_11924813,2021-02-28,292,6,284,3,0,0,0
JD_11924811,2021-02-28,311,207,251,1,0,0,0
JD_11924810,2021-02-28,3,3,0,0,0,0,0
JD_11924809,2021-02-28,25,20,15,0,0,0,0
JD_11924807,2021-02-28,23,15,16,0,0,0,0
JD_11924806,2021-02-28,0,0,0,0,0,0,0
JD_11924805,2021-02-28,13,9,7,0,0,0,0
JD_11924804,2021-02-28,0,0,0,0,0,0,0
JD_11924803,2021-02-28,36,22,35,0,0,0,0
JD_11924802,2021-02-28,0,0,0,0,0,0,0
JD_11924801,2021-02-28,9,5,4,0,0,0,0
JD_11924800,2021-02-28,2,2,1,0,0,0,0
JD_11924799,2021-02-28,42,27,25,0,0,0,0
JD_11924798,2021-02-28,0,0,0,0,0,0,0
JD_11924795,2021-02-28,301,220,217,2,1,0,1
JD_11924793,2021-02-28,71,56,53,0,0,0,0
JD_11924791,2021-02-28,15,1,15,0,0,0,0
JD_11924790,2021-02-28,2,1,2,0,0,0,0
JD_11924789,2021-02-28,3,1,3,0,0,0,0
JD_11924788,2021-02-28,0,0,0,0,0,0,0
JD_11924787,2021-02-28,35,32,22,0,0,0,0
JD_11924786,2021-02-28,0,0,0,0,0,0,0
JD_11924785,2021-02-28,89,41,77,3,4,0,1
JD_11924783,2021-02-28,322,178,289,0,1,0,3
JD_11924782,2021-02-28,2,2,2,0,0,0,0
JD_11924781,2021-02-28,634,543,324,1,0,0,1
JD_11924780,2021-02-28,0,0,0,0,0,0,0
JD_11924690,2021-02-28,0,0,0,0,0,0,0
JD_11924689,2021-02-28,9,6,6,0,0,0,0
JD_11924688,2021-02-28,2,2,2,0,0,0,0
JD_11924687,2021-02-28,0,0,0,0,0,0,0
JD_11924686,2021-02-28,0,0,0,0,0,0,0
JD_11924685,2021-02-28,0,0,0,0,0,0,0
JD_11924684,2021-02-28,2,2,2,0,0,0,0
JD_11924683,2021-02-28,2,1,2,0,0,0,0
JD_11924682,2021-02-28,1,1,1,0,0,0,0
JD_11924681,2021-02-28,120,95,36,0,0,0,0
JD_11924679,2021-02-28,507,429,151,1,1,0,0
JD_11924677,2021-02-28,13,9,10,1,0,0,0
JD_11924674,2021-02-28,0,0,0,0,0,0,0
JD_11924671,2021-02-28,7,6,4,0,0,0,0
JD_11924670,2021-02-28,0,0,0,0,0,0,0
JD_11924667,2021-02-28,20,14,19,0,0,0,0
JD_11924665,2021-02-28,17,12,16,0,0,0,0
JD_11924663,2021-02-28,1,0,1,0,0,0,0
JD_11924661,2021-02-28,12,4,11,0,0,0,0
JD_11924660,2021-02-28,0,0,0,0,0,0,0
JD_11924659,2021-02-28,574,416,387,1,1,0,0
JD_11924657,2021-02-28,11,8,3,0,0,0,0
JD_11924655,2021-02-28,17,13,17,0,0,0,0
JD_11924653,2021-02-28,230,93,225,3,1,0,1
JD_11924652,2021-02-28,0,0,0,0,0,0,0
JD_11924651,2021-02-28,83,0,75,5,3,0,0
