JD_11364689,2021-02-28,2,1,1,0,0,0,0
JD_11364687,2021-02-28,0,0,0,0,0,0,0
JD_11364683,2021-02-28,17,13,11,0,0,0,0
JD_11364679,2021-02-28,0,0,0,0,0,0,0
JD_11364678,2021-02-28,1,0,1,0,0,0,0
JD_11364674,2021-02-28,1,1,1,0,0,0,0
JD_11364673,2021-02-28,3480,2340,2176,10,2,5,10
JD_11364672,2021-02-28,38,1,36,2,0,0,0
JD_11364671,2021-02-28,225,0,221,4,0,0,0
JD_11364670,2021-02-28,260,97,222,1,2,0,0
JD_11364669,2021-02-28,348,11,345,2,1,0,0
JD_11364668,2021-02-28,62,32,42,0,2,0,0
JD_11364667,2021-02-28,2098,1256,1407,13,9,3,1
JD_11364666,2021-02-28,3383,2266,1712,21,10,4,5
JD_11364665,2021-02-28,100,12,99,1,0,0,0
JD_11364663,2021-02-28,56,18,48,0,0,0,0
JD_11364662,2021-02-28,3,0,3,0,0,0,0
JD_11364661,2021-02-28,322,0,312,7,3,0,0
JD_11364660,2021-02-28,156,37,144,3,0,0,0
JD_11364659,2021-02-28,55,32,47,0,0,0,0
JD_11364658,2021-02-28,727,350,674,13,4,0,1
JD_11364656,2021-02-28,0,0,0,0,0,0,0
JD_11364655,2021-02-28,2,1,1,0,0,0,0
JD_11364654,2021-02-28,122,71,92,2,0,0,0
JD_11364653,2021-02-28,24,16,11,0,0,0,0
JD_11364652,2021-02-28,7,0,6,1,0,0,0
JD_11364650,2021-02-28,4,4,2,0,0,0,0
JD_11364649,2021-02-28,0,0,0,0,0,0,0
JD_11364648,2021-02-28,613,166,590,11,12,0,1
JD_11364647,2021-02-28,141,34,138,1,2,0,0
JD_11364646,2021-02-28,148,0,143,3,2,0,0
JD_11364645,2021-02-28,133,24,126,3,2,1,0
JD_11364643,2021-02-28,51,38,21,0,1,0,0
JD_11364642,2021-02-28,6,3,4,0,0,0,0
JD_11364641,2021-02-28,25,4,25,0,0,1,0
JD_11364640,2021-02-28,103,26,81,1,0,0,0
JD_11364639,2021-02-28,1,1,0,0,0,0,0
JD_11364638,2021-02-28,1,1,0,0,0,0,0
JD_11364636,2021-02-28,34,23,24,0,1,0,0
JD_11364635,2021-02-28,41,32,24,0,1,0,0
JD_11364634,2021-02-28,190,10,188,2,0,0,0
JD_11364631,2021-02-28,80,47,45,0,0,0,0
JD_11364629,2021-02-28,53,34,33,0,0,0,0
JD_11364628,2021-02-28,1,1,0,0,0,0,0
JD_11364627,2021-02-28,3,1,2,0,0,0,0
JD_11364626,2021-02-28,2,1,1,0,0,0,0
JD_11364624,2021-02-28,1,1,1,0,0,0,0
JD_11364623,2021-02-28,0,0,0,0,0,0,0
JD_11364622,2021-02-28,1,1,1,0,0,0,0
JD_11364620,2021-02-28,0,0,0,0,0,0,0
JD_11364619,2021-02-28,9,7,5,0,0,0,0
JD_11364618,2021-02-28,4,2,3,0,0,0,0
JD_11364617,2021-02-28,5,2,5,0,0,0,0
JD_11364616,2021-02-28,6,3,6,0,0,0,0
JD_11364615,2021-02-28,155,1,138,10,6,0,1
JD_11364614,2021-02-28,8,7,4,1,0,0,0
JD_11364613,2021-02-28,465,116,450,5,2,0,1
JD_11364612,2021-02-28,20,6,17,0,0,0,0
JD_11364611,2021-02-28,0,0,0,0,0,0,0
JD_11364609,2021-02-28,1,1,0,0,0,0,0
JD_11364608,2021-02-28,3,3,0,0,0,0,0
JD_11364606,2021-02-28,28,14,18,0,0,0,0
JD_11364605,2021-02-28,4,3,3,0,0,0,0
JD_11364603,2021-02-28,5,0,5,0,0,0,0
JD_11364601,2021-02-28,0,0,0,0,0,0,0
JD_11364600,2021-02-28,70,46,42,0,0,0,0
JD_11364599,2021-02-28,7,4,4,0,0,0,0
JD_11364598,2021-02-28,14,1,12,1,0,0,0
JD_11364597,2021-02-28,43,37,16,0,0,0,0
JD_11364596,2021-02-28,41,31,23,1,0,0,0
