JD_11385606,2021-02-28,0,0,0,0,0,0,0
JD_11385605,2021-02-28,0,0,0,0,0,0,0
JD_11385604,2021-02-28,37,14,36,1,0,0,0
JD_11385603,2021-02-28,34,8,34,0,0,0,0
JD_11385602,2021-02-28,8,5,8,0,0,0,0
JD_11385601,2021-02-28,0,0,0,0,0,0,0
JD_11385600,2021-02-28,2,1,2,0,0,0,0
JD_11385599,2021-02-28,0,0,0,0,0,0,0
JD_11385598,2021-02-28,0,0,0,0,0,0,0
JD_11385597,2021-02-28,0,0,0,0,0,0,0
JD_11385595,2021-02-28,0,0,0,0,0,0,0
JD_11385593,2021-02-28,0,0,0,0,0,0,0
JD_11385592,2021-02-28,0,0,0,0,0,0,0
JD_11385591,2021-02-28,10,2,7,1,0,0,0
JD_11385590,2021-02-28,26,0,26,0,0,0,0
JD_11385588,2021-02-28,0,0,0,0,0,0,0
JD_11385587,2021-02-28,0,0,0,0,0,0,0
JD_11385585,2021-02-28,0,0,0,0,0,0,0
JD_11385584,2021-02-28,0,0,0,0,0,0,0
JD_11385583,2021-02-28,0,0,0,0,0,0,0
JD_11385582,2021-02-28,0,0,0,0,0,0,0
JD_11385581,2021-02-28,0,0,0,0,0,0,0
JD_11385578,2021-02-28,0,0,0,0,0,0,0
JD_11385577,2021-02-28,0,0,0,0,0,0,0
JD_11385576,2021-02-28,0,0,0,0,0,0,0
JD_11385575,2021-02-28,0,0,0,0,0,0,0
JD_11385574,2021-02-28,0,0,0,0,0,0,0
JD_11385573,2021-02-28,0,0,0,0,0,0,0
JD_11385572,2021-02-28,0,0,0,0,0,0,0
JD_11385571,2021-02-28,0,0,0,0,0,0,0
JD_11385570,2021-02-28,0,0,0,0,0,0,0
JD_11385569,2021-02-28,0,0,0,0,0,0,0
JD_11385568,2021-02-28,0,0,0,0,0,0,0
JD_11385567,2021-02-28,0,0,0,0,0,0,0
JD_11385566,2021-02-28,0,0,0,0,0,0,0
JD_11385559,2021-02-28,0,0,0,0,0,0,0
JD_11385556,2021-02-28,119,8,116,2,1,0,0
JD_11385550,2021-02-28,143,0,140,2,1,0,0
JD_11385549,2021-02-28,146,0,141,5,0,0,0
JD_11385548,2021-02-28,130,0,129,1,0,0,0
JD_11385533,2021-02-28,0,0,0,0,0,0,0
JD_11385528,2021-02-28,0,0,0,0,0,0,0
JD_11385521,2021-02-28,0,0,0,0,0,0,0
JD_11385518,2021-02-28,0,0,0,0,0,0,0
JD_11385512,2021-02-28,0,0,0,0,0,0,0
JD_11385511,2021-02-28,0,0,0,0,0,0,0
JD_11385506,2021-02-28,0,0,0,0,0,0,0
JD_11385505,2021-02-28,0,0,0,0,0,0,0
JD_11385503,2021-02-28,4,0,4,0,0,0,0
JD_11385500,2021-02-28,3,0,3,0,0,0,0
JD_11385498,2021-02-28,9,6,7,0,0,0,0
JD_11385497,2021-02-28,0,0,0,0,0,0,0
JD_11385496,2021-02-28,1879,1259,1351,6,5,4,3
JD_11385495,2021-02-28,169,4,164,4,1,0,0
JD_11385493,2021-02-28,387,200,283,5,2,0,3
JD_11385492,2021-02-28,1003,501,733,4,0,1,3
JD_11385491,2021-02-28,678,333,522,11,3,0,3
JD_11385490,2021-02-28,824,442,732,11,2,1,3
JD_11385489,2021-02-28,5,0,5,0,0,0,0
JD_11385488,2021-02-28,5386,3649,2738,16,14,5,9
JD_11385487,2021-02-28,14,2,13,0,0,0,0
JD_11385486,2021-02-28,791,445,651,10,0,2,4
JD_11385485,2021-02-28,53,27,50,2,1,0,1
JD_11385483,2021-02-28,37,29,25,1,0,0,0
JD_11385482,2021-02-28,10,5,9,0,0,0,1
JD_11385481,2021-02-28,37,9,36,1,0,0,0
JD_11385480,2021-02-28,122,59,101,0,1,0,2
JD_11385479,2021-02-28,284,139,272,5,0,1,2
JD_11385477,2021-02-28,59,35,48,1,0,0,1
JD_11385476,2021-02-28,37,21,32,0,0,0,0
