JD_11406150,2021-02-28,38,17,27,1,0,0,0
JD_11406149,2021-02-28,67,41,56,1,0,0,0
JD_11406147,2021-02-28,28,12,27,0,0,0,0
JD_11406145,2021-02-28,31,26,17,0,0,0,0
JD_11406143,2021-02-28,4,3,4,0,0,0,0
JD_11406140,2021-02-28,0,0,0,0,0,0,0
JD_11406139,2021-02-28,0,0,0,0,0,0,0
JD_11406138,2021-02-28,0,0,0,0,0,0,0
JD_11406137,2021-02-28,0,0,0,0,0,0,0
JD_11406136,2021-02-28,0,0,0,0,0,0,0
JD_11406132,2021-02-28,8,6,3,0,0,0,0
JD_11406131,2021-02-28,2,0,2,0,0,0,0
JD_11406130,2021-02-28,254,185,250,0,0,1,0
JD_11406129,2021-02-28,9,0,9,0,0,0,0
JD_11406128,2021-02-28,24,14,22,0,0,0,0
JD_11406124,2021-02-28,1,1,1,0,0,0,0
JD_11406119,2021-02-28,0,0,0,0,0,0,0
JD_11406118,2021-02-28,4,2,1,0,1,0,0
JD_11406117,2021-02-28,23,10,22,1,0,0,0
JD_11406072,2021-02-28,0,0,0,0,0,0,0
JD_11406068,2021-02-28,2,1,1,0,0,0,0
JD_11406065,2021-02-28,0,0,0,0,0,0,0
JD_11406064,2021-02-28,24,0,24,0,0,0,0
JD_11406063,2021-02-28,0,0,0,0,0,0,0
JD_11406061,2021-02-28,16,3,13,2,0,0,0
JD_11406060,2021-02-28,675,48,658,12,5,0,3
JD_11406054,2021-02-28,724,447,621,9,1,0,0
JD_11406027,2021-02-28,23,17,11,0,0,0,1
JD_11406026,2021-02-28,0,0,0,0,0,0,0
JD_11406024,2021-02-28,4,2,2,0,0,0,0
JD_11406022,2021-02-28,0,0,0,0,0,0,0
JD_11406021,2021-02-28,71,47,48,1,0,0,0
JD_11406019,2021-02-28,0,0,0,0,0,0,0
JD_11406017,2021-02-28,0,0,0,0,0,0,0
JD_11406010,2021-02-28,432,266,284,0,2,1,1
JD_11406009,2021-02-28,0,0,0,0,0,0,0
JD_11406008,2021-02-28,0,0,0,0,0,0,0
JD_11406005,2021-02-28,9,6,4,0,1,0,0
JD_11406003,2021-02-28,7,4,6,0,0,0,0
JD_11406002,2021-02-28,28,8,28,0,0,0,0
JD_11406001,2021-02-28,0,0,0,0,0,0,0
JD_11405999,2021-02-28,5,4,1,0,0,0,0
JD_11405998,2021-02-28,82,57,48,2,1,0,0
JD_11405997,2021-02-28,37,0,36,1,0,0,0
JD_11405995,2021-02-28,115,75,56,3,0,0,0
JD_11405994,2021-02-28,42,20,39,0,0,0,1
JD_11405991,2021-02-28,11,0,10,1,0,0,0
JD_11405990,2021-02-28,36,26,20,0,0,0,0
JD_11405987,2021-02-28,5,0,5,0,0,0,0
JD_11405986,2021-02-28,3239,2442,1497,2,0,3,6
JD_11405985,2021-02-28,462,153,457,2,2,0,1
JD_11405984,2021-02-28,31,6,31,0,0,0,0
JD_11405983,2021-02-28,4,2,2,0,0,0,0
JD_11405982,2021-02-28,12,6,11,0,0,0,0
JD_11405981,2021-02-28,41,26,28,1,0,0,0
JD_11405980,2021-02-28,4,0,3,1,0,0,0
JD_11405979,2021-02-28,44,27,27,0,0,0,0
JD_11405977,2021-02-28,17,11,10,0,0,0,0
JD_11405976,2021-02-28,3725,2007,3178,57,23,0,8
JD_11405974,2021-02-28,275,166,178,1,2,0,0
JD_11405973,2021-02-28,23,18,16,0,0,0,0
JD_11405972,2021-02-28,111,71,83,1,0,0,0
JD_11405971,2021-02-28,598,470,286,1,0,1,0
JD_11405969,2021-02-28,347,232,209,2,1,0,1
JD_11405968,2021-02-28,70,27,68,2,0,0,1
JD_11405967,2021-02-28,99,57,82,2,0,0,0
JD_11405966,2021-02-28,35,20,35,0,0,0,0
JD_11405964,2021-02-28,254,172,160,0,0,1,1
JD_11405963,2021-02-28,94,70,68,2,0,0,0
JD_11405961,2021-02-28,119,76,89,1,0,1,0
