JD_11468204,2021-02-28,1,0,1,0,0,0,0
JD_11468203,2021-02-28,0,0,0,0,0,0,0
JD_11468200,2021-02-28,0,0,0,0,0,0,0
JD_11468199,2021-02-28,2,1,2,0,0,0,0
JD_11468197,2021-02-28,0,0,0,0,0,0,0
JD_11468195,2021-02-28,0,0,0,0,0,0,0
JD_11468193,2021-02-28,10,5,6,0,0,0,0
JD_11468191,2021-02-28,451,8,441,8,1,0,2
JD_11468190,2021-02-28,432,38,390,4,0,0,2
JD_11468189,2021-02-28,2,0,2,0,0,0,0
JD_11468185,2021-02-28,91,13,86,1,0,0,0
JD_11468184,2021-02-28,403,27,368,7,1,0,2
JD_11468183,2021-02-28,1004,512,922,10,4,0,1
JD_11468181,2021-02-28,104,0,98,4,2,0,0
JD_11468180,2021-02-28,278,0,271,7,0,0,0
JD_11468179,2021-02-28,3,2,2,0,0,0,0
JD_11468176,2021-02-28,526,338,492,3,1,0,1
JD_11468174,2021-02-28,306,224,242,1,1,0,2
JD_11468171,2021-02-28,807,614,512,3,3,0,2
JD_11468170,2021-02-28,708,537,482,2,2,1,1
JD_11468169,2021-02-28,3,2,2,0,0,0,0
JD_11468167,2021-02-28,305,224,239,0,0,0,2
JD_11468166,2021-02-28,257,182,187,1,1,0,1
JD_11468165,2021-02-28,18,9,13,0,0,0,0
JD_11468164,2021-02-28,28,17,21,0,0,0,0
JD_11468163,2021-02-28,40,31,22,1,0,0,0
JD_11468162,2021-02-28,37,33,16,0,0,0,0
JD_11468161,2021-02-28,35,31,15,0,0,0,0
JD_11468160,2021-02-28,58,27,44,1,0,0,0
JD_11468159,2021-02-28,957,744,669,3,3,0,2
JD_11468158,2021-02-28,670,524,422,1,0,0,2
JD_11468157,2021-02-28,36,20,24,0,0,0,0
JD_11468156,2021-02-28,199,118,139,0,0,0,0
JD_11468155,2021-02-28,42,26,22,2,0,0,0
JD_11468154,2021-02-28,12,8,5,0,0,0,0
JD_11468153,2021-02-28,109,86,45,1,1,0,0
JD_11468151,2021-02-28,34,28,17,1,0,0,0
JD_11468150,2021-02-28,9,2,9,0,0,0,0
JD_11468149,2021-02-28,16,10,7,0,0,0,0
JD_11468148,2021-02-28,70,18,61,0,0,0,0
JD_11468145,2021-02-28,12,9,5,0,0,0,0
JD_11468143,2021-02-28,1,0,1,0,0,0,0
JD_11468141,2021-02-28,10,7,4,0,0,0,0
JD_11468140,2021-02-28,31,28,14,0,0,0,0
JD_11468139,2021-02-28,24,20,9,0,0,0,0
JD_11468138,2021-02-28,0,0,0,0,0,0,0
JD_11468137,2021-02-28,0,0,0,0,0,0,0
JD_11468136,2021-02-28,57,38,57,0,0,0,0
JD_11468135,2021-02-28,9,5,5,0,0,0,0
JD_11468134,2021-02-28,151,115,66,0,0,0,0
JD_11468133,2021-02-28,122,93,55,1,0,0,0
JD_11468132,2021-02-28,55,48,26,0,1,0,0
JD_11468131,2021-02-28,64,16,59,0,0,0,1
JD_11468129,2021-02-28,31,20,19,0,0,0,0
JD_11468128,2021-02-28,32,24,17,0,1,0,0
JD_11468127,2021-02-28,105,70,38,0,1,0,0
JD_11468122,2021-02-28,9,2,8,1,0,0,0
JD_11468121,2021-02-28,4,1,4,0,0,0,0
JD_11468119,2021-02-28,4,1,4,0,0,0,0
JD_11468118,2021-02-28,93,62,45,0,0,0,0
JD_11468114,2021-02-28,1054,0,1023,27,4,0,0
JD_11468112,2021-02-28,2309,27,2259,41,7,0,3
JD_11468103,2021-02-28,343,63,333,2,1,0,0
JD_11468102,2021-02-28,320,69,311,4,1,0,0
JD_11468101,2021-02-28,439,57,429,5,0,0,0
JD_11468098,2021-02-28,2,0,2,0,0,0,0
JD_11468097,2021-02-28,0,0,0,0,0,0,0
JD_11468093,2021-02-28,680,127,671,4,4,0,0
JD_11468092,2021-02-28,310,61,296,2,0,0,0
JD_11468091,2021-02-28,391,57,386,3,1,0,0
