JD_12367651,2021-02-28,9,6,8,0,0,0,0
JD_12367650,2021-02-28,4,3,2,0,0,0,0
JD_12367649,2021-02-28,27,24,19,0,0,0,0
JD_12367648,2021-02-28,24,21,7,0,0,0,0
JD_12367647,2021-02-28,14,11,12,0,0,0,0
JD_12367645,2021-02-28,70,63,14,0,0,0,0
JD_12367644,2021-02-28,0,0,0,0,0,0,0
JD_12367643,2021-02-28,40,33,20,0,0,0,0
JD_12367642,2021-02-28,0,0,0,0,0,0,0
JD_12367641,2021-02-28,1,1,0,0,0,0,0
JD_12367640,2021-02-28,32,28,20,0,0,0,0
JD_12367639,2021-02-28,18,15,18,0,0,0,0
JD_12367638,2021-02-28,5,3,5,0,0,0,0
JD_12367636,2021-02-28,7,5,4,0,0,0,0
JD_12367635,2021-02-28,19,17,12,0,0,0,0
JD_12367634,2021-02-28,6,5,3,0,0,0,0
JD_12367633,2021-02-28,921,783,248,0,0,0,1
JD_12367632,2021-02-28,2,2,0,0,0,0,0
JD_12367631,2021-02-28,3,3,2,0,0,0,0
JD_12367630,2021-02-28,1,1,0,0,0,0,0
JD_12367629,2021-02-28,12,8,7,0,0,0,0
JD_12367628,2021-02-28,210,180,31,1,1,0,0
JD_12367627,2021-02-28,102,84,71,0,0,0,0
JD_12367625,2021-02-28,0,0,0,0,0,0,0
JD_12367624,2021-02-28,2,2,2,0,0,0,0
JD_12367623,2021-02-28,11,7,11,0,0,0,0
JD_12367622,2021-02-28,3,3,2,0,0,0,0
JD_12367621,2021-02-28,13,12,3,0,0,0,0
JD_12367619,2021-02-28,11,9,10,0,0,0,0
JD_12367618,2021-02-28,0,0,0,0,0,0,0
JD_12367617,2021-02-28,6,3,4,0,0,1,0
JD_12367616,2021-02-28,3,1,3,0,0,0,0
JD_12367615,2021-02-28,15,15,3,0,0,0,0
JD_12367614,2021-02-28,182,156,99,0,0,0,0
JD_12367613,2021-02-28,7,7,2,0,0,0,0
JD_12367612,2021-02-28,44,33,40,0,0,0,1
JD_12367611,2021-02-28,25,19,15,0,0,0,1
JD_12367610,2021-02-28,0,0,0,0,0,0,0
JD_12367609,2021-02-28,6,4,2,0,0,0,0
JD_12367608,2021-02-28,0,0,0,0,0,0,0
JD_12367607,2021-02-28,2,1,1,0,0,0,0
JD_12367605,2021-02-28,2,2,0,0,0,0,0
JD_12367603,2021-02-28,14,10,5,0,0,0,0
JD_12367601,2021-02-28,13,8,9,0,0,0,0
JD_12367600,2021-02-28,4,3,3,0,0,0,0
JD_12367599,2021-02-28,35,29,11,0,0,0,0
JD_12367598,2021-02-28,366,239,276,1,0,0,1
JD_12367597,2021-02-28,27,21,9,0,0,0,0
JD_12367596,2021-02-28,13,10,9,1,0,0,0
JD_12367595,2021-02-28,3,3,0,0,0,0,0
JD_12367593,2021-02-28,94,79,54,0,0,0,0
JD_12367592,2021-02-28,290,237,89,0,0,0,2
JD_12367591,2021-02-28,90,72,38,0,0,0,1
JD_12367590,2021-02-28,94,75,41,0,0,0,0
JD_12367588,2021-02-28,919,765,254,0,0,0,1
JD_12367587,2021-02-28,4,4,0,0,0,0,0
JD_12367586,2021-02-28,6,4,4,0,0,0,0
JD_12367585,2021-02-28,14,10,4,0,0,0,0
JD_12367584,2021-02-28,1183,906,573,1,0,1,3
JD_12367583,2021-02-28,8,6,3,0,0,0,0
JD_12367582,2021-02-28,97,75,37,0,0,0,0
JD_12367581,2021-02-28,0,0,0,0,0,0,0
JD_12367580,2021-02-28,18,16,8,0,0,0,0
JD_12367579,2021-02-28,3,1,2,0,0,0,0
JD_12367578,2021-02-28,21,18,5,0,0,0,0
JD_12367577,2021-02-28,1808,1600,218,0,0,1,1
JD_12367576,2021-02-28,0,0,0,0,0,0,0
JD_12367575,2021-02-28,29,20,14,0,0,0,1
JD_12367574,2021-02-28,16,15,9,0,0,0,0
JD_12367573,2021-02-28,1,1,1,0,0,0,0
