JD_11481888,2021-02-28,5,3,2,1,0,0,0
JD_11481886,2021-02-28,12,3,12,0,0,0,0
JD_11481884,2021-02-28,5,4,3,0,0,0,0
JD_11481883,2021-02-28,1,1,0,0,0,0,0
JD_11481882,2021-02-28,6,2,5,0,0,0,0
JD_11481879,2021-02-28,4,1,4,0,0,0,0
JD_11481878,2021-02-28,6,0,6,0,0,0,0
JD_11481877,2021-02-28,17,2,16,0,0,0,0
JD_11481875,2021-02-28,3,0,3,0,0,0,0
JD_11481874,2021-02-28,713,342,709,3,1,2,2
JD_11481873,2021-02-28,414,253,299,2,2,0,1
JD_11481872,2021-02-28,0,0,0,0,0,0,0
JD_11481870,2021-02-28,7,1,7,0,0,0,0
JD_11481869,2021-02-28,16,4,16,0,0,0,0
JD_11481868,2021-02-28,7,5,6,0,0,0,0
JD_11481867,2021-02-28,9,7,4,0,0,0,0
JD_11481866,2021-02-28,30,18,17,1,0,0,1
JD_11481865,2021-02-28,55,34,30,0,1,0,0
JD_11481864,2021-02-28,0,0,0,0,0,0,0
JD_11481863,2021-02-28,29,22,21,0,0,0,1
JD_11481862,2021-02-28,24,13,20,0,0,0,0
JD_11481861,2021-02-28,152,114,71,0,0,0,0
JD_11481860,2021-02-28,21,16,14,0,0,0,0
JD_11481859,2021-02-28,22,15,10,0,0,0,0
JD_11481857,2021-02-28,9,6,4,0,0,0,0
JD_11481856,2021-02-28,51,33,28,0,0,0,0
JD_11481855,2021-02-28,18,12,18,0,0,0,0
JD_11481854,2021-02-28,4589,3299,3260,16,5,4,6
JD_11481853,2021-02-28,0,0,0,0,0,0,0
JD_11481852,2021-02-28,17,12,9,0,0,0,0
JD_11481851,2021-02-28,51,35,41,0,2,0,0
JD_11481850,2021-02-28,4365,2776,2994,35,20,2,9
JD_11481849,2021-02-28,7,2,7,0,0,0,0
JD_11481847,2021-02-28,20,14,13,0,0,0,0
JD_11481846,2021-02-28,29,11,28,0,0,0,0
JD_11481845,2021-02-28,20,7,17,1,0,0,0
JD_11481843,2021-02-28,0,0,0,0,0,0,0
JD_11481840,2021-02-28,0,0,0,0,0,0,0
JD_11481838,2021-02-28,0,0,0,0,0,0,0
JD_11481837,2021-02-28,9,0,8,1,0,0,0
JD_11481836,2021-02-28,43,26,43,0,0,0,0
JD_11481833,2021-02-28,3,1,3,0,0,0,0
JD_11481832,2021-02-28,39,15,30,1,0,0,0
JD_11481831,2021-02-28,100,43,74,1,0,0,1
JD_11481830,2021-02-28,36,4,36,0,0,0,0
JD_11481829,2021-02-28,20,4,16,0,0,0,0
JD_11481827,2021-02-28,26,3,23,1,0,0,0
JD_11481824,2021-02-28,10,2,10,0,0,0,1
JD_11481823,2021-02-28,10,5,9,0,0,0,0
JD_11481822,2021-02-28,153,2,148,2,2,0,0
JD_11481819,2021-02-28,410,181,396,8,5,0,0
JD_11481817,2021-02-28,119,62,119,0,0,0,0
JD_11481812,2021-02-28,108,7,105,2,1,0,0
JD_11481811,2021-02-28,85,60,54,0,0,0,0
JD_11481810,2021-02-28,300,201,191,0,0,0,0
JD_11481806,2021-02-28,61,1,60,1,0,0,0
JD_11481805,2021-02-28,296,206,284,0,0,0,1
JD_11481804,2021-02-28,80,20,80,0,0,0,0
JD_11481802,2021-02-28,9,0,7,2,0,0,0
JD_11481801,2021-02-28,61,36,54,0,1,0,0
JD_11481800,2021-02-28,278,164,157,4,3,1,0
JD_11481799,2021-02-28,101,26,100,0,0,0,0
JD_11481798,2021-02-28,125,59,125,0,0,0,0
JD_11481797,2021-02-28,5,3,4,0,0,0,0
JD_11481796,2021-02-28,23,7,18,2,1,0,0
JD_11481795,2021-02-28,454,100,437,6,2,2,3
JD_11481794,2021-02-28,0,0,0,0,0,0,0
JD_11481793,2021-02-28,0,0,0,0,0,0,0
JD_11481792,2021-02-28,33,10,29,0,0,0,0
JD_11481791,2021-02-28,0,0,0,0,0,0,0
