JD_12392593,2021-02-28,3098,2681,893,2,0,5,4
JD_12392592,2021-02-28,46,37,32,0,0,0,0
JD_12392591,2021-02-28,147,117,105,0,1,1,1
JD_12392590,2021-02-28,9,8,9,0,0,0,0
JD_12392589,2021-02-28,30,25,14,0,0,0,0
JD_12392588,2021-02-28,161,132,159,0,1,0,0
JD_12392587,2021-02-28,82,72,68,0,1,1,0
JD_12392586,2021-02-28,16,14,5,0,0,0,0
JD_12392585,2021-02-28,33,15,23,0,0,0,0
JD_12392584,2021-02-28,93,91,9,0,0,0,0
JD_12392583,2021-02-28,10,9,8,0,0,0,0
JD_12392582,2021-02-28,349,286,291,0,0,1,1
JD_12392581,2021-02-28,0,0,0,0,0,0,0
JD_12392580,2021-02-28,1,1,0,0,0,0,0
JD_12392579,2021-02-28,23,19,14,0,0,0,0
JD_12392578,2021-02-28,3,2,2,0,0,0,0
JD_12392577,2021-02-28,0,0,0,0,0,0,0
JD_12392576,2021-02-28,16,12,4,0,0,0,0
JD_12392575,2021-02-28,11,9,8,0,0,0,1
JD_12392574,2021-02-28,14,12,11,0,0,0,0
JD_12392573,2021-02-28,5,4,1,0,0,0,0
JD_12392572,2021-02-28,33,31,2,0,0,0,0
JD_12392571,2021-02-28,74,63,37,0,1,0,0
JD_12392570,2021-02-28,140,107,85,0,0,0,0
JD_12392569,2021-02-28,36,33,28,0,0,0,0
JD_12392568,2021-02-28,2,1,1,0,0,0,0
JD_12392567,2021-02-28,264,214,86,0,1,0,0
JD_12392566,2021-02-28,0,0,0,0,0,0,0
JD_12392565,2021-02-28,132,108,30,1,0,1,1
JD_12392564,2021-02-28,2,1,1,0,0,0,0
JD_12392563,2021-02-28,55,43,29,0,0,0,0
JD_12392561,2021-02-28,141,108,47,0,0,0,2
JD_12392560,2021-02-28,8,7,6,0,0,0,0
JD_12392559,2021-02-28,18,14,7,0,0,0,0
JD_12392558,2021-02-28,7,6,6,0,0,0,0
JD_12392557,2021-02-28,43,36,13,0,1,0,0
JD_12392556,2021-02-28,5,4,2,0,0,0,0
JD_12392555,2021-02-28,48,40,23,0,0,0,0
JD_12392553,2021-02-28,108,84,45,0,0,0,0
JD_12392552,2021-02-28,1,1,0,0,0,0,0
JD_12392551,2021-02-28,59,52,9,0,0,0,0
JD_12392548,2021-02-28,1,0,1,0,0,0,0
JD_12392547,2021-02-28,4,4,2,0,0,0,0
JD_12392546,2021-02-28,5,3,3,0,0,0,0
JD_12392545,2021-02-28,37,31,22,1,0,0,0
JD_12392544,2021-02-28,107,94,21,0,0,0,0
JD_12392543,2021-02-28,76,53,45,1,0,0,0
JD_12392542,2021-02-28,0,0,0,0,0,0,0
JD_12392541,2021-02-28,494,361,224,0,0,2,2
JD_12392540,2021-02-28,2,2,1,0,0,0,0
JD_12392539,2021-02-28,20,14,9,0,0,0,0
JD_12392538,2021-02-28,78,65,20,0,0,0,0
JD_12392537,2021-02-28,7,5,7,0,0,0,0
JD_12392536,2021-02-28,5,4,2,0,0,0,0
JD_12392535,2021-02-28,6,5,2,0,0,0,0
JD_12392534,2021-02-28,2789,2091,1731,5,3,7,10
JD_12392533,2021-02-28,8,7,5,0,0,0,0
JD_12392532,2021-02-28,16,15,7,0,0,0,0
JD_12392531,2021-02-28,840,674,700,2,2,0,2
JD_12392530,2021-02-28,3,3,1,0,0,0,0
JD_12392529,2021-02-28,6,5,4,0,0,0,0
JD_12392528,2021-02-28,1,1,1,0,0,0,0
JD_12392527,2021-02-28,8,7,2,0,0,0,0
JD_12392526,2021-02-28,8,8,0,0,0,0,0
JD_12392525,2021-02-28,573,481,167,1,0,0,1
JD_12391667,2021-02-28,25,19,23,0,0,0,0
JD_12391666,2021-02-28,1002,923,332,1,0,2,0
JD_12391665,2021-02-28,26,21,10,0,0,0,0
JD_12391664,2021-02-28,89,65,65,2,0,0,0
JD_12391663,2021-02-28,279,240,112,0,1,0,0
