JD_11355473,2021-02-28,3,1,3,0,0,0,0
JD_11355472,2021-02-28,128,80,79,2,0,0,0
JD_11355471,2021-02-28,49,21,48,0,1,0,0
JD_11355470,2021-02-28,131,0,130,1,0,0,0
JD_11355468,2021-02-28,273,120,207,5,1,0,0
JD_11355467,2021-02-28,35,2,33,1,1,0,0
JD_11355464,2021-02-28,33,8,30,0,0,0,0
JD_11355463,2021-02-28,16,13,13,0,0,0,0
JD_11355459,2021-02-28,0,0,0,0,0,0,0
JD_11355458,2021-02-28,9,3,8,0,0,0,0
JD_11355457,2021-02-28,4,3,3,0,0,0,0
JD_11355456,2021-02-28,0,0,0,0,0,0,0
JD_11355455,2021-02-28,3,1,2,0,0,0,0
JD_11355454,2021-02-28,1,0,1,0,0,0,0
JD_11355452,2021-02-28,4,3,3,0,0,0,0
JD_11355450,2021-02-28,109,48,85,0,1,0,0
JD_11355449,2021-02-28,17,2,16,1,0,0,0
JD_11355448,2021-02-28,1,0,1,0,0,0,0
JD_11355447,2021-02-28,2,0,2,0,0,0,0
JD_11355446,2021-02-28,39,26,23,0,0,0,0
JD_11355443,2021-02-28,5,4,1,0,0,0,0
JD_11355442,2021-02-28,0,0,0,0,0,0,0
JD_11355441,2021-02-28,2,0,2,0,0,0,0
JD_11355440,2021-02-28,11,7,6,0,0,0,0
JD_11355438,2021-02-28,12,0,12,0,0,0,0
JD_11355437,2021-02-28,10,8,5,0,0,0,0
JD_11355436,2021-02-28,5,2,4,0,0,0,0
JD_11355435,2021-02-28,11,9,7,1,0,0,0
JD_11355434,2021-02-28,11,7,8,0,0,0,0
JD_11355432,2021-02-28,3,3,0,0,0,0,0
JD_11355431,2021-02-28,2,0,2,0,0,0,0
JD_11355430,2021-02-28,3,3,3,0,0,0,0
JD_11355428,2021-02-28,14,8,9,0,0,0,0
JD_11355427,2021-02-28,62,27,55,2,0,0,0
JD_11355424,2021-02-28,2461,1739,1191,5,3,1,3
JD_11355422,2021-02-28,0,0,0,0,0,0,0
JD_11355419,2021-02-28,0,0,0,0,0,0,0
JD_11355414,2021-02-28,0,0,0,0,0,0,0
JD_11355413,2021-02-28,0,0,0,0,0,0,0
JD_11355411,2021-02-28,0,0,0,0,0,0,0
JD_11355393,2021-02-28,0,0,0,0,0,0,0
JD_11355391,2021-02-28,38,27,37,0,0,0,0
JD_11355390,2021-02-28,80,34,62,1,0,0,0
JD_11355386,2021-02-28,18497,12214,13909,61,24,12,53
JD_11355385,2021-02-28,103,54,59,2,0,0,0
JD_11355384,2021-02-28,64,27,60,1,0,0,0
JD_11355383,2021-02-28,166,8,159,7,0,0,0
JD_11355382,2021-02-28,170,83,112,1,0,0,0
JD_11355381,2021-02-28,70,11,66,2,1,0,0
JD_11355380,2021-02-28,152,76,98,0,0,1,0
JD_11355379,2021-02-28,55,0,55,0,0,0,0
JD_11355378,2021-02-28,166,3,160,4,2,0,0
JD_11355375,2021-02-28,1431,34,1380,36,15,0,1
JD_11355374,2021-02-28,48,9,48,0,0,0,0
JD_11355371,2021-02-28,23,2,23,0,0,0,0
JD_11355370,2021-02-28,0,0,0,0,0,0,0
JD_11355368,2021-02-28,0,0,0,0,0,0,0
JD_11355363,2021-02-28,1,1,0,0,0,0,0
JD_11355361,2021-02-28,4487,3172,2556,10,3,5,9
JD_11355360,2021-02-28,16584,10283,10385,44,13,23,38
JD_11355359,2021-02-28,49,37,36,0,0,0,0
JD_11355357,2021-02-28,100,43,81,1,1,0,0
JD_11355356,2021-02-28,2088,1637,1124,2,2,0,2
JD_11355355,2021-02-28,1513,1110,851,2,0,1,2
JD_11355354,2021-02-28,999,716,376,1,0,2,0
JD_11355353,2021-02-28,1412,1006,1332,1,4,4,2
JD_11355352,2021-02-28,565,389,317,1,4,0,1
JD_11355351,2021-02-28,330,177,302,2,2,0,1
JD_11355349,2021-02-28,12761,5789,10348,47,22,3,13
JD_11355343,2021-02-28,721,0,704,11,6,0,0
