JD_11508272,2021-02-28,18,2,16,1,0,0,0
JD_11508271,2021-02-28,0,0,0,0,0,0,0
JD_11508270,2021-02-28,11,1,10,1,0,0,0
JD_11508269,2021-02-28,0,0,0,0,0,0,0
JD_11508268,2021-02-28,39,18,30,0,0,0,0
JD_11508266,2021-02-28,0,0,0,0,0,0,0
JD_11508265,2021-02-28,0,0,0,0,0,0,0
JD_11508264,2021-02-28,0,0,0,0,0,0,0
JD_11508263,2021-02-28,0,0,0,0,0,0,0
JD_11508261,2021-02-28,24,8,23,1,0,0,0
JD_11508260,2021-02-28,23,14,13,0,0,0,0
JD_11508259,2021-02-28,2,1,2,0,0,0,0
JD_11508258,2021-02-28,0,0,0,0,0,0,0
JD_11508257,2021-02-28,10,4,7,0,0,0,0
JD_11508256,2021-02-28,52,33,30,0,0,0,1
JD_11508255,2021-02-28,32,19,25,0,0,0,0
JD_11508254,2021-02-28,36,22,21,0,0,0,0
JD_11508253,2021-02-28,26,17,13,0,0,0,0
JD_11508252,2021-02-28,55,46,18,0,0,0,1
JD_11508251,2021-02-28,10,2,6,0,3,0,0
JD_11508250,2021-02-28,31,6,28,2,1,0,0
JD_11508249,2021-02-28,4,3,3,0,0,0,0
JD_11508248,2021-02-28,23,0,19,1,3,0,0
JD_11508247,2021-02-28,16,0,14,2,0,0,0
JD_11508245,2021-02-28,105,59,77,0,0,0,0
JD_11508244,2021-02-28,81,49,63,0,0,0,0
JD_11508243,2021-02-28,1421,791,1082,17,3,2,5
JD_11508242,2021-02-28,172,91,128,2,0,0,0
JD_11508241,2021-02-28,119,75,77,1,0,0,0
JD_11508240,2021-02-28,18,5,17,0,0,0,0
JD_11508239,2021-02-28,61,34,46,1,0,0,0
JD_11508238,2021-02-28,3,2,3,0,0,0,0
JD_11508237,2021-02-28,2,2,1,0,0,0,0
JD_11508236,2021-02-28,0,0,0,0,0,0,0
JD_11508235,2021-02-28,2,0,2,0,0,0,0
JD_11508234,2021-02-28,863,554,666,3,2,1,0
JD_11508233,2021-02-28,4,2,2,0,0,0,0
JD_11508232,2021-02-28,11,6,8,1,0,0,0
JD_11508231,2021-02-28,16,3,14,0,0,0,0
JD_11508230,2021-02-28,15,11,5,0,0,0,0
JD_11508229,2021-02-28,2,1,1,0,0,0,0
JD_11508228,2021-02-28,6,5,5,0,0,0,0
JD_11508227,2021-02-28,3,2,3,0,0,0,0
JD_11508226,2021-02-28,16,14,12,0,0,0,0
JD_11508225,2021-02-28,3,3,0,0,0,0,0
JD_11508224,2021-02-28,0,0,0,0,0,0,0
JD_11508223,2021-02-28,19,10,13,0,0,0,0
JD_11508222,2021-02-28,1,0,1,0,0,0,0
JD_11508221,2021-02-28,17,0,14,2,1,0,0
JD_11508220,2021-02-28,3,3,0,0,0,0,0
JD_11508219,2021-02-28,100,60,76,2,0,0,0
JD_11508218,2021-02-28,28,14,15,1,1,0,0
JD_11508217,2021-02-28,1242,887,657,1,5,0,1
JD_11508216,2021-02-28,2,0,2,0,0,0,0
JD_11508215,2021-02-28,1,1,1,0,0,0,0
JD_11508213,2021-02-28,655,527,253,1,0,1,0
JD_11508212,2021-02-28,125,99,75,0,0,0,0
JD_11508211,2021-02-28,254,199,118,1,0,0,2
JD_11508210,2021-02-28,2,2,1,0,0,0,0
JD_11508208,2021-02-28,7,2,5,0,0,0,0
JD_11508206,2021-02-28,18,0,17,0,1,0,0
JD_11508205,2021-02-28,68,48,68,0,0,0,0
JD_11508203,2021-02-28,27,1,26,0,1,0,0
JD_11508201,2021-02-28,16,2,15,0,0,0,0
JD_11508200,2021-02-28,0,0,0,0,0,0,0
JD_11508197,2021-02-28,12,3,12,0,0,0,0
JD_11508191,2021-02-28,2,1,1,0,0,0,0
JD_11508190,2021-02-28,5,3,5,0,0,0,0
JD_11508188,2021-02-28,18,7,18,0,0,0,0
JD_11508186,2021-02-28,4,3,4,0,0,0,0
