JD_11290978,2021-02-28,85,42,79,2,1,0,0
JD_11290977,2021-02-28,28,14,19,0,0,0,0
JD_11290976,2021-02-28,40,20,34,0,0,0,0
JD_11290975,2021-02-28,65,32,63,1,0,0,0
JD_11290974,2021-02-28,58,25,56,2,0,0,0
JD_11290973,2021-02-28,1,0,1,0,0,0,0
JD_11290972,2021-02-28,17,9,15,0,0,0,0
JD_11290971,2021-02-28,3,3,0,0,0,0,0
JD_11290970,2021-02-28,8,3,7,0,0,0,0
JD_11290969,2021-02-28,2,2,1,0,0,0,0
JD_11290967,2021-02-28,3,0,1,1,1,0,0
JD_11290966,2021-02-28,494,153,429,20,0,0,0
JD_11290965,2021-02-28,15,0,14,0,1,0,0
JD_11290961,2021-02-28,18,0,17,0,1,0,0
JD_11290960,2021-02-28,3,3,1,0,0,0,0
JD_11290959,2021-02-28,9,6,6,0,0,0,0
JD_11290957,2021-02-28,2,0,1,0,1,0,0
JD_11290954,2021-02-28,6,4,2,0,0,0,0
JD_11290952,2021-02-28,215,152,116,0,1,0,0
JD_11290951,2021-02-28,5,5,2,0,0,0,0
JD_11290950,2021-02-28,3,3,0,0,0,0,0
JD_11290949,2021-02-28,4,0,4,0,0,0,0
JD_11290948,2021-02-28,42,26,21,0,0,0,1
JD_11290947,2021-02-28,0,0,0,0,0,0,0
JD_11290946,2021-02-28,0,0,0,0,0,0,0
JD_11290945,2021-02-28,2,2,0,0,0,0,0
JD_11290943,2021-02-28,4,3,3,0,0,0,0
JD_11290942,2021-02-28,7,3,5,0,0,0,0
JD_11290941,2021-02-28,10,6,5,0,0,0,0
JD_11290940,2021-02-28,9,6,4,0,0,0,0
JD_11290939,2021-02-28,17,13,9,0,0,0,0
JD_11290938,2021-02-28,47,29,27,0,0,0,0
JD_11290937,2021-02-28,105,70,68,0,1,0,0
JD_11290936,2021-02-28,2,1,2,0,0,0,0
JD_11290935,2021-02-28,0,0,0,0,0,0,0
JD_11290933,2021-02-28,2,0,1,1,0,0,0
JD_11290932,2021-02-28,4,0,4,0,0,0,0
JD_11290931,2021-02-28,1,1,1,0,0,0,0
JD_11290929,2021-02-28,7,0,7,0,0,0,0
JD_11290925,2021-02-28,4,0,4,0,0,0,0
JD_11290924,2021-02-28,7,0,7,0,0,0,0
JD_11290923,2021-02-28,3,0,3,0,0,0,0
JD_11290921,2021-02-28,3,0,3,0,0,0,0
JD_11290916,2021-02-28,27,20,20,0,0,0,0
JD_11290915,2021-02-28,13,10,5,0,0,0,0
JD_11290913,2021-02-28,78,57,48,0,0,0,0
JD_11290911,2021-02-28,895,684,720,4,0,0,2
JD_11290909,2021-02-28,743,533,737,3,0,1,0
JD_11290905,2021-02-28,695,555,232,2,2,2,1
JD_11290902,2021-02-28,33,14,19,2,0,0,0
JD_11290901,2021-02-28,284,0,274,8,2,0,0
JD_11290900,2021-02-28,199,69,166,4,0,0,0
JD_11290899,2021-02-28,102,0,95,7,0,0,0
JD_11290897,2021-02-28,163,108,135,0,0,0,0
JD_11290896,2021-02-28,215,146,172,0,0,0,1
JD_11290895,2021-02-28,583,359,508,1,2,1,1
JD_11290894,2021-02-28,152,49,151,0,0,0,0
JD_11290893,2021-02-28,408,283,272,4,0,0,1
JD_11290892,2021-02-28,1328,802,939,10,6,2,3
JD_11290891,2021-02-28,15,7,12,0,0,0,0
JD_11290890,2021-02-28,45,20,41,0,1,0,0
JD_11290889,2021-02-28,66,24,61,2,3,0,2
JD_11290887,2021-02-28,108,0,102,4,2,0,0
JD_11290886,2021-02-28,1424,10,1338,57,29,0,0
JD_11290885,2021-02-28,478,225,442,7,3,0,2
JD_11290884,2021-02-28,525,351,517,2,0,0,1
JD_11290883,2021-02-28,173,31,169,4,0,0,0
JD_11290882,2021-02-28,10785,8632,5173,13,9,11,11
JD_11290881,2021-02-28,64,3,60,4,0,0,0
JD_11290880,2021-02-28,220,153,118,1,0,0,3
