JD_11300105,2021-02-28,2,1,1,0,0,0,0
JD_11300104,2021-02-28,13,11,5,0,0,0,0
JD_11300103,2021-02-28,16,10,9,0,0,0,0
JD_11300102,2021-02-28,26,6,21,2,0,0,0
JD_11300101,2021-02-28,217,147,142,2,0,1,0
JD_11300100,2021-02-28,14,10,7,0,0,0,0
JD_11300099,2021-02-28,34,27,22,0,0,0,0
JD_11300098,2021-02-28,28,14,14,2,0,0,0
JD_11300094,2021-02-28,28,3,23,1,1,0,0
JD_11300093,2021-02-28,281,1,271,8,2,0,0
JD_11300092,2021-02-28,183,0,173,7,3,0,0
JD_11300091,2021-02-28,151,0,147,4,0,0,0
JD_11300090,2021-02-28,3179,378,3044,43,10,0,1
JD_11300088,2021-02-28,23,11,20,0,0,0,0
JD_11300086,2021-02-28,26,13,16,0,0,0,0
JD_11300085,2021-02-28,35,16,30,0,0,0,0
JD_11300084,2021-02-28,25,5,22,1,0,0,0
JD_11300083,2021-02-28,45,21,45,0,0,0,0
JD_11300082,2021-02-28,52,24,52,0,0,0,1
JD_11300081,2021-02-28,36,12,34,1,0,0,0
JD_11300080,2021-02-28,88,0,88,0,0,0,0
JD_11300079,2021-02-28,61,0,59,2,0,0,0
JD_11300078,2021-02-28,4,1,3,1,0,0,0
JD_11300077,2021-02-28,54,1,51,2,0,0,0
JD_11300075,2021-02-28,572,187,463,7,3,0,0
JD_11300073,2021-02-28,2154,743,1392,28,13,0,1
JD_11300072,2021-02-28,0,0,0,0,0,0,0
JD_11300071,2021-02-28,1,0,1,0,0,0,0
JD_11300070,2021-02-28,0,0,0,0,0,0,0
JD_11300068,2021-02-28,149,56,123,2,2,0,0
JD_11300067,2021-02-28,183,137,119,2,0,0,0
JD_11300066,2021-02-28,347,182,333,2,0,0,0
JD_11300065,2021-02-28,133,80,103,0,1,0,0
JD_11300064,2021-02-28,14,7,11,0,0,0,0
JD_11300063,2021-02-28,15,7,12,0,0,0,0
JD_11300062,2021-02-28,13,8,11,0,0,0,0
JD_11300061,2021-02-28,12,6,10,0,0,0,0
JD_11300060,2021-02-28,16,7,12,0,0,0,0
JD_11300059,2021-02-28,18,5,18,0,0,0,0
JD_11300058,2021-02-28,16,9,12,0,0,0,0
JD_11300057,2021-02-28,12,6,6,0,0,0,0
JD_11300056,2021-02-28,11,4,10,0,0,0,0
JD_11300055,2021-02-28,18,11,13,0,0,0,0
JD_11300054,2021-02-28,8,4,7,0,0,0,0
JD_11300053,2021-02-28,8,3,7,0,0,0,0
JD_11300052,2021-02-28,12,8,11,0,0,0,0
JD_11300051,2021-02-28,15,10,12,0,0,0,0
JD_11300050,2021-02-28,18,9,16,0,0,0,0
JD_11300049,2021-02-28,13,4,13,0,0,0,0
JD_11300048,2021-02-28,13,5,13,0,0,0,0
JD_11300047,2021-02-28,19,8,15,0,0,0,0
JD_11300046,2021-02-28,10,6,8,0,0,0,0
JD_11300045,2021-02-28,9,3,9,0,0,0,0
JD_11300044,2021-02-28,18,11,12,0,0,0,0
JD_11300043,2021-02-28,8,4,6,0,0,0,0
JD_11300042,2021-02-28,10,8,7,0,0,0,0
JD_11300041,2021-02-28,13,4,12,0,0,0,0
JD_11300040,2021-02-28,14,8,11,0,0,0,0
JD_11300039,2021-02-28,12,6,11,0,0,0,0
JD_11300038,2021-02-28,9,6,9,0,0,0,0
JD_11300037,2021-02-28,5,4,3,0,0,0,0
JD_11300036,2021-02-28,6,2,6,0,0,0,0
JD_11300035,2021-02-28,11,5,9,0,0,0,0
JD_11300034,2021-02-28,8,3,7,0,0,0,0
JD_11300033,2021-02-28,7,3,6,0,0,0,0
JD_11300032,2021-02-28,8,4,7,0,0,0,0
JD_11300031,2021-02-28,9,5,8,1,0,0,0
JD_11300030,2021-02-28,12,7,11,0,0,0,0
JD_11300029,2021-02-28,9,6,6,1,0,0,0
JD_11300028,2021-02-28,8,5,7,0,0,0,0
