JD_11573280,2021-02-28,20,16,16,0,0,0,0
JD_11573279,2021-02-28,12,4,10,0,0,0,0
JD_11573278,2021-02-28,73,43,69,0,0,0,1
JD_11573277,2021-02-28,5,5,3,0,0,0,0
JD_11573276,2021-02-28,3,2,1,0,0,0,0
JD_11573275,2021-02-28,1,1,0,0,0,0,0
JD_11573274,2021-02-28,0,0,0,0,0,0,0
JD_11573272,2021-02-28,5,2,4,0,0,0,0
JD_11573271,2021-02-28,1,1,0,0,0,0,0
JD_11573270,2021-02-28,6,5,2,0,0,0,0
JD_11573267,2021-02-28,1,1,0,0,0,0,0
JD_11573266,2021-02-28,2,1,2,0,0,0,0
JD_11573264,2021-02-28,2,2,1,0,0,0,0
JD_11573263,2021-02-28,4,4,4,0,0,0,0
JD_11573262,2021-02-28,0,0,0,0,0,0,0
JD_11573261,2021-02-28,0,0,0,0,0,0,0
JD_11573260,2021-02-28,1,0,1,0,0,0,0
JD_11573259,2021-02-28,10,4,10,0,0,0,0
JD_11573258,2021-02-28,1,1,0,0,0,0,0
JD_11573255,2021-02-28,34,19,27,2,0,0,0
JD_11573254,2021-02-28,12,4,10,0,0,0,0
JD_11573252,2021-02-28,0,0,0,0,0,0,0
JD_11573249,2021-02-28,7,4,7,0,0,0,0
JD_11573248,2021-02-28,2,0,2,0,0,0,0
JD_11573246,2021-02-28,0,0,0,0,0,0,0
JD_11573245,2021-02-28,3,3,1,0,0,0,0
JD_11573244,2021-02-28,3,1,2,0,0,0,0
JD_11573243,2021-02-28,1,1,0,0,0,0,0
JD_11573242,2021-02-28,0,0,0,0,0,0,0
JD_11573241,2021-02-28,0,0,0,0,0,0,0
JD_11573239,2021-02-28,1,1,1,0,0,0,0
JD_11573238,2021-02-28,31,10,29,0,0,0,0
JD_11573237,2021-02-28,7,0,7,0,0,0,0
JD_11573235,2021-02-28,6,0,6,0,0,0,0
JD_11573234,2021-02-28,9,6,6,0,0,0,0
JD_11573233,2021-02-28,9,7,8,0,0,0,0
JD_11573232,2021-02-28,5,0,5,0,0,0,0
JD_11573231,2021-02-28,7,0,7,0,0,0,0
JD_11573230,2021-02-28,6,0,6,0,0,0,0
JD_11573229,2021-02-28,3,1,2,0,1,0,0
JD_11572934,2021-02-28,8,7,2,0,0,0,0
JD_11572933,2021-02-28,27,7,25,0,0,0,0
JD_11572932,2021-02-28,30,22,19,0,0,0,0
JD_11572931,2021-02-28,13,4,9,0,0,0,0
JD_11572928,2021-02-28,6,5,4,0,0,0,0
JD_11572927,2021-02-28,287,86,247,12,1,0,1
JD_11572926,2021-02-28,5,1,4,0,1,0,0
JD_11572925,2021-02-28,803,563,400,8,5,0,0
JD_11572924,2021-02-28,73,26,70,1,0,0,0
JD_11572923,2021-02-28,71,26,71,0,0,0,0
JD_11572922,2021-02-28,80,14,76,2,1,0,1
JD_11572921,2021-02-28,1,0,1,0,0,0,0
JD_11572920,2021-02-28,0,0,0,0,0,0,0
JD_11572918,2021-02-28,1111,656,690,4,6,1,4
JD_11572917,2021-02-28,6,2,5,0,0,0,0
JD_11572916,2021-02-28,45,36,25,0,1,0,0
JD_11572915,2021-02-28,46,0,45,1,0,0,0
JD_11572914,2021-02-28,112,26,111,1,0,0,0
JD_11572913,2021-02-28,7,0,7,0,0,0,0
JD_11572912,2021-02-28,38,26,26,1,1,0,0
JD_11572910,2021-02-28,70,17,64,2,0,0,0
JD_11572909,2021-02-28,145,116,141,0,0,0,0
JD_11572907,2021-02-28,27,18,19,0,0,0,0
JD_11572906,2021-02-28,23,18,11,1,0,0,0
JD_11572905,2021-02-28,22,12,11,0,0,0,0
JD_11572904,2021-02-28,44,29,28,0,0,0,0
JD_11572903,2021-02-28,617,424,301,1,1,1,4
JD_11572901,2021-02-28,157,98,102,0,0,0,1
JD_11572899,2021-02-28,7,4,7,0,0,0,0
JD_11572898,2021-02-28,9,1,8,0,0,0,0
