JD_12038492,2021-02-28,8,7,5,0,0,0,0
JD_12038491,2021-02-28,22,16,10,0,0,0,0
JD_12038490,2021-02-28,1,0,1,0,0,0,0
JD_12038489,2021-02-28,49,36,36,0,0,1,0
JD_12038488,2021-02-28,7,7,2,0,0,0,0
JD_12038487,2021-02-28,39,32,23,0,0,0,0
JD_12038486,2021-02-28,1,1,1,0,0,0,0
JD_12038485,2021-02-28,37,24,28,0,0,0,0
JD_12038484,2021-02-28,5,5,2,0,0,0,0
JD_12038483,2021-02-28,384,277,229,2,0,0,4
JD_12038482,2021-02-28,1,1,1,0,0,0,0
JD_12038481,2021-02-28,54,38,32,0,0,0,0
JD_12038480,2021-02-28,14,12,5,0,0,0,0
JD_12038479,2021-02-28,68,42,42,1,0,0,1
JD_12038478,2021-02-28,2,1,2,0,0,0,0
JD_12038477,2021-02-28,33,23,23,0,1,0,0
JD_12038476,2021-02-28,0,0,0,0,0,0,0
JD_12038475,2021-02-28,49,38,29,0,0,0,0
JD_12038474,2021-02-28,0,0,0,0,0,0,0
JD_12038473,2021-02-28,58,42,28,0,0,0,0
JD_12038472,2021-02-28,4,4,2,0,0,0,0
JD_12038471,2021-02-28,4862,4155,3073,5,2,15,4
JD_12038470,2021-02-28,87,63,44,0,0,0,1
JD_12038468,2021-02-28,19,17,14,0,0,0,0
JD_12038467,2021-02-28,106,61,101,0,0,0,0
JD_12038466,2021-02-28,10,6,8,0,0,0,0
JD_12038464,2021-02-28,3,3,1,0,0,0,0
JD_12038462,2021-02-28,2,1,1,0,0,0,0
JD_12038459,2021-02-28,514,436,200,0,0,0,1
JD_12038458,2021-02-28,4,3,4,0,0,0,0
JD_12038457,2021-02-28,184,42,181,2,1,0,1
JD_12038456,2021-02-28,2,2,1,0,0,0,0
JD_12038454,2021-02-28,2,0,2,0,0,0,0
JD_12038453,2021-02-28,33,21,33,0,0,0,0
JD_12038452,2021-02-28,27,24,15,0,0,0,0
JD_12038445,2021-02-28,116,57,116,0,0,1,1
JD_12038441,2021-02-28,123,90,122,1,0,0,1
JD_12038440,2021-02-28,4,2,3,0,0,0,0
JD_12038439,2021-02-28,183,132,182,0,1,0,0
JD_12037934,2021-02-28,4,4,1,0,0,0,0
JD_12037933,2021-02-28,6,3,6,0,0,0,0
JD_12037932,2021-02-28,0,0,0,0,0,0,0
JD_12037931,2021-02-28,31,26,15,0,0,0,0
JD_12037930,2021-02-28,6,2,4,0,0,0,0
JD_12037929,2021-02-28,11,9,6,0,0,0,0
JD_12037928,2021-02-28,2,2,2,0,0,0,0
JD_12037927,2021-02-28,4,3,2,0,0,0,0
JD_12037926,2021-02-28,4,3,4,0,0,0,0
JD_12037925,2021-02-28,15,11,7,0,0,0,0
JD_12037924,2021-02-28,0,0,0,0,0,0,0
JD_12037923,2021-02-28,24,17,13,1,0,0,0
JD_12037922,2021-02-28,1160,939,735,0,0,0,1
JD_12037921,2021-02-28,8,6,3,0,0,0,1
JD_12037919,2021-02-28,12,11,3,0,0,0,0
JD_12037918,2021-02-28,142,114,68,0,0,0,0
JD_12037917,2021-02-28,9,8,4,0,0,0,0
JD_12037915,2021-02-28,28,23,17,0,0,0,0
JD_12037913,2021-02-28,0,0,0,0,0,0,0
JD_12037912,2021-02-28,2,2,1,0,0,0,0
JD_12037911,2021-02-28,27,24,12,0,0,0,0
JD_12037910,2021-02-28,4,4,2,0,0,0,0
JD_12037909,2021-02-28,9,8,4,0,0,0,0
JD_12037908,2021-02-28,0,0,0,0,0,0,0
JD_12037907,2021-02-28,10,9,2,0,0,0,0
JD_12037906,2021-02-28,0,0,0,0,0,0,0
JD_12037905,2021-02-28,0,0,0,0,0,0,0
JD_12037904,2021-02-28,5,4,4,0,0,0,0
JD_12037903,2021-02-28,16,14,12,0,0,0,0
JD_12037902,2021-02-28,633,527,339,0,0,0,0
JD_12037901,2021-02-28,17,14,8,0,0,0,0
