JD_12156868,2021-02-28,18,15,7,0,0,0,0
JD_12156866,2021-02-28,7,4,4,0,0,0,0
JD_12156865,2021-02-28,193,140,109,2,0,0,0
JD_12156864,2021-02-28,2,2,1,0,0,0,0
JD_12156863,2021-02-28,27,22,18,0,0,0,0
JD_12156862,2021-02-28,13,8,11,0,0,0,0
JD_12156861,2021-02-28,85,69,26,0,0,0,0
JD_12156860,2021-02-28,7,3,5,0,0,0,0
JD_12156859,2021-02-28,1077,746,1077,0,0,0,5
JD_12156858,2021-02-28,11,11,8,0,0,0,0
JD_12156857,2021-02-28,116,88,116,0,0,0,0
JD_12156856,2021-02-28,14,11,11,0,0,0,0
JD_12156855,2021-02-28,211,154,210,1,0,0,2
JD_12156854,2021-02-28,1279,1061,820,3,4,0,5
JD_12156853,2021-02-28,230,178,229,1,0,0,0
JD_12156852,2021-02-28,554,477,203,1,0,2,0
JD_12156851,2021-02-28,17,15,8,0,0,0,0
JD_12156850,2021-02-28,10,6,6,0,0,0,0
JD_12156849,2021-02-28,4,3,3,0,0,0,0
JD_12156848,2021-02-28,37,22,30,0,0,0,0
JD_12156846,2021-02-28,12,9,9,0,0,0,0
JD_12156845,2021-02-28,61,51,33,0,1,0,0
JD_12156844,2021-02-28,4,4,2,0,0,0,0
JD_12156842,2021-02-28,4,3,2,0,0,0,0
JD_12156840,2021-02-28,1,1,1,0,0,0,0
JD_12156839,2021-02-28,996,836,589,1,1,1,2
JD_12156838,2021-02-28,25,18,18,0,0,0,0
JD_12156836,2021-02-28,36,27,35,0,0,0,1
JD_12156835,2021-02-28,14,10,9,0,2,0,0
JD_12156351,2021-02-28,236,176,234,1,1,0,1
JD_12156349,2021-02-28,198,153,196,1,1,0,0
JD_12156348,2021-02-28,1,1,0,0,0,0,0
JD_12156347,2021-02-28,84,69,84,0,0,0,0
JD_12156346,2021-02-28,6,3,4,0,0,0,0
JD_12156345,2021-02-28,453,393,136,0,0,0,0
JD_12156344,2021-02-28,4,1,4,0,0,0,0
JD_12156343,2021-02-28,220,184,63,1,1,0,1
JD_12156341,2021-02-28,178,133,178,0,0,0,0
JD_12156340,2021-02-28,0,0,0,0,0,0,0
JD_12156339,2021-02-28,279,231,119,0,0,0,0
JD_12156338,2021-02-28,16,8,15,0,0,0,0
JD_12156337,2021-02-28,1123,840,922,0,1,6,2
JD_12156336,2021-02-28,6,2,5,0,0,0,0
JD_12156335,2021-02-28,279,200,193,0,0,0,1
JD_12156334,2021-02-28,8,8,6,0,0,0,0
JD_12156333,2021-02-28,163,131,114,0,1,1,0
JD_12156332,2021-02-28,11,6,8,0,1,0,0
JD_12156331,2021-02-28,129,105,95,0,1,0,1
JD_12156330,2021-02-28,0,0,0,0,0,0,0
JD_12156329,2021-02-28,22,22,18,0,0,0,0
JD_12156328,2021-02-28,2,1,1,0,0,0,0
JD_12156327,2021-02-28,390,317,313,1,1,0,0
JD_12156323,2021-02-28,3,1,3,0,0,0,0
JD_12156321,2021-02-28,34,26,15,0,0,0,0
JD_12156320,2021-02-28,0,0,0,0,0,0,0
JD_12156319,2021-02-28,19,16,12,0,0,0,0
JD_12156318,2021-02-28,3,2,3,0,0,0,0
JD_12156316,2021-02-28,13,10,8,1,0,0,0
JD_12156315,2021-02-28,27,17,16,0,0,0,0
JD_12156314,2021-02-28,6,6,1,0,0,0,0
JD_12156313,2021-02-28,0,0,0,0,0,0,0
JD_12156312,2021-02-28,3,3,2,0,0,0,0
JD_12156311,2021-02-28,72,54,72,0,0,0,1
JD_12156310,2021-02-28,2,2,0,0,0,0,0
JD_12156309,2021-02-28,506,388,317,1,2,0,0
JD_12156307,2021-02-28,117,94,85,0,0,0,1
JD_12156306,2021-02-28,15,15,6,0,0,0,0
JD_12156305,2021-02-28,2,2,1,0,0,0,0
JD_12156304,2021-02-28,7,4,4,0,0,0,0
JD_12156303,2021-02-28,58,47,31,0,0,0,0
