JD_11395698,2021-02-28,0,0,0,0,0,0,0
JD_11395697,2021-02-28,12,9,5,0,0,0,0
JD_11395695,2021-02-28,2,1,1,0,0,0,0
JD_11395691,2021-02-28,0,0,0,0,0,0,0
JD_11395689,2021-02-28,8,2,7,0,0,0,0
JD_11395688,2021-02-28,8,1,8,0,0,0,0
JD_11395672,2021-02-28,1,0,1,0,0,0,0
JD_11395671,2021-02-28,1711,1222,962,5,2,2,6
JD_11395670,2021-02-28,35,8,34,1,0,0,0
JD_11395669,2021-02-28,17,6,14,1,0,0,0
JD_11395668,2021-02-28,367,192,310,4,2,1,3
JD_11395667,2021-02-28,41,20,41,0,0,0,0
JD_11395660,2021-02-28,0,0,0,0,0,0,0
JD_11395656,2021-02-28,0,0,0,0,0,0,0
JD_11395655,2021-02-28,0,0,0,0,0,0,0
JD_11395654,2021-02-28,0,0,0,0,0,0,0
JD_11395653,2021-02-28,0,0,0,0,0,0,0
JD_11395652,2021-02-28,0,0,0,0,0,0,0
JD_11395651,2021-02-28,50,36,24,1,0,0,0
JD_11395650,2021-02-28,22,17,7,0,0,0,0
JD_11395649,2021-02-28,71,48,39,0,1,0,0
JD_11395647,2021-02-28,1,1,0,0,0,0,0
JD_11395646,2021-02-28,2,2,0,0,0,0,0
JD_11395644,2021-02-28,33,18,27,0,0,0,0
JD_11395641,2021-02-28,41,25,41,0,0,0,0
JD_11395639,2021-02-28,13,7,6,1,0,0,0
JD_11395638,2021-02-28,3,0,3,0,0,0,0
JD_11395637,2021-02-28,0,0,0,0,0,0,0
JD_11395636,2021-02-28,0,0,0,0,0,0,0
JD_11395635,2021-02-28,0,0,0,0,0,0,0
JD_11395634,2021-02-28,0,0,0,0,0,0,0
JD_11395633,2021-02-28,344,147,300,3,1,0,0
JD_11395632,2021-02-28,0,0,0,0,0,0,0
JD_11395631,2021-02-28,0,0,0,0,0,0,0
JD_11395629,2021-02-28,0,0,0,0,0,0,0
JD_11395628,2021-02-28,1,0,1,0,0,0,0
JD_11395627,2021-02-28,0,0,0,0,0,0,0
JD_11395626,2021-02-28,0,0,0,0,0,0,0
JD_11395625,2021-02-28,21,11,13,0,0,0,0
JD_11395623,2021-02-28,0,0,0,0,0,0,0
JD_11395621,2021-02-28,16,9,10,1,0,0,0
JD_11395619,2021-02-28,0,0,0,0,0,0,0
JD_11395618,2021-02-28,241,173,131,0,1,0,0
JD_11395617,2021-02-28,129,0,123,4,2,0,0
JD_11395616,2021-02-28,594,432,455,1,0,0,1
JD_11395615,2021-02-28,1,1,1,0,0,0,0
JD_11395614,2021-02-28,541,341,377,0,0,2,0
JD_11395613,2021-02-28,421,284,262,0,0,1,0
JD_11395612,2021-02-28,20,4,18,1,0,0,0
JD_11395611,2021-02-28,1646,925,1286,3,3,0,9
JD_11395609,2021-02-28,0,0,0,0,0,0,0
JD_11395608,2021-02-28,195,125,97,0,0,0,0
JD_11395607,2021-02-28,114,60,63,1,0,0,0
JD_11395605,2021-02-28,0,0,0,0,0,0,0
JD_11395602,2021-02-28,0,0,0,0,0,0,0
JD_11395601,2021-02-28,3,2,3,0,0,0,0
JD_11395599,2021-02-28,1,1,1,0,0,0,0
JD_11395590,2021-02-28,1097,679,733,3,2,2,1
JD_11395589,2021-02-28,5,4,1,0,0,0,0
JD_11395588,2021-02-28,0,0,0,0,0,0,0
JD_11395587,2021-02-28,7,6,6,0,0,0,0
JD_11395586,2021-02-28,8,5,6,0,0,0,0
JD_11395585,2021-02-28,1,0,1,0,0,0,0
JD_11395584,2021-02-28,0,0,0,0,0,0,0
JD_11395582,2021-02-28,2,2,1,0,0,0,0
JD_11395580,2021-02-28,15,3,14,0,1,0,0
JD_11395579,2021-02-28,12,8,8,0,0,0,0
JD_11395578,2021-02-28,0,0,0,0,0,0,0
JD_11395577,2021-02-28,0,0,0,0,0,0,0
JD_11395574,2021-02-28,554,380,374,2,3,1,2
