JD_11626249,2021-02-28,45,31,32,1,0,0,1
JD_11626246,2021-02-28,1,1,0,0,0,0,0
JD_11626245,2021-02-28,3,2,2,0,0,0,0
JD_11626244,2021-02-28,1,0,1,0,0,0,0
JD_11626243,2021-02-28,0,0,0,0,0,0,0
JD_11626240,2021-02-28,4,3,3,0,0,0,0
JD_11626239,2021-02-28,1,1,0,0,0,0,0
JD_11626238,2021-02-28,2,2,2,0,0,0,0
JD_11626236,2021-02-28,9,5,8,0,0,0,0
JD_11626235,2021-02-28,8,7,3,0,0,0,0
JD_11626233,2021-02-28,8,4,8,0,0,0,0
JD_11626231,2021-02-28,10,6,10,0,0,0,0
JD_11626223,2021-02-28,5,5,0,0,0,0,0
JD_11626221,2021-02-28,1,0,1,0,0,0,0
JD_11626220,2021-02-28,8,4,6,1,0,0,0
JD_11626219,2021-02-28,6,3,5,0,0,0,0
JD_11626218,2021-02-28,5,5,2,0,0,0,0
JD_11626217,2021-02-28,35,24,33,0,0,0,0
JD_11626216,2021-02-28,12,0,12,0,0,0,0
JD_11626215,2021-02-28,1,0,1,0,0,0,0
JD_11626214,2021-02-28,0,0,0,0,0,0,0
JD_11626213,2021-02-28,0,0,0,0,0,0,0
JD_11626212,2021-02-28,5,0,5,0,0,0,0
JD_11626211,2021-02-28,0,0,0,0,0,0,0
JD_11626210,2021-02-28,0,0,0,0,0,0,0
JD_11626209,2021-02-28,15,3,14,0,0,0,0
JD_11626208,2021-02-28,20,12,17,0,0,0,0
JD_11626207,2021-02-28,1,1,1,0,0,0,0
JD_11626206,2021-02-28,3,0,3,0,0,0,0
JD_11626205,2021-02-28,1,1,1,0,0,0,0
JD_11626204,2021-02-28,8,4,7,0,0,0,0
JD_11626203,2021-02-28,2,0,2,0,0,0,0
JD_11626202,2021-02-28,3,3,1,0,0,0,0
JD_11626200,2021-02-28,3,2,1,0,0,0,0
JD_11626199,2021-02-28,6,0,6,0,0,0,0
JD_11626198,2021-02-28,4,1,3,0,0,0,0
JD_11626197,2021-02-28,15,4,14,1,0,0,0
JD_11626196,2021-02-28,222,100,177,1,0,0,0
JD_11626195,2021-02-28,1,0,1,0,0,0,0
JD_11626192,2021-02-28,4,1,3,0,0,0,0
JD_11625941,2021-02-28,3,2,3,0,0,0,0
JD_11625940,2021-02-28,2,2,2,0,0,0,0
JD_11625939,2021-02-28,10,8,6,0,0,0,0
JD_11625937,2021-02-28,0,0,0,0,0,0,0
JD_11625936,2021-02-28,0,0,0,0,0,0,0
JD_11625935,2021-02-28,3,2,3,0,0,0,0
JD_11625934,2021-02-28,3,1,3,0,0,0,0
JD_11625932,2021-02-28,9,9,5,0,0,0,0
JD_11625931,2021-02-28,6,2,5,0,0,0,0
JD_11625929,2021-02-28,0,0,0,0,0,0,0
JD_11625926,2021-02-28,0,0,0,0,0,0,0
JD_11625925,2021-02-28,0,0,0,0,0,0,0
JD_11625921,2021-02-28,0,0,0,0,0,0,0
JD_11625913,2021-02-28,35,1,32,0,2,0,0
JD_11625911,2021-02-28,3,0,3,0,0,0,0
JD_11625909,2021-02-28,2,1,1,0,0,0,0
JD_11625908,2021-02-28,16,1,16,0,0,0,0
JD_11625907,2021-02-28,3,2,2,0,0,0,0
JD_11625906,2021-02-28,2,2,0,0,0,0,0
JD_11625904,2021-02-28,3,1,3,0,0,0,0
JD_11625903,2021-02-28,485,1,469,9,7,0,0
JD_11625902,2021-02-28,76,0,73,1,2,0,0
JD_11625897,2021-02-28,2,0,2,0,0,0,0
JD_11625889,2021-02-28,2,1,2,0,0,0,0
JD_11625886,2021-02-28,2,2,2,0,0,0,0
JD_11625885,2021-02-28,2,2,1,0,0,0,0
JD_11625883,2021-02-28,0,0,0,0,0,0,0
JD_11625880,2021-02-28,0,0,0,0,0,0,0
JD_11625879,2021-02-28,0,0,0,0,0,0,0
JD_11625875,2021-02-28,2,1,1,0,0,0,0
