JD_12126566,2021-02-28,42,28,41,0,0,0,0
JD_12126565,2021-02-28,54,48,11,0,0,0,0
JD_12126564,2021-02-28,20,17,18,0,0,0,0
JD_12126563,2021-02-28,45,30,20,0,0,0,0
JD_12126562,2021-02-28,323,241,168,1,0,0,2
JD_12126561,2021-02-28,14,8,11,0,0,0,0
JD_12126560,2021-02-28,321,267,163,1,1,0,0
JD_12126559,2021-02-28,25,21,20,0,0,0,0
JD_12126558,2021-02-28,15,10,13,0,0,0,1
JD_12126557,2021-02-28,531,457,251,0,0,2,0
JD_12126556,2021-02-28,5,4,3,0,0,0,0
JD_12126555,2021-02-28,17,16,6,0,0,0,0
JD_12126554,2021-02-28,2,1,2,0,0,0,0
JD_12126553,2021-02-28,104,87,92,0,0,1,0
JD_12126552,2021-02-28,14,8,10,0,0,0,0
JD_12126551,2021-02-28,41,27,19,0,0,0,0
JD_12126549,2021-02-28,188,145,112,1,0,0,3
JD_12126548,2021-02-28,7,4,7,0,0,0,0
JD_12126547,2021-02-28,16,11,9,0,0,0,0
JD_12126546,2021-02-28,89,61,88,0,0,0,0
JD_12126130,2021-02-28,24,15,18,0,0,0,0
JD_12126128,2021-02-28,883,683,325,0,0,2,3
JD_12126126,2021-02-28,100,68,100,0,0,0,0
JD_12126124,2021-02-28,17,11,17,0,0,0,0
JD_12126122,2021-02-28,80,52,63,0,1,0,0
JD_12126120,2021-02-28,43,26,28,1,0,0,0
JD_12126118,2021-02-28,51,35,33,0,0,0,0
JD_12126116,2021-02-28,46,31,28,0,0,0,0
JD_12126114,2021-02-28,42,26,36,0,0,0,0
JD_12126112,2021-02-28,33,30,11,0,0,0,0
JD_12126110,2021-02-28,26,7,26,0,0,0,0
JD_12126108,2021-02-28,16,15,6,0,0,0,0
JD_12126106,2021-02-28,5,3,4,0,0,0,0
JD_12126104,2021-02-28,7,4,4,0,0,0,0
JD_12126100,2021-02-28,66,44,40,0,0,0,0
JD_12126098,2021-02-28,62,42,42,0,0,0,0
JD_12126096,2021-02-28,449,343,289,0,1,0,2
JD_12126094,2021-02-28,4,4,1,0,0,0,0
JD_12126092,2021-02-28,5,4,4,0,0,0,0
JD_12126090,2021-02-28,5,5,1,0,0,0,0
JD_12126088,2021-02-28,23,19,8,0,2,0,0
JD_12126086,2021-02-28,148,115,133,1,1,0,0
JD_12126084,2021-02-28,462,347,384,2,3,0,1
JD_12126082,2021-02-28,6,2,4,0,0,0,0
JD_12126080,2021-02-28,11,9,10,0,0,0,0
JD_12126078,2021-02-28,30,26,28,0,0,0,0
JD_12126076,2021-02-28,8,6,6,0,0,0,0
JD_12126074,2021-02-28,0,0,0,0,0,0,0
JD_12126072,2021-02-28,3,0,3,0,0,0,0
JD_12126070,2021-02-28,0,0,0,0,0,0,0
JD_12126068,2021-02-28,0,0,0,0,0,0,0
JD_12126066,2021-02-28,1,0,1,0,0,0,0
JD_12126064,2021-02-28,11,0,11,0,0,0,0
JD_12126062,2021-02-28,0,0,0,0,0,0,0
JD_12126060,2021-02-28,285,216,281,3,1,0,3
JD_12126058,2021-02-28,1,1,1,0,0,0,0
JD_12126056,2021-02-28,247,204,136,1,0,0,2
JD_12126054,2021-02-28,2,2,0,0,0,0,0
JD_12126052,2021-02-28,13,9,7,0,0,0,0
JD_12126050,2021-02-28,435,356,249,1,0,0,1
JD_12126048,2021-02-28,0,0,0,0,0,0,0
JD_12126046,2021-02-28,2,2,0,0,0,0,0
JD_12126044,2021-02-28,0,0,0,0,0,0,0
JD_12126040,2021-02-28,5,4,5,0,0,0,0
JD_12126038,2021-02-28,0,0,0,0,0,0,0
JD_12126036,2021-02-28,0,0,0,0,0,0,0
JD_12126034,2021-02-28,2,1,2,0,0,0,0
JD_12126032,2021-02-28,9,9,7,0,0,0,0
JD_12126030,2021-02-28,616,482,615,0,1,0,0
JD_12126028,2021-02-28,358,262,358,0,0,0,1
