JD_11532090,2021-02-28,23,0,23,0,0,0,0
JD_11532089,2021-02-28,2,0,2,0,0,0,0
JD_11532087,2021-02-28,44,35,21,0,0,0,0
JD_11532086,2021-02-28,37,10,36,0,1,0,0
JD_11532085,2021-02-28,85,16,83,2,0,0,0
JD_11532083,2021-02-28,5,0,5,0,0,0,0
JD_11532082,2021-02-28,128,79,86,0,0,0,0
JD_11532081,2021-02-28,76,38,73,1,0,0,0
JD_11532080,2021-02-28,29,17,27,0,0,0,0
JD_11532079,2021-02-28,11,5,10,0,0,0,0
JD_11532078,2021-02-28,33,14,32,0,1,0,0
JD_11532077,2021-02-28,1,1,0,0,0,0,0
JD_11532076,2021-02-28,2,0,1,1,0,0,0
JD_11532075,2021-02-28,1,1,0,0,0,0,0
JD_11532073,2021-02-28,1137,34,1110,22,5,0,1
JD_11532072,2021-02-28,2,1,2,0,0,0,0
JD_11532071,2021-02-28,7,5,5,0,0,0,0
JD_11532070,2021-02-28,13,12,3,0,0,0,0
JD_11532068,2021-02-28,32,10,26,2,0,0,0
JD_11532066,2021-02-28,10,2,10,0,0,0,0
JD_11532065,2021-02-28,3,0,3,0,0,0,0
JD_11532064,2021-02-28,5,3,4,0,0,0,0
JD_11532063,2021-02-28,5,1,4,0,0,0,0
JD_11532062,2021-02-28,6,2,6,0,0,0,0
JD_11532061,2021-02-28,5,1,4,0,0,0,0
JD_11532060,2021-02-28,8,5,5,0,0,0,0
JD_11532059,2021-02-28,2,1,1,0,0,0,0
JD_11532057,2021-02-28,6,2,5,0,0,0,0
JD_11532052,2021-02-28,7,3,4,1,0,0,0
JD_11532051,2021-02-28,0,0,0,0,0,0,0
JD_11532050,2021-02-28,0,0,0,0,0,0,0
JD_11532049,2021-02-28,4,1,3,0,0,0,0
JD_11532047,2021-02-28,0,0,0,0,0,0,0
JD_11532046,2021-02-28,0,0,0,0,0,0,0
JD_11532045,2021-02-28,36,7,35,0,1,0,0
JD_11532043,2021-02-28,3,1,2,0,0,0,0
JD_11532040,2021-02-28,0,0,0,0,0,0,0
JD_11532036,2021-02-28,3,1,3,0,0,0,0
JD_11532035,2021-02-28,3,1,3,0,0,0,0
JD_11532034,2021-02-28,1,1,0,0,0,0,0
JD_11532033,2021-02-28,0,0,0,0,0,0,0
JD_11532032,2021-02-28,0,0,0,0,0,0,0
JD_11532025,2021-02-28,0,0,0,0,0,0,0
JD_11532023,2021-02-28,1,1,0,0,0,0,0
JD_11532021,2021-02-28,0,0,0,0,0,0,0
JD_11532020,2021-02-28,4,3,2,0,0,0,0
JD_11532019,2021-02-28,3,3,1,0,0,0,0
JD_11532018,2021-02-28,67,56,31,0,0,0,0
JD_11532017,2021-02-28,12,9,7,0,0,0,0
JD_11532016,2021-02-28,3,2,1,0,0,0,0
JD_11532015,2021-02-28,13,11,3,0,1,0,0
JD_11532014,2021-02-28,3,1,2,0,0,0,0
JD_11532012,2021-02-28,18,10,9,0,0,1,0
JD_11532011,2021-02-28,0,0,0,0,0,0,0
JD_11532010,2021-02-28,82,57,38,0,0,0,0
JD_11532009,2021-02-28,37,26,14,0,0,0,0
JD_11532008,2021-02-28,1,1,0,0,0,0,0
JD_11532007,2021-02-28,3,3,1,0,0,0,0
JD_11532006,2021-02-28,25,14,15,0,0,0,0
JD_11532005,2021-02-28,12,10,5,0,0,0,0
JD_11532003,2021-02-28,40,28,18,0,0,0,0
JD_11532002,2021-02-28,7,6,3,0,0,0,0
JD_11532001,2021-02-28,24,16,13,0,0,0,0
JD_11531999,2021-02-28,16,12,7,0,0,0,0
JD_11531998,2021-02-28,11,8,5,0,0,0,0
JD_11531997,2021-02-28,10,6,5,0,0,0,0
JD_11531996,2021-02-28,38,11,30,1,1,0,0
JD_11531995,2021-02-28,29,20,11,1,0,0,0
JD_11531994,2021-02-28,4,3,1,0,0,0,0
JD_11531993,2021-02-28,135,65,83,2,0,2,1
