JD_11306308,2021-02-28,38,30,21,0,0,0,0
JD_11306307,2021-02-28,59,19,59,0,0,0,0
JD_11306306,2021-02-28,5,1,4,0,0,0,0
JD_11306305,2021-02-28,43,0,41,2,0,0,0
JD_11306304,2021-02-28,270,60,240,6,1,0,0
JD_11306302,2021-02-28,2,2,2,0,0,0,0
JD_11306301,2021-02-28,6,6,2,0,0,0,0
JD_11306300,2021-02-28,2,0,2,0,0,0,0
JD_11306298,2021-02-28,3,0,2,1,0,0,0
JD_11306297,2021-02-28,229,17,209,12,4,0,0
JD_11306295,2021-02-28,8,1,8,0,0,0,0
JD_11306294,2021-02-28,11,4,9,0,0,0,0
JD_11306293,2021-02-28,9,2,9,0,0,0,0
JD_11306288,2021-02-28,0,0,0,0,0,0,0
JD_11306286,2021-02-28,0,0,0,0,0,0,0
JD_11306285,2021-02-28,0,0,0,0,0,0,0
JD_11306284,2021-02-28,18,10,11,0,0,0,0
JD_11306280,2021-02-28,15,6,9,0,0,0,0
JD_11306277,2021-02-28,0,0,0,0,0,0,0
JD_11306273,2021-02-28,788,445,643,6,4,0,0
JD_11306269,2021-02-28,0,0,0,0,0,0,0
JD_11306265,2021-02-28,27,17,14,0,0,0,0
JD_11306264,2021-02-28,9,7,4,0,0,0,0
JD_11306263,2021-02-28,21,15,8,0,0,0,0
JD_11306254,2021-02-28,3,2,3,0,0,0,0
JD_11306250,2021-02-28,39,2,37,2,0,0,0
JD_11306247,2021-02-28,0,0,0,0,0,0,0
JD_11306244,2021-02-28,41,9,41,0,0,0,0
JD_11306243,2021-02-28,27,11,20,1,1,0,0
JD_11306240,2021-02-28,52,16,48,1,1,0,1
JD_11306239,2021-02-28,14,12,7,0,0,0,0
JD_11306238,2021-02-28,19,10,16,0,0,0,0
JD_11306237,2021-02-28,18,9,9,0,0,0,0
JD_11306235,2021-02-28,4,2,3,0,0,0,0
JD_11306234,2021-02-28,16,14,4,0,0,0,0
JD_11306233,2021-02-28,27,10,23,0,1,0,0
JD_11306232,2021-02-28,485,32,470,10,3,0,0
JD_11306231,2021-02-28,87,70,23,0,1,0,0
JD_11306230,2021-02-28,381,158,310,8,9,1,1
JD_11306229,2021-02-28,28,10,27,0,0,0,0
JD_11306228,2021-02-28,0,0,0,0,0,0,0
JD_11306225,2021-02-28,76,1,74,1,1,0,0
JD_11306224,2021-02-28,5,4,3,0,0,0,0
JD_11306223,2021-02-28,144,55,138,3,2,0,0
JD_11306222,2021-02-28,8,1,8,0,0,0,0
JD_11306219,2021-02-28,18,1,18,0,0,0,0
JD_11306218,2021-02-28,3,2,2,0,0,0,0
JD_11306217,2021-02-28,2,1,1,0,0,0,0
JD_11306214,2021-02-28,0,0,0,0,0,0,0
JD_11306213,2021-02-28,0,0,0,0,0,0,0
JD_11306212,2021-02-28,0,0,0,0,0,0,0
JD_11306211,2021-02-28,124,48,117,1,2,0,0
JD_11306210,2021-02-28,2,1,2,0,0,0,0
JD_11306206,2021-02-28,0,0,0,0,0,0,0
JD_11306204,2021-02-28,1,0,1,0,0,0,0
JD_11306200,2021-02-28,1,1,1,0,0,0,0
JD_11306198,2021-02-28,0,0,0,0,0,0,0
JD_11306197,2021-02-28,0,0,0,0,0,0,0
JD_11306196,2021-02-28,0,0,0,0,0,0,0
JD_11306195,2021-02-28,1,0,1,0,0,0,0
JD_11306193,2021-02-28,2,2,2,0,0,0,0
JD_11306191,2021-02-28,10,4,7,0,0,0,0
JD_11306190,2021-02-28,4,2,3,1,0,0,0
JD_11306189,2021-02-28,11,5,8,0,0,0,0
JD_11306187,2021-02-28,0,0,0,0,0,0,0
JD_11306186,2021-02-28,8,3,7,0,0,0,0
JD_11306185,2021-02-28,1,0,1,0,0,0,0
JD_11306182,2021-02-28,0,0,0,0,0,0,0
JD_11306179,2021-02-28,0,0,0,0,0,0,0
JD_11306174,2021-02-28,0,0,0,0,0,0,0
