JD_11615398,2021-02-28,46,17,40,2,1,0,0
JD_11615397,2021-02-28,0,0,0,0,0,0,0
JD_11615395,2021-02-28,0,0,0,0,0,0,0
JD_11615394,2021-02-28,2,1,1,0,0,0,0
JD_11615393,2021-02-28,8,3,5,1,1,0,0
JD_11615392,2021-02-28,66,9,64,2,0,0,1
JD_11615391,2021-02-28,331,193,254,5,5,0,0
JD_11615390,2021-02-28,0,0,0,0,0,0,0
JD_11615389,2021-02-28,8,2,8,0,0,0,0
JD_11615388,2021-02-28,0,0,0,0,0,0,0
JD_11615387,2021-02-28,86,23,76,4,0,0,0
JD_11615386,2021-02-28,14,1,13,1,0,0,0
JD_11615385,2021-02-28,63,29,63,0,0,0,0
JD_11615384,2021-02-28,192,119,107,0,3,1,2
JD_11615383,2021-02-28,54,38,27,1,0,0,1
JD_11615382,2021-02-28,12,9,9,0,0,0,0
JD_11615381,2021-02-28,612,433,355,7,4,0,1
JD_11615380,2021-02-28,122,35,111,6,4,0,0
JD_11615379,2021-02-28,19,0,19,0,0,0,0
JD_11615378,2021-02-28,5,2,4,0,0,0,0
JD_11615377,2021-02-28,166,92,156,2,1,0,0
JD_11615376,2021-02-28,43,7,42,1,0,0,0
JD_11615375,2021-02-28,14,5,11,0,0,0,0
JD_11615374,2021-02-28,0,0,0,0,0,0,0
JD_11615373,2021-02-28,0,0,0,0,0,0,0
JD_11615372,2021-02-28,1,0,1,0,0,0,0
JD_11615371,2021-02-28,0,0,0,0,0,0,0
JD_11615370,2021-02-28,3,2,2,0,0,0,0
JD_11615369,2021-02-28,12,9,7,0,0,0,0
JD_11615368,2021-02-28,6,5,5,0,0,0,0
JD_11615367,2021-02-28,1,1,0,0,0,0,0
JD_11615366,2021-02-28,1,0,1,0,0,0,0
JD_11615365,2021-02-28,51,34,33,0,0,0,0
JD_11615364,2021-02-28,109,77,69,0,1,0,0
JD_11615363,2021-02-28,34,28,20,1,0,0,0
JD_11615362,2021-02-28,4,1,4,0,0,0,0
JD_11615361,2021-02-28,4,3,2,0,0,0,0
JD_11615359,2021-02-28,0,0,0,0,0,0,0
JD_11615358,2021-02-28,3,2,2,0,0,0,0
JD_11615357,2021-02-28,10,6,7,0,0,0,0
JD_11615099,2021-02-28,32,6,31,0,0,0,0
JD_11615098,2021-02-28,35,17,32,0,0,0,0
JD_11615097,2021-02-28,0,0,0,0,0,0,0
JD_11615096,2021-02-28,1,1,0,0,0,0,0
JD_11615095,2021-02-28,0,0,0,0,0,0,0
JD_11615094,2021-02-28,2,2,1,0,0,0,0
JD_11615093,2021-02-28,4,4,1,0,0,0,0
JD_11615092,2021-02-28,17,9,10,1,0,0,0
JD_11615091,2021-02-28,0,0,0,0,0,0,0
JD_11615090,2021-02-28,0,0,0,0,0,0,0
JD_11615089,2021-02-28,30,20,19,0,0,0,0
JD_11615088,2021-02-28,0,0,0,0,0,0,0
JD_11615087,2021-02-28,0,0,0,0,0,0,0
JD_11615086,2021-02-28,0,0,0,0,0,0,0
JD_11615085,2021-02-28,0,0,0,0,0,0,0
JD_11615084,2021-02-28,0,0,0,0,0,0,0
JD_11615082,2021-02-28,0,0,0,0,0,0,0
JD_11615079,2021-02-28,0,0,0,0,0,0,0
JD_11615078,2021-02-28,0,0,0,0,0,0,0
JD_11615077,2021-02-28,0,0,0,0,0,0,0
JD_11615074,2021-02-28,0,0,0,0,0,0,0
JD_11615073,2021-02-28,0,0,0,0,0,0,0
JD_11615072,2021-02-28,5,4,2,0,0,0,0
JD_11615070,2021-02-28,486,297,220,2,1,3,1
JD_11615068,2021-02-28,17,0,15,2,0,0,0
JD_11615067,2021-02-28,2,2,0,0,0,0,0
JD_11615066,2021-02-28,0,0,0,0,0,0,0
JD_11615065,2021-02-28,1,0,1,0,0,0,0
JD_11615064,2021-02-28,0,0,0,0,0,0,0
JD_11615063,2021-02-28,3,0,3,0,0,0,0
