JD_11798182,2021-02-28,73,49,46,0,0,0,0
JD_11798181,2021-02-28,13,9,5,0,0,0,0
JD_11798180,2021-02-28,3,2,1,0,0,0,0
JD_11798179,2021-02-28,14,8,7,1,0,0,0
JD_11798178,2021-02-28,14,10,5,1,0,0,0
JD_11798177,2021-02-28,14,9,6,0,0,0,0
JD_11798176,2021-02-28,16,10,8,0,0,0,0
JD_11798175,2021-02-28,37,27,30,0,0,0,0
JD_11798172,2021-02-28,15,10,6,0,0,0,0
JD_11798171,2021-02-28,49,30,40,0,0,0,0
JD_11798170,2021-02-28,22,0,22,0,0,0,0
JD_11798168,2021-02-28,40,26,19,0,0,0,0
JD_11798167,2021-02-28,21,19,4,0,0,0,0
JD_11798166,2021-02-28,29,0,29,0,0,0,0
JD_11798165,2021-02-28,332,32,330,1,0,0,0
JD_11798164,2021-02-28,1,0,1,0,0,0,0
JD_11798163,2021-02-28,426,193,354,2,3,0,0
JD_11798162,2021-02-28,162,8,159,2,0,0,0
JD_11798161,2021-02-28,6,4,6,0,0,0,0
JD_11798160,2021-02-28,19,17,5,0,0,0,0
JD_11798159,2021-02-28,26,15,16,1,0,0,0
JD_11798158,2021-02-28,5,5,3,0,0,0,0
JD_11798157,2021-02-28,439,173,347,11,1,0,0
JD_11798156,2021-02-28,1296,0,1265,17,14,0,2
JD_11798155,2021-02-28,2,1,2,0,0,0,0
JD_11798154,2021-02-28,714,358,691,0,2,1,3
JD_11798153,2021-02-28,3,2,3,0,0,0,0
JD_11798152,2021-02-28,4,4,1,0,0,0,0
JD_11798151,2021-02-28,5,4,3,0,0,0,0
JD_11798150,2021-02-28,6,5,5,0,0,0,0
JD_11798149,2021-02-28,26,0,26,0,0,0,0
JD_11798148,2021-02-28,9,7,6,0,0,0,0
JD_11798147,2021-02-28,6,4,3,0,0,0,0
JD_11798146,2021-02-28,9,7,5,0,0,0,0
JD_11798145,2021-02-28,3,2,3,0,0,0,0
JD_11798144,2021-02-28,2,2,0,0,0,0,0
JD_11798143,2021-02-28,25,23,9,0,0,0,0
JD_11798142,2021-02-28,0,0,0,0,0,0,0
JD_11798141,2021-02-28,23,9,20,0,0,1,0
JD_11798139,2021-02-28,44,34,30,0,0,1,0
JD_11798138,2021-02-28,232,176,66,0,0,0,0
JD_11798137,2021-02-28,642,497,316,1,0,2,1
JD_11798136,2021-02-28,0,0,0,0,0,0,0
JD_11798135,2021-02-28,506,361,332,1,2,0,1
JD_11798134,2021-02-28,27,20,14,0,0,0,0
JD_11797744,2021-02-28,31,23,20,0,1,0,0
JD_11797743,2021-02-28,280,168,262,2,1,0,0
JD_11797742,2021-02-28,55,46,36,0,1,0,0
JD_11797740,2021-02-28,23,0,20,2,1,0,0
JD_11797739,2021-02-28,91,7,85,5,1,0,3
JD_11797738,2021-02-28,0,0,0,0,0,0,0
JD_11797737,2021-02-28,8,8,3,0,0,0,0
JD_11797736,2021-02-28,85,73,47,0,0,0,0
JD_11797735,2021-02-28,403,305,307,0,1,1,0
JD_11797734,2021-02-28,7,2,4,0,1,0,0
JD_11797733,2021-02-28,2,0,2,0,0,0,0
JD_11797731,2021-02-28,378,257,342,0,0,2,2
JD_11797730,2021-02-28,1277,1084,973,0,0,2,0
JD_11797729,2021-02-28,115,99,53,0,0,0,0
JD_11797727,2021-02-28,26,25,9,0,0,0,0
JD_11797725,2021-02-28,18,16,6,1,0,0,0
JD_11797724,2021-02-28,2,2,0,0,0,0,0
JD_11797723,2021-02-28,13,8,13,0,0,0,0
JD_11797721,2021-02-28,3,2,1,0,0,0,0
JD_11797720,2021-02-28,14,6,12,0,0,0,0
JD_11797719,2021-02-28,4,3,4,0,0,0,0
JD_11797718,2021-02-28,165,103,122,0,1,0,0
JD_11797717,2021-02-28,14,5,14,0,0,0,0
JD_11797716,2021-02-28,366,289,215,0,0,0,0
JD_11797715,2021-02-28,1,0,1,0,0,0,0
