JD_11466088,2021-02-28,13,11,8,0,0,0,0
JD_11466087,2021-02-28,3,2,1,0,0,0,0
JD_11466086,2021-02-28,74,29,62,0,0,0,1
JD_11466085,2021-02-28,339,111,330,7,0,1,0
JD_11466084,2021-02-28,185,116,125,2,0,0,0
JD_11466083,2021-02-28,21,15,8,0,0,0,0
JD_11466080,2021-02-28,75,7,66,4,4,0,0
JD_11466079,2021-02-28,216,5,210,6,0,0,0
JD_11466078,2021-02-28,213,1,205,6,2,0,0
JD_11466077,2021-02-28,9,8,2,0,0,0,0
JD_11466076,2021-02-28,28,9,26,0,0,0,0
JD_11466075,2021-02-28,44,19,30,1,0,0,1
JD_11466074,2021-02-28,3,3,3,0,0,0,0
JD_11466073,2021-02-28,2,1,2,0,0,0,0
JD_11466071,2021-02-28,21,13,14,0,0,0,0
JD_11466070,2021-02-28,19,8,13,0,0,0,1
JD_11466069,2021-02-28,323,111,260,2,1,0,2
JD_11466068,2021-02-28,20,0,19,1,0,0,0
JD_11466066,2021-02-28,120,5,108,6,2,0,0
JD_11466064,2021-02-28,39,22,19,1,0,0,0
JD_11466062,2021-02-28,206,0,198,5,3,0,0
JD_11466056,2021-02-28,104,0,99,4,1,0,0
JD_11466054,2021-02-28,1,1,1,0,0,0,0
JD_11466052,2021-02-28,6,1,6,0,0,0,0
JD_11466051,2021-02-28,1,0,1,0,0,0,0
JD_11466049,2021-02-28,3,0,3,0,0,0,0
JD_11466044,2021-02-28,3,2,2,0,0,0,0
JD_11466041,2021-02-28,591,157,581,3,1,0,2
JD_11466039,2021-02-28,2383,744,2230,12,14,0,2
JD_11466038,2021-02-28,38,14,26,1,2,0,0
JD_11466031,2021-02-28,649,0,642,3,4,0,0
JD_11466030,2021-02-28,738,0,728,5,5,0,0
JD_11466028,2021-02-28,487,0,484,3,0,0,0
JD_11466027,2021-02-28,634,0,625,8,1,0,0
JD_11466026,2021-02-28,925,0,906,15,4,0,0
JD_11466025,2021-02-28,453,32,449,4,0,0,0
JD_11466020,2021-02-28,3,2,2,1,0,0,0
JD_11466019,2021-02-28,4,3,3,1,0,0,0
JD_11466018,2021-02-28,3,2,2,0,0,0,0
JD_11466017,2021-02-28,96,52,96,0,0,0,1
JD_11466016,2021-02-28,245,166,110,3,1,0,1
JD_11466015,2021-02-28,20,11,13,0,0,0,0
JD_11466014,2021-02-28,562,373,353,2,1,1,1
JD_11466013,2021-02-28,2,1,1,0,0,0,0
JD_11466012,2021-02-28,4,2,2,0,0,0,0
JD_11466011,2021-02-28,11,7,6,0,0,0,0
JD_11466010,2021-02-28,4,4,2,0,0,0,0
JD_11466009,2021-02-28,8,4,5,0,0,0,0
JD_11466008,2021-02-28,3,1,2,0,0,0,0
JD_11466007,2021-02-28,2,2,0,0,0,0,0
JD_11466004,2021-02-28,432,256,328,1,0,0,0
JD_11466000,2021-02-28,13,0,13,0,0,0,0
JD_11465999,2021-02-28,766,252,759,2,2,0,0
JD_11465997,2021-02-28,5,0,5,0,0,0,0
JD_11465996,2021-02-28,11,7,11,0,0,0,0
JD_11465995,2021-02-28,8,4,8,0,0,0,0
JD_11465994,2021-02-28,10,7,10,0,0,0,0
JD_11465993,2021-02-28,9,6,9,0,0,0,0
JD_11465992,2021-02-28,3,1,2,0,1,0,0
JD_11465989,2021-02-28,11,4,11,0,0,0,0
JD_11465988,2021-02-28,6,0,6,0,0,0,0
JD_11465986,2021-02-28,5,2,5,0,0,0,0
JD_11465975,2021-02-28,10,0,10,0,0,0,0
JD_11465973,2021-02-28,34,1,32,1,1,0,0
JD_11465972,2021-02-28,50,4,48,2,0,0,0
JD_11465971,2021-02-28,12,0,12,0,0,0,0
JD_11465970,2021-02-28,15,1,14,1,0,0,1
JD_11465969,2021-02-28,28,4,29,0,0,0,0
JD_11465968,2021-02-28,6616,3521,4647,29,13,6,12
JD_11465967,2021-02-28,24,7,20,1,0,0,0
