JD_11452871,2021-02-28,11,9,5,1,0,0,0
JD_11452870,2021-02-28,3,3,2,0,0,0,0
JD_11452869,2021-02-28,7,4,4,0,1,0,0
JD_11452867,2021-02-28,57,38,24,0,0,0,0
JD_11452866,2021-02-28,5,4,2,0,0,0,0
JD_11452863,2021-02-28,354,73,310,4,3,0,0
JD_11452862,2021-02-28,35,0,34,0,1,0,0
JD_11452861,2021-02-28,11,10,8,0,0,0,0
JD_11452859,2021-02-28,7,4,4,0,0,0,0
JD_11452857,2021-02-28,107,74,49,0,0,0,0
JD_11452855,2021-02-28,4,4,2,0,0,0,0
JD_11452853,2021-02-28,5,4,2,0,0,0,0
JD_11452852,2021-02-28,0,0,0,0,0,0,0
JD_11452851,2021-02-28,0,0,0,0,0,0,0
JD_11452850,2021-02-28,0,0,0,0,0,0,0
JD_11452849,2021-02-28,10,3,10,0,0,0,0
JD_11452848,2021-02-28,0,0,0,0,0,0,0
JD_11452847,2021-02-28,0,0,0,0,0,0,0
JD_11452846,2021-02-28,0,0,0,0,0,0,0
JD_11452845,2021-02-28,0,0,0,0,0,0,0
JD_11452843,2021-02-28,0,0,0,0,0,0,0
JD_11452841,2021-02-28,718,447,397,5,0,1,1
JD_11452840,2021-02-28,481462,283772,386713,1191,578,335,1063
JD_11452839,2021-02-28,197,0,195,1,1,0,0
JD_11452838,2021-02-28,5,2,5,0,0,0,0
JD_11452837,2021-02-28,29,12,27,0,2,0,0
JD_11452836,2021-02-28,6,3,6,0,0,0,0
JD_11452835,2021-02-28,9,3,9,0,0,0,0
JD_11452834,2021-02-28,8,3,8,0,0,0,0
JD_11452833,2021-02-28,10,3,10,0,0,0,0
JD_11452832,2021-02-28,4,1,2,0,1,0,0
JD_11452831,2021-02-28,7,1,7,0,0,0,0
JD_11452829,2021-02-28,8,4,6,0,0,0,0
JD_11452828,2021-02-28,8,2,7,0,0,0,0
JD_11452827,2021-02-28,1480,1074,969,8,2,0,2
JD_11452824,2021-02-28,12,0,12,0,0,0,0
JD_11452823,2021-02-28,71,13,70,0,1,0,0
JD_11452817,2021-02-28,100,0,98,1,1,0,0
JD_11452816,2021-02-28,104,0,103,0,1,0,0
JD_11452797,2021-02-28,593,57,533,45,15,0,0
JD_11452796,2021-02-28,23,1,23,0,0,0,0
JD_11452795,2021-02-28,53,38,33,0,0,0,0
JD_11452792,2021-02-28,7,4,4,1,0,0,0
JD_11452791,2021-02-28,50,31,49,0,0,0,0
JD_11452790,2021-02-28,2,0,2,0,0,0,0
JD_11452787,2021-02-28,47,17,43,1,0,0,0
JD_11452784,2021-02-28,0,0,0,0,0,0,0
JD_11452783,2021-02-28,0,0,0,0,0,0,0
JD_11452769,2021-02-28,39719,18664,32427,198,56,36,61
JD_11452736,2021-02-28,16548,11150,11282,66,32,19,29
JD_11452735,2021-02-28,546,320,499,2,0,0,1
JD_11452724,2021-02-28,64,0,60,2,2,0,0
JD_11452723,2021-02-28,54,0,51,2,1,0,0
JD_11452722,2021-02-28,4,2,2,0,0,0,0
JD_11452721,2021-02-28,1140,651,835,9,7,0,3
JD_11452720,2021-02-28,149,41,138,6,5,0,0
JD_11452719,2021-02-28,37,13,27,1,1,0,0
JD_11452717,2021-02-28,161,80,157,0,1,0,0
JD_11452716,2021-02-28,160,95,142,1,0,0,0
JD_11452715,2021-02-28,164,52,134,3,1,0,0
JD_11452709,2021-02-28,23,11,17,0,0,0,0
JD_11452706,2021-02-28,38,6,31,1,0,0,0
JD_11452705,2021-02-28,88,8,82,4,1,0,0
JD_11452704,2021-02-28,2395,913,1951,31,7,1,4
JD_11452703,2021-02-28,19,0,18,0,1,0,0
JD_11452702,2021-02-28,13,11,8,0,0,0,0
JD_11452700,2021-02-28,1,1,1,0,0,0,0
JD_11452699,2021-02-28,2004,85,1904,55,18,0,2
JD_11452698,2021-02-28,2,0,2,0,0,0,0
JD_11452690,2021-02-28,109,75,64,0,0,0,0
