JD_12436387,2021-02-28,464,403,117,0,1,0,0
JD_12436385,2021-02-28,3,3,1,0,0,0,0
JD_12436384,2021-02-28,389,326,76,1,1,1,1
JD_12436383,2021-02-28,46,39,7,0,0,0,1
JD_12436382,2021-02-28,19,13,10,0,0,0,0
JD_12436381,2021-02-28,121,97,82,0,0,0,0
JD_12436380,2021-02-28,4,4,0,0,0,0,0
JD_12436379,2021-02-28,2,2,0,0,0,0,0
JD_12436377,2021-02-28,126,106,37,0,0,0,0
JD_12436376,2021-02-28,6,5,1,0,0,0,0
JD_12436375,2021-02-28,59,44,18,0,0,0,0
JD_12436374,2021-02-28,2,1,2,0,0,0,0
JD_12436373,2021-02-28,52,44,9,0,0,0,0
JD_12436372,2021-02-28,18,15,3,0,0,0,0
JD_12436371,2021-02-28,0,0,0,0,0,0,0
JD_12436370,2021-02-28,4,3,2,0,0,0,0
JD_12436369,2021-02-28,4039,3309,1156,2,2,8,4
JD_12436368,2021-02-28,5,5,2,0,0,0,0
JD_12436366,2021-02-28,0,0,0,0,0,0,0
JD_12436365,2021-02-28,511,409,455,0,0,0,1
JD_12436364,2021-02-28,3,2,2,0,0,0,0
JD_12436362,2021-02-28,0,0,0,0,0,0,0
JD_12436360,2021-02-28,0,0,0,0,0,0,0
JD_12436358,2021-02-28,1,1,0,0,0,0,0
JD_12436357,2021-02-28,572,444,254,0,0,2,0
JD_12436356,2021-02-28,1,1,0,0,0,0,0
JD_12436354,2021-02-28,3,3,0,0,0,0,0
JD_12436353,2021-02-28,260,210,85,0,0,0,0
JD_12436352,2021-02-28,4,3,2,0,0,0,0
JD_12436351,2021-02-28,649,530,487,1,0,2,1
JD_12436350,2021-02-28,2,2,0,0,0,0,0
JD_12436349,2021-02-28,481,371,171,0,0,1,0
JD_12436348,2021-02-28,0,0,0,0,0,0,0
JD_12436346,2021-02-28,3,3,0,0,0,0,0
JD_12436345,2021-02-28,0,0,0,0,0,0,0
JD_12436269,2021-02-28,5,4,2,0,0,0,0
JD_12436268,2021-02-28,2,2,1,0,0,0,0
JD_12436267,2021-02-28,4,4,0,0,0,0,0
JD_12436266,2021-02-28,0,0,0,0,0,0,0
JD_12436265,2021-02-28,6,6,1,0,0,0,0
JD_12436264,2021-02-28,6,4,3,0,0,0,0
JD_12436263,2021-02-28,1,1,0,0,0,0,0
JD_12436262,2021-02-28,4,4,1,0,0,0,0
JD_12436261,2021-02-28,4,3,2,0,0,0,0
JD_12436260,2021-02-28,2,2,0,0,0,0,0
JD_12436259,2021-02-28,3,2,1,0,0,0,0
JD_12436258,2021-02-28,85,76,23,0,0,0,0
JD_12436257,2021-02-28,5,4,1,0,0,0,0
JD_12436256,2021-02-28,38,32,9,0,0,0,0
JD_12436255,2021-02-28,9,8,1,0,0,0,0
JD_12436254,2021-02-28,1537,1305,325,0,0,1,3
JD_12436253,2021-02-28,1,1,0,0,0,0,0
JD_12436252,2021-02-28,12,10,2,0,0,0,0
JD_12436251,2021-02-28,31,24,6,0,1,0,0
JD_12436250,2021-02-28,4,4,1,0,0,0,0
JD_12436249,2021-02-28,5,4,2,0,0,0,0
JD_12436248,2021-02-28,5,5,3,0,0,0,0
JD_12436247,2021-02-28,40,31,22,0,0,0,0
JD_12436246,2021-02-28,6,6,1,0,0,0,0
JD_12436245,2021-02-28,8,8,2,0,0,0,0
JD_12436241,2021-02-28,89,72,25,0,0,0,0
JD_12436239,2021-02-28,0,0,0,0,0,0,0
JD_12436237,2021-02-28,6,3,4,0,0,0,0
JD_12436236,2021-02-28,62,53,10,0,0,0,1
JD_12436235,2021-02-28,27,22,11,0,0,0,0
JD_12436234,2021-02-28,331,280,76,0,0,0,0
JD_12436233,2021-02-28,75,64,29,0,0,0,0
JD_12436232,2021-02-28,2,2,0,0,0,0,0
JD_12436231,2021-02-28,2,2,1,0,0,0,0
JD_12436230,2021-02-28,2,2,0,0,0,0,0
