JD_11494205,2021-02-28,0,0,0,0,0,0,0
JD_11494204,2021-02-28,9,7,5,0,0,0,0
JD_11494203,2021-02-28,6,5,2,0,0,0,0
JD_11494201,2021-02-28,2,1,2,0,0,0,0
JD_11494199,2021-02-28,98,15,95,2,1,0,0
JD_11494198,2021-02-28,31,14,31,0,0,0,0
JD_11494197,2021-02-28,18,10,17,0,0,0,0
JD_11494196,2021-02-28,0,0,0,0,0,0,0
JD_11494195,2021-02-28,0,0,0,0,0,0,0
JD_11494194,2021-02-28,1826,1120,1243,3,0,4,6
JD_11494193,2021-02-28,0,0,0,0,0,0,0
JD_11494190,2021-02-28,9,7,4,0,0,0,0
JD_11494189,2021-02-28,5,4,2,0,0,0,0
JD_11494187,2021-02-28,0,0,0,0,0,0,0
JD_11494186,2021-02-28,11,9,5,0,0,0,0
JD_11494185,2021-02-28,23,15,13,0,0,0,0
JD_11494182,2021-02-28,7,6,4,0,0,0,0
JD_11494181,2021-02-28,0,0,0,0,0,0,0
JD_11494178,2021-02-28,2,1,1,0,0,0,0
JD_11494177,2021-02-28,13,12,4,0,0,0,0
JD_11494176,2021-02-28,0,0,0,0,0,0,0
JD_11494173,2021-02-28,6,2,6,0,0,0,0
JD_11494172,2021-02-28,5,1,5,0,0,0,0
JD_11494171,2021-02-28,5,4,4,0,0,0,0
JD_11494170,2021-02-28,1,0,1,0,0,0,0
JD_11494169,2021-02-28,0,0,0,0,0,0,0
JD_11494167,2021-02-28,0,0,0,0,0,0,0
JD_11494166,2021-02-28,6,4,5,0,0,0,0
JD_11494165,2021-02-28,0,0,0,0,0,0,0
JD_11494163,2021-02-28,13,7,10,0,0,0,0
JD_11494162,2021-02-28,2,2,2,0,0,0,0
JD_11494161,2021-02-28,0,0,0,0,0,0,0
JD_11494159,2021-02-28,0,0,0,0,0,0,0
JD_11494158,2021-02-28,0,0,0,0,0,0,0
JD_11494156,2021-02-28,0,0,0,0,0,0,0
JD_11494149,2021-02-28,0,0,0,0,0,0,0
JD_11494147,2021-02-28,0,0,0,0,0,0,0
JD_11494146,2021-02-28,0,0,0,0,0,0,0
JD_11494145,2021-02-28,0,0,0,0,0,0,0
JD_11494144,2021-02-28,0,0,0,0,0,0,0
JD_11494143,2021-02-28,0,0,0,0,0,0,0
JD_11494142,2021-02-28,0,0,0,0,0,0,0
JD_11494141,2021-02-28,0,0,0,0,0,0,0
JD_11494140,2021-02-28,0,0,0,0,0,0,0
JD_11494139,2021-02-28,0,0,0,0,0,0,0
JD_11494138,2021-02-28,0,0,0,0,0,0,0
JD_11494137,2021-02-28,0,0,0,0,0,0,0
JD_11494136,2021-02-28,0,0,0,0,0,0,0
JD_11494135,2021-02-28,0,0,0,0,0,0,0
JD_11494134,2021-02-28,0,0,0,0,0,0,0
JD_11494132,2021-02-28,0,0,0,0,0,0,0
JD_11494131,2021-02-28,0,0,0,0,0,0,0
JD_11494126,2021-02-28,6,3,2,0,1,0,0
JD_11494125,2021-02-28,31,11,25,1,0,0,0
JD_11494122,2021-02-28,0,0,0,0,0,0,0
JD_11494121,2021-02-28,41,20,29,0,0,0,0
JD_11494120,2021-02-28,164,102,89,1,1,0,0
JD_11494119,2021-02-28,46,24,32,0,0,0,0
JD_11494117,2021-02-28,58,21,55,1,2,0,0
JD_11494116,2021-02-28,42,28,21,1,0,0,1
JD_11494115,2021-02-28,31,25,8,1,0,0,0
JD_11494114,2021-02-28,30,18,24,1,0,0,0
JD_11494113,2021-02-28,78,45,64,1,0,0,0
JD_11494109,2021-02-28,14,2,14,0,0,0,0
JD_11494107,2021-02-28,34,8,31,0,0,0,0
JD_11494089,2021-02-28,378,296,285,2,1,1,0
JD_11494084,2021-02-28,232,169,192,2,2,0,0
JD_11494083,2021-02-28,595,445,461,7,2,1,0
JD_11494080,2021-02-28,3764,2508,2899,5,7,4,5
JD_11494078,2021-02-28,612,359,577,1,0,0,0
