JD_11295004,2021-02-28,2,1,1,0,0,0,0
JD_11295003,2021-02-28,16,11,12,0,0,0,0
JD_11295002,2021-02-28,75,53,53,1,1,0,0
JD_11295001,2021-02-28,11,10,1,0,0,0,0
JD_11295000,2021-02-28,7,2,7,0,0,0,1
JD_11294999,2021-02-28,9,2,8,0,0,0,0
JD_11294997,2021-02-28,4,2,3,0,0,0,0
JD_11294996,2021-02-28,2,1,1,0,0,0,0
JD_11294995,2021-02-28,55,25,36,0,1,0,0
JD_11294994,2021-02-28,6,2,4,0,0,0,0
JD_11294990,2021-02-28,11,6,10,0,0,0,0
JD_11294986,2021-02-28,9,5,9,0,0,0,0
JD_11294985,2021-02-28,11,6,10,1,0,0,0
JD_11294983,2021-02-28,0,0,0,0,0,0,0
JD_11294981,2021-02-28,7,2,7,0,0,0,0
JD_11294980,2021-02-28,14,4,13,0,0,0,0
JD_11294979,2021-02-28,2,1,2,0,0,0,0
JD_11294978,2021-02-28,0,0,0,0,0,0,0
JD_11294977,2021-02-28,69,1,66,3,0,0,0
JD_11294976,2021-02-28,4,4,1,0,0,0,0
JD_11294973,2021-02-28,856,482,844,4,0,3,0
JD_11294972,2021-02-28,638,325,624,3,0,2,0
JD_11294971,2021-02-28,20,12,13,0,0,0,0
JD_11294970,2021-02-28,0,0,0,0,0,0,0
JD_11294969,2021-02-28,92,0,90,1,1,0,0
JD_11294968,2021-02-28,7,1,6,1,0,0,0
JD_11294967,2021-02-28,50,14,49,0,1,0,1
JD_11294966,2021-02-28,4,1,4,0,0,0,0
JD_11294964,2021-02-28,13,10,9,0,0,0,0
JD_11294963,2021-02-28,2,2,2,0,0,0,0
JD_11294962,2021-02-28,6,0,6,0,0,0,0
JD_11294961,2021-02-28,1,0,1,0,0,0,0
JD_11294960,2021-02-28,11,8,8,0,0,0,0
JD_11294959,2021-02-28,2,0,2,0,0,0,0
JD_11294956,2021-02-28,87,60,50,0,0,0,0
JD_11294955,2021-02-28,41,16,35,0,0,0,0
JD_11294954,2021-02-28,154,85,120,1,0,0,0
JD_11294953,2021-02-28,192,120,133,0,0,0,0
JD_11294951,2021-02-28,42,21,33,0,0,1,0
JD_11294950,2021-02-28,129,76,76,1,1,0,0
JD_11294949,2021-02-28,142,72,109,0,0,0,0
JD_11294948,2021-02-28,40,8,40,0,0,0,0
JD_11294947,2021-02-28,715,204,648,16,11,1,4
JD_11294945,2021-02-28,8,2,7,0,0,0,0
JD_11294944,2021-02-28,0,0,0,0,0,0,0
JD_11294943,2021-02-28,70,47,30,0,1,1,0
JD_11294942,2021-02-28,154,32,148,4,2,0,0
JD_11294941,2021-02-28,5,3,2,0,0,0,0
JD_11294940,2021-02-28,1,1,0,0,0,0,0
JD_11294939,2021-02-28,4,3,2,0,0,0,0
JD_11294936,2021-02-28,33,21,29,0,0,0,0
JD_11294935,2021-02-28,29,17,29,0,0,0,0
JD_11294934,2021-02-28,3,0,3,0,0,0,0
JD_11294933,2021-02-28,0,0,0,0,0,0,0
JD_11294929,2021-02-28,72,25,71,1,0,0,0
JD_11294928,2021-02-28,151,37,150,0,0,0,0
JD_11294924,2021-02-28,2,0,2,0,0,0,0
JD_11294922,2021-02-28,3,1,3,0,0,0,0
JD_11294921,2021-02-28,2,2,1,0,0,0,0
JD_11294920,2021-02-28,0,0,0,0,0,0,0
JD_11294919,2021-02-28,0,0,0,0,0,0,0
JD_11294918,2021-02-28,0,0,0,0,0,0,0
JD_11294917,2021-02-28,1,1,0,0,0,0,0
JD_11294916,2021-02-28,0,0,0,0,0,0,0
JD_11294914,2021-02-28,0,0,0,0,0,0,0
JD_11294913,2021-02-28,0,0,0,0,0,0,0
JD_11294912,2021-02-28,0,0,0,0,0,0,0
JD_11294911,2021-02-28,178,104,147,1,0,0,0
JD_11294910,2021-02-28,20,12,14,0,1,0,0
JD_11294907,2021-02-28,4,0,4,0,0,0,0
