JD_11497565,2021-02-28,83,21,81,0,0,0,0
JD_11497564,2021-02-28,8,3,6,1,0,0,0
JD_11497563,2021-02-28,1,0,1,0,0,0,0
JD_11497562,2021-02-28,123,34,102,2,0,0,1
JD_11497561,2021-02-28,25,8,24,0,0,0,0
JD_11497560,2021-02-28,34,3,34,0,0,0,0
JD_11497559,2021-02-28,149,87,116,2,1,0,0
JD_11497558,2021-02-28,319,164,286,6,2,0,2
JD_11497557,2021-02-28,350,125,282,1,3,0,1
JD_11497556,2021-02-28,149,109,98,0,0,0,0
JD_11497555,2021-02-28,3,0,3,0,0,0,0
JD_11497554,2021-02-28,32,7,27,1,0,0,0
JD_11497553,2021-02-28,49,7,43,3,1,0,1
JD_11497552,2021-02-28,19,0,19,0,0,0,0
JD_11497551,2021-02-28,2,1,1,0,0,0,0
JD_11497550,2021-02-28,0,0,0,0,0,0,0
JD_11497549,2021-02-28,44,0,44,0,0,0,0
JD_11497548,2021-02-28,48,21,37,0,1,0,0
JD_11497547,2021-02-28,7,4,4,0,0,0,0
JD_11497546,2021-02-28,10,9,4,0,0,0,0
JD_11497545,2021-02-28,8,4,6,0,0,0,0
JD_11497544,2021-02-28,32,20,18,0,0,0,0
JD_11497543,2021-02-28,4033,2904,2387,19,5,2,9
JD_11497542,2021-02-28,422,306,244,1,0,0,1
JD_11497541,2021-02-28,99,63,60,0,0,0,0
JD_11497540,2021-02-28,24,18,10,0,0,0,0
JD_11497539,2021-02-28,43,21,32,0,0,0,0
JD_11497538,2021-02-28,5,2,4,0,0,0,0
JD_11497537,2021-02-28,33,25,15,0,0,0,0
JD_11497536,2021-02-28,32,17,17,1,0,0,0
JD_11497535,2021-02-28,1,1,0,0,0,0,0
JD_11497534,2021-02-28,162,91,112,0,0,0,1
JD_11497533,2021-02-28,56,29,38,0,0,0,0
JD_11497532,2021-02-28,12,6,9,0,0,0,0
JD_11497531,2021-02-28,2,0,2,0,0,0,0
JD_11497530,2021-02-28,76,46,54,0,0,0,1
JD_11497529,2021-02-28,5,4,4,0,0,0,0
JD_11497528,2021-02-28,57,29,31,1,2,0,0
JD_11497527,2021-02-28,40,17,33,1,0,0,0
JD_11497526,2021-02-28,29,20,12,0,1,0,0
JD_11497525,2021-02-28,2,2,1,0,0,0,0
JD_11497524,2021-02-28,12,4,12,0,0,0,0
JD_11497522,2021-02-28,94,30,81,0,1,0,0
JD_11497521,2021-02-28,0,0,0,0,0,0,0
JD_11497516,2021-02-28,0,0,0,0,0,0,0
JD_11497514,2021-02-28,2394,496,2245,58,19,1,1
JD_11497513,2021-02-28,32,25,8,0,0,0,0
JD_11497512,2021-02-28,2747,2088,993,6,0,0,2
JD_11497510,2021-02-28,0,0,0,0,0,0,0
JD_11497506,2021-02-28,0,0,0,0,0,0,0
JD_11497505,2021-02-28,0,0,0,0,0,0,0
JD_11497503,2021-02-28,0,0,0,0,0,0,0
JD_11497498,2021-02-28,0,0,0,0,0,0,0
JD_11497491,2021-02-28,0,0,0,0,0,0,0
JD_11497490,2021-02-28,0,0,0,0,0,0,0
JD_11497487,2021-02-28,0,0,0,0,0,0,0
JD_11497486,2021-02-28,0,0,0,0,0,0,0
JD_11497484,2021-02-28,0,0,0,0,0,0,0
JD_11497483,2021-02-28,0,0,0,0,0,0,0
JD_11497482,2021-02-28,0,0,0,0,0,0,0
JD_11497479,2021-02-28,0,0,0,0,0,0,0
JD_11497475,2021-02-28,0,0,0,0,0,0,0
JD_11497471,2021-02-28,0,0,0,0,0,0,0
JD_11497465,2021-02-28,6983,3132,6224,54,16,1,14
JD_11497464,2021-02-28,97,32,80,2,0,0,0
JD_11497463,2021-02-28,1569,885,1153,8,6,5,6
JD_11497462,2021-02-28,27,10,27,0,0,0,0
JD_11497461,2021-02-28,297,225,131,0,0,0,1
JD_11497460,2021-02-28,37,19,33,0,0,0,0
JD_11497453,2021-02-28,10,7,6,0,0,0,0
