JD_11372450,2021-02-28,47,11,47,0,0,0,0
JD_11372449,2021-02-28,11,3,10,0,0,0,0
JD_11372447,2021-02-28,7,5,7,0,0,0,0
JD_11372446,2021-02-28,25,2,22,2,1,0,0
JD_11372445,2021-02-28,21,7,20,1,0,0,0
JD_11372444,2021-02-28,30,6,30,0,0,0,1
JD_11372443,2021-02-28,1,0,1,0,0,0,0
JD_11372442,2021-02-28,5,2,5,0,0,0,0
JD_11372441,2021-02-28,13,4,13,0,0,0,0
JD_11372440,2021-02-28,8,3,5,1,0,0,0
JD_11372439,2021-02-28,11,3,10,0,1,0,0
JD_11372438,2021-02-28,6,1,6,0,0,0,0
JD_11372437,2021-02-28,21,2,20,1,0,0,0
JD_11372436,2021-02-28,13,6,13,0,0,0,0
JD_11372435,2021-02-28,11,0,11,0,0,0,0
JD_11372434,2021-02-28,11,0,10,0,1,0,0
JD_11372433,2021-02-28,10,4,9,1,0,0,0
JD_11372432,2021-02-28,9,4,9,0,0,0,0
JD_11372431,2021-02-28,33,2,32,1,0,0,0
JD_11372430,2021-02-28,113,77,96,1,0,0,0
JD_11372429,2021-02-28,7,2,7,0,0,0,0
JD_11372428,2021-02-28,442,323,297,0,2,0,1
JD_11372427,2021-02-28,8,1,7,0,1,0,0
JD_11372426,2021-02-28,162,120,93,1,4,1,0
JD_11372425,2021-02-28,219,156,117,1,1,0,0
JD_11372424,2021-02-28,80,0,80,0,0,0,0
JD_11372423,2021-02-28,37,8,36,0,0,0,1
JD_11372422,2021-02-28,1078,0,1041,27,10,0,0
JD_11372421,2021-02-28,58,41,30,0,0,0,0
JD_11372420,2021-02-28,44,24,41,1,0,0,0
JD_11372419,2021-02-28,427,0,419,6,2,0,0
JD_11372418,2021-02-28,771,449,589,2,1,0,2
JD_11372416,2021-02-28,39,11,35,1,0,0,0
JD_11372415,2021-02-28,26,12,25,0,0,0,0
JD_11372414,2021-02-28,21,15,12,0,0,0,0
JD_11372413,2021-02-28,42,31,21,0,0,0,0
JD_11372412,2021-02-28,44,23,36,0,0,0,0
JD_11372411,2021-02-28,19,13,13,0,0,0,0
JD_11372410,2021-02-28,45,35,24,0,0,0,0
JD_11372409,2021-02-28,8,2,8,0,0,0,0
JD_11372408,2021-02-28,26,11,22,0,0,0,0
JD_11372406,2021-02-28,54,35,37,1,0,0,0
JD_11372405,2021-02-28,40,20,40,0,0,0,0
JD_11372404,2021-02-28,44,19,42,2,0,0,0
JD_11372401,2021-02-28,0,0,0,0,0,0,0
JD_11372393,2021-02-28,0,0,0,0,0,0,0
JD_11372390,2021-02-28,4,0,4,0,0,0,0
JD_11372386,2021-02-28,6,0,6,0,0,0,0
JD_11372385,2021-02-28,19,6,17,2,0,0,0
JD_11372384,2021-02-28,113,0,110,3,0,0,1
JD_11372382,2021-02-28,290,0,278,10,2,0,0
JD_11372381,2021-02-28,165,29,155,8,2,0,0
JD_11372380,2021-02-28,113,20,112,0,1,0,0
JD_11372379,2021-02-28,306,203,109,3,2,0,1
JD_11372378,2021-02-28,663,346,523,3,2,0,2
JD_11372377,2021-02-28,45,16,41,1,1,0,0
JD_11372376,2021-02-28,4,4,4,0,0,0,0
JD_11372375,2021-02-28,6,4,4,0,0,0,0
JD_11372374,2021-02-28,258,0,255,1,2,0,0
JD_11372373,2021-02-28,388,193,355,6,3,0,1
JD_11372371,2021-02-28,5,2,5,0,0,0,0
JD_11372370,2021-02-28,0,0,0,0,0,0,0
JD_11372368,2021-02-28,0,0,0,0,0,0,0
JD_11372366,2021-02-28,1,1,1,0,0,0,0
JD_11372364,2021-02-28,12,7,11,0,0,0,0
JD_11372361,2021-02-28,102,67,53,1,0,0,0
JD_11372360,2021-02-28,34,1,34,0,0,0,0
JD_11372359,2021-02-28,11,5,6,0,0,0,0
JD_11372358,2021-02-28,0,0,0,0,0,0,0
JD_11372356,2021-02-28,14,3,14,0,0,0,0
