JD_12489443,2021-02-28,4,4,0,0,0,0,0
JD_12489442,2021-02-28,15,14,4,0,0,0,0
JD_12489441,2021-02-28,383,255,127,2,0,0,1
JD_12489440,2021-02-28,24,22,2,0,0,0,0
JD_12489439,2021-02-28,3,2,1,0,0,0,0
JD_12489438,2021-02-28,116,101,23,0,1,0,0
JD_12489437,2021-02-28,187,137,51,0,0,0,2
JD_12489436,2021-02-28,70,55,17,0,0,0,0
JD_12489435,2021-02-28,13,13,0,0,0,0,0
JD_12489434,2021-02-28,102,89,15,0,0,0,0
JD_12489433,2021-02-28,5,2,3,0,0,0,0
JD_12489432,2021-02-28,172,142,34,0,0,0,0
JD_12489431,2021-02-28,756,650,106,0,0,0,1
JD_12489430,2021-02-28,101,85,16,0,0,0,0
JD_12489429,2021-02-28,20,11,9,0,0,0,0
JD_12489428,2021-02-28,10,8,3,0,0,0,0
JD_12489427,2021-02-28,3,2,1,0,0,0,0
JD_12489426,2021-02-28,1361,1166,243,2,3,1,2
JD_12489425,2021-02-28,7,6,1,0,0,0,0
JD_12489424,2021-02-28,36,29,9,0,0,0,0
JD_12489423,2021-02-28,3,2,1,0,0,0,0
JD_12489422,2021-02-28,59,47,16,0,0,0,0
JD_12489421,2021-02-28,3,3,0,0,0,0,0
JD_12489420,2021-02-28,16,13,5,0,0,0,0
JD_12489419,2021-02-28,43,25,18,0,0,0,0
JD_12489418,2021-02-28,3,2,1,0,0,0,0
JD_12489417,2021-02-28,11,7,4,0,0,0,0
JD_12489416,2021-02-28,0,0,0,0,0,0,0
JD_12489415,2021-02-28,4,4,0,0,0,0,0
JD_12489414,2021-02-28,96,81,45,0,0,0,1
JD_12489413,2021-02-28,5,4,1,0,0,0,0
JD_12489412,2021-02-28,15,13,2,0,0,0,0
JD_12489411,2021-02-28,1,0,1,0,0,0,0
JD_12489410,2021-02-28,21,21,0,0,0,0,0
JD_12489409,2021-02-28,0,0,0,0,0,0,0
JD_12489407,2021-02-28,295,247,48,0,0,1,0
JD_12489406,2021-02-28,42,38,12,0,0,0,0
JD_12489405,2021-02-28,180,111,69,0,0,0,0
JD_12489404,2021-02-28,2,2,0,0,0,0,0
JD_12489403,2021-02-28,141,125,16,0,0,0,0
JD_12489402,2021-02-28,9,7,4,0,0,0,0
JD_12489401,2021-02-28,7,5,2,0,0,0,0
JD_12489400,2021-02-28,2,2,1,0,0,0,0
JD_12489399,2021-02-28,470,401,68,0,1,0,2
JD_12489398,2021-02-28,2,2,0,0,0,0,0
JD_12489397,2021-02-28,1146,1007,136,2,1,1,0
JD_12489396,2021-02-28,119,99,27,0,0,0,0
JD_12489395,2021-02-28,30,27,2,0,1,0,1
JD_12489062,2021-02-28,836,674,180,0,0,4,2
JD_12489060,2021-02-28,115,94,24,0,0,0,0
JD_12489058,2021-02-28,76,64,12,0,0,0,0
JD_12489057,2021-02-28,36984,31444,5494,28,36,24,48
JD_12489056,2021-02-28,25,22,3,0,0,0,0
JD_12489054,2021-02-28,0,0,0,0,0,0,0
JD_12489053,2021-02-28,846,753,479,0,0,2,0
JD_12489051,2021-02-28,457,372,86,0,0,1,1
JD_12489050,2021-02-28,2,0,2,0,0,0,0
JD_12489049,2021-02-28,647,525,125,0,1,0,1
JD_12489048,2021-02-28,24,16,10,0,0,0,0
JD_12489045,2021-02-28,5,5,0,0,0,0,0
JD_12489044,2021-02-28,136,112,44,0,0,0,1
JD_12489043,2021-02-28,18,14,4,0,0,0,0
JD_12489042,2021-02-28,149,130,26,0,0,0,0
JD_12489041,2021-02-28,14,13,1,0,0,0,0
JD_12489040,2021-02-28,215,175,190,1,1,0,0
JD_12489039,2021-02-28,13001,10394,2579,22,6,22,24
JD_12489038,2021-02-28,59,47,13,0,0,0,0
JD_12489037,2021-02-28,5823,4692,1118,9,4,8,7
JD_12489036,2021-02-28,427,355,87,0,0,0,1
JD_12489035,2021-02-28,13,10,3,0,0,0,0
