JD_12534677,2021-02-28,16,15,1,0,0,0,0
JD_12534676,2021-02-28,5,5,0,0,0,0,0
JD_12534675,2021-02-28,19,16,3,0,0,0,0
JD_12534674,2021-02-28,11,9,2,0,0,0,0
JD_12534673,2021-02-28,266,234,30,1,1,0,0
JD_12534672,2021-02-28,7,7,0,0,0,0,0
JD_12534671,2021-02-28,32,28,4,0,0,0,0
JD_12534670,2021-02-28,6,6,0,0,0,0,0
JD_12534669,2021-02-28,26,24,2,0,0,0,0
JD_12534668,2021-02-28,2,2,0,0,0,0,0
JD_12534667,2021-02-28,87,78,9,0,0,0,0
JD_12534666,2021-02-28,3,2,1,0,0,0,0
JD_12534665,2021-02-28,39,37,2,0,0,0,0
JD_12534664,2021-02-28,3645,3099,542,4,0,4,4
JD_12534663,2021-02-28,558,500,58,0,0,0,0
JD_12534662,2021-02-28,0,0,0,0,0,0,0
JD_12534660,2021-02-28,14,13,1,0,0,0,0
JD_12534659,2021-02-28,81,76,5,0,0,0,0
JD_12534658,2021-02-28,8,7,2,0,0,0,0
JD_12534657,2021-02-28,389,345,44,0,0,0,2
JD_12534656,2021-02-28,3,2,1,0,0,0,0
JD_12534655,2021-02-28,51,42,9,0,0,0,0
JD_12534654,2021-02-28,0,0,0,0,0,0,0
JD_12534653,2021-02-28,53,44,9,0,0,0,1
JD_12534652,2021-02-28,6,5,1,0,0,0,0
JD_12534651,2021-02-28,63,52,11,0,0,1,0
JD_12534650,2021-02-28,18,14,4,0,0,0,0
JD_12534649,2021-02-28,35,30,5,0,0,0,0
JD_12534648,2021-02-28,5,5,0,0,0,0,0
JD_12534646,2021-02-28,4,4,0,0,0,0,0
JD_12534645,2021-02-28,87,69,18,0,0,0,1
JD_12534644,2021-02-28,4,4,0,0,0,0,0
JD_12534643,2021-02-28,0,0,0,0,0,0,0
JD_12534642,2021-02-28,5,5,0,0,0,0,0
JD_12534641,2021-02-28,0,0,0,0,0,0,0
JD_12534640,2021-02-28,250,207,46,0,0,1,1
JD_12534639,2021-02-28,0,0,0,0,0,0,0
JD_12534638,2021-02-28,508,452,56,0,0,0,1
JD_12534637,2021-02-28,6,5,1,0,0,0,0
JD_12534636,2021-02-28,3,2,1,0,0,0,0
JD_12534635,2021-02-28,7895,6937,948,6,4,2,10
JD_12534634,2021-02-28,17,16,1,0,0,0,0
JD_12534633,2021-02-28,0,0,0,0,0,0,0
JD_12534632,2021-02-28,1,1,0,0,0,0,0
JD_12534631,2021-02-28,0,0,0,0,0,0,0
JD_12534630,2021-02-28,5,4,1,0,0,0,0
JD_12534629,2021-02-28,111,88,23,0,0,0,1
JD_12534553,2021-02-28,3,3,0,0,0,0,0
JD_12534552,2021-02-28,43,34,9,0,0,1,0
JD_12534551,2021-02-28,136,115,20,0,1,0,0
JD_12534550,2021-02-28,872,746,126,0,0,0,2
JD_12534549,2021-02-28,418,337,81,0,0,0,0
JD_12534548,2021-02-28,208,183,25,0,0,0,0
JD_12534547,2021-02-28,213,169,42,2,0,0,0
JD_12534546,2021-02-28,1642,1266,372,3,1,3,3
JD_12534545,2021-02-28,125,108,17,0,0,0,0
JD_12534544,2021-02-28,0,0,0,0,0,0,0
JD_12534543,2021-02-28,107,82,24,1,0,0,0
JD_12534542,2021-02-28,25,16,9,0,0,0,0
JD_12534541,2021-02-28,342,283,59,0,0,2,1
JD_12534540,2021-02-28,1,1,0,0,0,0,0
JD_12534539,2021-02-28,125,101,22,1,1,0,1
JD_12534538,2021-02-28,3,3,0,0,0,0,0
JD_12534537,2021-02-28,409,363,46,0,0,0,0
JD_12534536,2021-02-28,2,2,0,0,0,0,0
JD_12534535,2021-02-28,2,2,0,0,0,0,0
JD_12534534,2021-02-28,153,127,26,0,0,0,0
JD_12534533,2021-02-28,9,8,1,0,0,0,0
JD_12534532,2021-02-28,10,9,1,0,0,0,0
JD_12534531,2021-02-28,48,44,4,0,0,0,0
