JD_11404998,2021-02-28,8,8,2,0,0,0,0
JD_11404997,2021-02-28,3,3,2,0,0,0,0
JD_11404993,2021-02-28,0,0,0,0,0,0,0
JD_11404992,2021-02-28,0,0,0,0,0,0,0
JD_11404991,2021-02-28,1,1,0,0,0,0,0
JD_11404988,2021-02-28,23,15,11,0,0,0,0
JD_11404987,2021-02-28,2,1,2,0,0,0,0
JD_11404986,2021-02-28,42,30,20,0,0,0,0
JD_11404985,2021-02-28,2,2,1,0,0,0,0
JD_11404984,2021-02-28,19,14,7,1,0,0,0
JD_11404983,2021-02-28,21,6,21,0,0,0,0
JD_11404982,2021-02-28,6,4,3,0,0,0,0
JD_11404981,2021-02-28,7,5,2,0,0,0,0
JD_11404980,2021-02-28,0,0,0,0,0,0,0
JD_11404979,2021-02-28,19,11,12,0,0,0,0
JD_11404978,2021-02-28,25,17,14,0,0,0,0
JD_11404977,2021-02-28,17,8,11,0,0,0,0
JD_11404975,2021-02-28,0,0,0,0,0,0,0
JD_11404974,2021-02-28,12,6,7,1,0,0,0
JD_11404973,2021-02-28,42,20,28,0,0,0,1
JD_11404970,2021-02-28,31,20,23,0,0,0,0
JD_11404966,2021-02-28,15,12,7,0,0,0,0
JD_11404964,2021-02-28,0,0,0,0,0,0,0
JD_11404963,2021-02-28,0,0,0,0,0,0,0
JD_11404961,2021-02-28,5,3,3,0,0,0,0
JD_11404959,2021-02-28,6,4,5,0,0,0,0
JD_11404957,2021-02-28,20,11,13,0,0,0,0
JD_11404956,2021-02-28,50,24,35,1,0,0,0
JD_11404954,2021-02-28,3,1,3,0,0,0,0
JD_11404953,2021-02-28,1,1,0,0,0,0,0
JD_11404951,2021-02-28,0,0,0,0,0,0,0
JD_11404950,2021-02-28,0,0,0,0,0,0,0
JD_11404947,2021-02-28,0,0,0,0,0,0,0
JD_11404945,2021-02-28,0,0,0,0,0,0,0
JD_11404943,2021-02-28,5,5,1,0,0,0,0
JD_11404940,2021-02-28,1,1,1,0,0,0,0
JD_11404939,2021-02-28,0,0,0,0,0,0,0
JD_11404938,2021-02-28,0,0,0,0,0,0,0
JD_11404936,2021-02-28,0,0,0,0,0,0,0
JD_11404935,2021-02-28,0,0,0,0,0,0,0
JD_11404933,2021-02-28,4,2,2,0,0,0,0
JD_11404932,2021-02-28,2,2,0,0,0,0,0
JD_11404927,2021-02-28,2,1,1,0,0,0,0
JD_11404926,2021-02-28,82,57,41,0,0,0,1
JD_11404925,2021-02-28,60,40,33,0,0,1,0
JD_11404924,2021-02-28,734,402,708,4,2,0,0
JD_11404923,2021-02-28,0,0,0,0,0,0,0
JD_11404921,2021-02-28,0,0,0,0,0,0,0
JD_11404920,2021-02-28,0,0,0,0,0,0,0
JD_11404917,2021-02-28,8,3,6,0,0,0,0
JD_11404916,2021-02-28,25,19,12,0,0,0,0
JD_11404914,2021-02-28,0,0,0,0,0,0,0
JD_11404911,2021-02-28,4,2,3,0,0,0,0
JD_11404908,2021-02-28,0,0,0,0,0,0,0
JD_11404905,2021-02-28,1,1,1,0,0,0,0
JD_11404903,2021-02-28,0,0,0,0,0,0,0
JD_11404902,2021-02-28,11,4,11,0,0,0,0
JD_11404901,2021-02-28,0,0,0,0,0,0,0
JD_11404900,2021-02-28,4,3,2,0,0,0,0
JD_11404899,2021-02-28,4,2,2,0,0,0,0
JD_11404898,2021-02-28,14,8,11,0,0,0,0
JD_11404897,2021-02-28,0,0,0,0,0,0,0
JD_11404894,2021-02-28,2,1,1,0,0,0,0
JD_11404893,2021-02-28,0,0,0,0,0,0,0
JD_11404892,2021-02-28,0,0,0,0,0,0,0
JD_11404891,2021-02-28,10,7,9,0,0,0,0
JD_11404890,2021-02-28,0,0,0,0,0,0,0
JD_11404889,2021-02-28,0,0,0,0,0,0,0
JD_11404888,2021-02-28,0,0,0,0,0,0,0
JD_11404886,2021-02-28,8,4,6,0,0,0,0
