JD_12507595,2021-02-28,3,2,1,0,0,0,0
JD_12507594,2021-02-28,39,31,9,0,0,0,0
JD_12507593,2021-02-28,447,386,61,0,0,1,1
JD_12507592,2021-02-28,6,6,0,0,0,0,0
JD_12507591,2021-02-28,1332,1051,278,2,1,1,3
JD_12507590,2021-02-28,94,84,19,0,0,0,0
JD_12507589,2021-02-28,1252,1042,207,2,1,0,3
JD_12507588,2021-02-28,5,5,0,0,0,0,0
JD_12507587,2021-02-28,19,15,4,0,0,0,0
JD_12507585,2021-02-28,20,15,5,0,0,0,0
JD_12507584,2021-02-28,24,20,5,0,0,0,0
JD_12507583,2021-02-28,8,6,2,0,0,0,0
JD_12507582,2021-02-28,10,9,2,0,0,0,0
JD_12507581,2021-02-28,913,790,122,0,1,2,1
JD_12507580,2021-02-28,56,44,12,0,0,0,0
JD_12507579,2021-02-28,102,81,21,0,0,0,1
JD_12507578,2021-02-28,56,47,9,0,0,0,0
JD_12507577,2021-02-28,23,19,4,0,0,0,0
JD_12507576,2021-02-28,392,330,177,2,1,1,1
JD_12507575,2021-02-28,3,3,0,0,0,0,0
JD_12507574,2021-02-28,217,170,77,0,0,2,1
JD_12507573,2021-02-28,0,0,0,0,0,0,0
JD_12507572,2021-02-28,2,1,1,0,0,0,0
JD_12507571,2021-02-28,5,5,0,0,0,0,0
JD_12507570,2021-02-28,742,669,90,0,0,0,0
JD_12507569,2021-02-28,11,9,2,0,0,0,0
JD_12507568,2021-02-28,5317,4799,1297,1,1,2,5
JD_12507567,2021-02-28,4,4,0,0,0,0,0
JD_12507566,2021-02-28,494,416,226,1,2,0,1
JD_12507565,2021-02-28,1788,1406,381,0,1,5,7
JD_12507564,2021-02-28,59,53,33,0,0,0,0
JD_12507563,2021-02-28,232,185,47,0,0,0,0
JD_12507562,2021-02-28,1205,988,284,1,1,1,0
JD_12507561,2021-02-28,531,432,97,2,0,3,3
JD_12507560,2021-02-28,19,16,3,0,0,0,0
JD_12507559,2021-02-28,2113,1757,354,2,0,2,3
JD_12507558,2021-02-28,137,125,36,0,0,0,0
JD_12507557,2021-02-28,345,284,61,0,0,0,0
JD_12507556,2021-02-28,139,121,29,0,1,0,0
JD_12507555,2021-02-28,152,121,31,0,0,0,0
JD_12507554,2021-02-28,17,15,2,0,0,0,0
JD_12507553,2021-02-28,173,148,24,1,0,0,0
JD_12507552,2021-02-28,1033,908,185,0,1,0,1
JD_12507551,2021-02-28,272,225,47,0,0,0,0
JD_12507550,2021-02-28,27,23,4,0,0,0,0
JD_12507549,2021-02-28,262,214,48,0,0,1,1
JD_12507548,2021-02-28,94,81,32,0,0,0,0
JD_12507334,2021-02-28,8,5,3,0,0,0,0
JD_12507333,2021-02-28,6,5,1,0,0,0,0
JD_12507332,2021-02-28,7,5,3,0,0,0,0
JD_12507331,2021-02-28,1,1,0,0,0,0,0
JD_12507330,2021-02-28,2,2,0,0,0,0,0
JD_12507329,2021-02-28,134,111,23,0,0,0,0
JD_12507328,2021-02-28,31,29,2,0,0,0,0
JD_12507327,2021-02-28,157,132,25,0,0,0,0
JD_12507326,2021-02-28,0,0,0,0,0,0,0
JD_12507325,2021-02-28,1,1,0,0,0,0,0
JD_12507324,2021-02-28,7,6,1,0,0,0,0
JD_12507323,2021-02-28,16,13,3,0,0,0,1
JD_12507322,2021-02-28,0,0,0,0,0,0,0
JD_12507321,2021-02-28,1,1,0,0,0,0,0
JD_12507320,2021-02-28,173,147,33,0,0,0,0
JD_12507319,2021-02-28,0,0,0,0,0,0,0
JD_12507318,2021-02-28,3,3,0,0,0,0,0
JD_12507317,2021-02-28,14,9,5,0,0,0,0
JD_12507316,2021-02-28,5,5,0,0,0,0,0
JD_12507314,2021-02-28,150,127,23,0,0,0,0
JD_12507313,2021-02-28,1,1,0,0,0,0,0
JD_12507312,2021-02-28,4,4,0,0,0,0,0
JD_12507311,2021-02-28,0,0,0,0,0,0,0
