JD_11526853,2021-02-28,288,137,200,1,0,1,0
JD_11526852,2021-02-28,354,132,279,0,0,0,2
JD_11526851,2021-02-28,575,334,255,4,2,0,5
JD_11526848,2021-02-28,209,144,83,0,0,0,0
JD_11526847,2021-02-28,115,0,114,0,1,0,0
JD_11526846,2021-02-28,7,5,5,0,0,0,0
JD_11526845,2021-02-28,48,16,37,1,0,0,0
JD_11526844,2021-02-28,157,0,157,0,0,0,0
JD_11526842,2021-02-28,73,14,65,0,0,0,0
JD_11526841,2021-02-28,368,245,172,2,0,0,1
JD_11526840,2021-02-28,478,227,397,7,3,0,1
JD_11526839,2021-02-28,21,3,20,1,0,0,0
JD_11526838,2021-02-28,548,127,541,6,0,0,1
JD_11526837,2021-02-28,125,54,98,0,0,0,0
JD_11526836,2021-02-28,30,17,25,0,0,0,0
JD_11526835,2021-02-28,39,23,33,1,0,0,0
JD_11526834,2021-02-28,230,154,105,2,1,0,0
JD_11526833,2021-02-28,851,421,563,10,8,4,2
JD_11526831,2021-02-28,177,0,172,4,1,0,0
JD_11526830,2021-02-28,4,0,4,0,0,0,0
JD_11526829,2021-02-28,1,1,0,0,0,0,0
JD_11526828,2021-02-28,5,4,3,0,0,0,0
JD_11526827,2021-02-28,0,0,0,0,0,0,0
JD_11526826,2021-02-28,13,7,12,0,0,0,0
JD_11526824,2021-02-28,34,16,23,1,0,0,0
JD_11526823,2021-02-28,4,3,3,0,0,0,0
JD_11526822,2021-02-28,12,11,8,0,0,0,0
JD_11526821,2021-02-28,93,52,74,1,1,0,0
JD_11526820,2021-02-28,2,0,2,0,0,0,0
JD_11526818,2021-02-28,13,3,11,0,0,0,0
JD_11526815,2021-02-28,0,0,0,0,0,0,0
JD_11526814,2021-02-28,4,2,1,0,1,0,0
JD_11526813,2021-02-28,0,0,0,0,0,0,0
JD_11526812,2021-02-28,31,24,14,0,0,0,1
JD_11526811,2021-02-28,11,5,9,1,0,0,0
JD_11526810,2021-02-28,17,10,16,1,0,0,0
JD_11526809,2021-02-28,0,0,0,0,0,0,0
JD_11526808,2021-02-28,121,87,74,1,1,0,3
JD_11526807,2021-02-28,1,1,1,0,0,0,0
JD_11526806,2021-02-28,0,0,0,0,0,0,0
JD_11526804,2021-02-28,32,2,30,2,0,0,0
JD_11526803,2021-02-28,11,3,11,0,0,0,0
JD_11526802,2021-02-28,24,3,22,1,0,0,0
JD_11526801,2021-02-28,14,8,6,0,0,0,0
JD_11526800,2021-02-28,54,29,39,0,1,0,0
JD_11526799,2021-02-28,14,9,7,0,0,0,2
JD_11526798,2021-02-28,0,0,0,0,0,0,0
JD_11526797,2021-02-28,16,7,11,0,1,0,0
JD_11526794,2021-02-28,122,88,63,1,0,0,0
JD_11526793,2021-02-28,12,9,5,0,0,0,0
JD_11526792,2021-02-28,37,29,19,0,0,0,0
JD_11526791,2021-02-28,4,0,4,0,0,0,0
JD_11526788,2021-02-28,58,38,40,0,1,0,0
JD_11526787,2021-02-28,2,0,2,0,0,0,0
JD_11526786,2021-02-28,0,0,0,0,0,0,0
JD_11526784,2021-02-28,190,71,163,1,0,0,0
JD_11526783,2021-02-28,3,2,1,0,0,0,0
JD_11526782,2021-02-28,3,3,0,0,0,0,0
JD_11526781,2021-02-28,10,9,5,0,0,0,0
JD_11526780,2021-02-28,108,14,104,0,0,0,0
JD_11526779,2021-02-28,30,22,11,0,0,0,0
JD_11526778,2021-02-28,178,134,99,0,1,0,0
JD_11526777,2021-02-28,7,5,3,0,0,0,0
JD_11526772,2021-02-28,11,0,11,0,0,0,0
JD_11526770,2021-02-28,33,25,24,0,0,0,0
JD_11526766,2021-02-28,18,12,11,0,0,0,0
JD_11526764,2021-02-28,11,4,11,0,0,0,0
JD_11526758,2021-02-28,17,0,16,0,1,0,0
JD_11526757,2021-02-28,458,270,310,2,3,1,3
JD_11526756,2021-02-28,2,1,2,0,0,0,0
