JD_12090291,2021-02-28,17,15,8,0,0,0,0
JD_12090290,2021-02-28,14,10,13,0,0,0,1
JD_12090289,2021-02-28,187,143,164,0,0,0,0
JD_12090288,2021-02-28,26,19,26,0,0,0,0
JD_12090287,2021-02-28,345,195,250,1,0,1,1
JD_12090286,2021-02-28,7,2,7,0,0,0,0
JD_12090285,2021-02-28,428,319,304,1,1,0,1
JD_12090284,2021-02-28,6,2,6,0,0,0,0
JD_12090283,2021-02-28,1358,1059,802,3,3,3,3
JD_12090282,2021-02-28,12,1,12,0,0,0,0
JD_12090281,2021-02-28,6,5,6,0,0,0,0
JD_12090279,2021-02-28,15,14,15,0,0,0,0
JD_12090277,2021-02-28,17,13,17,0,0,0,0
JD_12090276,2021-02-28,22,11,21,0,0,0,0
JD_12090275,2021-02-28,10,9,10,0,0,0,0
JD_12090274,2021-02-28,12,4,11,0,0,0,0
JD_12089961,2021-02-28,364,300,361,2,1,0,3
JD_12089960,2021-02-28,90,52,66,0,0,0,0
JD_12089959,2021-02-28,449,344,440,0,1,0,3
JD_12089958,2021-02-28,1170,926,725,0,0,1,0
JD_12089956,2021-02-28,19,3,19,0,0,0,0
JD_12089955,2021-02-28,225,179,223,0,1,0,2
JD_12089954,2021-02-28,7337,5842,5227,3,6,5,19
JD_12089953,2021-02-28,254,190,251,0,1,0,2
JD_12089952,2021-02-28,81,35,70,3,0,0,3
JD_12089951,2021-02-28,1219,931,1212,4,4,0,6
JD_12089950,2021-02-28,96,19,93,1,2,0,2
JD_12089948,2021-02-28,50,7,48,1,0,0,2
JD_12089946,2021-02-28,30,6,29,0,1,0,0
JD_12089945,2021-02-28,78,61,75,0,1,0,0
JD_12089944,2021-02-28,6,0,6,0,0,0,0
JD_12089943,2021-02-28,14,10,14,0,0,0,0
JD_12089942,2021-02-28,15,3,12,0,0,0,0
JD_12089940,2021-02-28,12,0,11,1,0,0,0
JD_12089939,2021-02-28,17,11,12,0,0,0,0
JD_12089938,2021-02-28,13,0,12,1,0,0,0
JD_12089937,2021-02-28,2036,1696,944,3,2,0,3
JD_12089936,2021-02-28,45,0,45,0,0,0,2
JD_12089935,2021-02-28,30,22,19,0,0,0,0
JD_12089934,2021-02-28,120,46,70,1,3,1,0
JD_12089933,2021-02-28,656,522,377,2,0,0,2
JD_12089932,2021-02-28,19,1,17,1,0,0,0
JD_12089931,2021-02-28,1569,1299,867,0,2,1,3
JD_12089929,2021-02-28,333,262,241,2,1,0,0
JD_12089928,2021-02-28,11,7,10,0,0,0,0
JD_12089926,2021-02-28,112,34,108,2,0,0,0
JD_12089924,2021-02-28,315,260,117,1,0,0,2
JD_12089923,2021-02-28,606,468,584,5,3,2,2
JD_12089922,2021-02-28,940,633,762,2,0,2,3
JD_12089921,2021-02-28,103,82,103,0,0,0,0
JD_12089920,2021-02-28,11,4,10,0,0,0,0
JD_12089919,2021-02-28,396,307,393,2,1,0,3
JD_12089918,2021-02-28,31,1,29,1,0,0,1
JD_12089917,2021-02-28,75,47,74,0,0,0,0
JD_12089916,2021-02-28,16,1,15,0,0,0,0
JD_12089914,2021-02-28,9,0,9,0,0,0,0
JD_12089913,2021-02-28,31,26,30,0,0,0,0
JD_12089912,2021-02-28,39,25,31,2,0,0,0
JD_12089910,2021-02-28,4,1,4,0,0,0,0
JD_12089909,2021-02-28,468,376,420,1,1,0,1
JD_12089908,2021-02-28,2340,1675,1831,4,1,4,2
JD_12089907,2021-02-28,68,60,68,0,0,0,0
JD_12089906,2021-02-28,413,296,298,1,1,2,3
JD_12089905,2021-02-28,41,39,41,0,0,0,0
JD_12089904,2021-02-28,26,21,13,0,0,0,0
JD_12089903,2021-02-28,96,77,61,0,0,0,1
JD_12089902,2021-02-28,280,204,150,2,0,0,1
JD_12089901,2021-02-28,0,0,0,0,0,0,0
JD_12089900,2021-02-28,189,136,115,0,0,0,0
JD_12089898,2021-02-28,34,24,17,0,0,0,0
