JD_11737804,2021-02-28,11,6,8,0,0,0,0
JD_11737803,2021-02-28,308,83,302,3,3,1,1
JD_11737802,2021-02-28,80,0,78,1,1,0,0
JD_11737801,2021-02-28,264,166,240,0,0,0,1
JD_11737800,2021-02-28,3684,1241,3403,61,23,3,4
JD_11737799,2021-02-28,51,1,51,0,0,0,0
JD_11737798,2021-02-28,81,1,79,0,2,0,0
JD_11737797,2021-02-28,33,14,27,0,0,0,0
JD_11737796,2021-02-28,36,22,25,0,0,1,0
JD_11737795,2021-02-28,261,199,145,0,1,0,0
JD_11737794,2021-02-28,47,3,45,0,2,1,0
JD_11737793,2021-02-28,971,201,938,7,4,1,1
JD_11737792,2021-02-28,227,175,114,0,0,0,0
JD_11737791,2021-02-28,203,144,115,0,0,0,1
JD_11737790,2021-02-28,37,30,34,0,0,0,0
JD_11737789,2021-02-28,1074,0,1056,10,8,0,0
JD_11737788,2021-02-28,624,34,602,13,7,0,0
JD_11737787,2021-02-28,169,113,159,1,0,0,0
JD_11737786,2021-02-28,276,215,141,1,1,0,0
JD_11737785,2021-02-28,13,7,8,0,0,0,0
JD_11737784,2021-02-28,98,67,94,0,0,0,0
JD_11737783,2021-02-28,65,50,27,0,0,0,0
JD_11737782,2021-02-28,255,193,131,2,0,0,0
JD_11737781,2021-02-28,48,39,20,0,0,0,0
JD_11737780,2021-02-28,323,262,178,1,1,0,0
JD_11737779,2021-02-28,76,59,41,0,0,0,0
JD_11737394,2021-02-28,2,1,1,0,0,0,0
JD_11737391,2021-02-28,19,8,12,0,0,0,0
JD_11737390,2021-02-28,17,13,9,0,0,0,0
JD_11737388,2021-02-28,642,432,510,2,0,0,0
JD_11737386,2021-02-28,7,4,5,0,0,0,0
JD_11737383,2021-02-28,0,0,0,0,0,0,0
JD_11737382,2021-02-28,634,402,326,2,1,4,4
JD_11737381,2021-02-28,2,0,2,0,0,0,0
JD_11737380,2021-02-28,3,2,1,0,0,0,0
JD_11737378,2021-02-28,201,40,180,1,0,0,0
JD_11737376,2021-02-28,10,5,7,0,0,0,0
JD_11737375,2021-02-28,20,5,20,0,0,0,1
JD_11737374,2021-02-28,7,6,4,0,0,0,0
JD_11737373,2021-02-28,176,105,96,0,0,0,0
JD_11737372,2021-02-28,79,56,58,0,0,0,1
JD_11737371,2021-02-28,174,119,111,1,0,0,2
JD_11737370,2021-02-28,189,107,131,0,0,0,0
JD_11737369,2021-02-28,627,333,475,3,0,0,2
JD_11737368,2021-02-28,241,155,169,2,0,0,0
JD_11737365,2021-02-28,66,45,60,0,0,0,0
JD_11737364,2021-02-28,14,5,11,0,0,0,1
JD_11737363,2021-02-28,44,12,37,0,0,0,0
JD_11737362,2021-02-28,17,9,10,0,0,0,0
JD_11737360,2021-02-28,65,47,36,0,1,0,1
JD_11737357,2021-02-28,135,59,126,1,1,0,0
JD_11737356,2021-02-28,33,5,29,0,0,0,0
JD_11737355,2021-02-28,1045,764,640,8,3,1,3
JD_11737354,2021-02-28,0,0,0,0,0,0,0
JD_11737352,2021-02-28,222,143,145,0,0,0,1
JD_11737351,2021-02-28,2,2,1,0,0,0,0
JD_11737350,2021-02-28,1600,961,1038,13,4,3,3
JD_11737348,2021-02-28,337,111,313,1,2,0,1
JD_11737347,2021-02-28,144,89,135,5,1,1,0
JD_11737346,2021-02-28,2,1,0,1,0,0,0
JD_11737345,2021-02-28,279,9,269,5,3,0,0
JD_11737344,2021-02-28,1,1,1,0,0,0,0
JD_11737343,2021-02-28,81,63,42,0,0,0,0
JD_11737342,2021-02-28,231,124,231,0,0,0,1
JD_11737340,2021-02-28,5,0,5,0,0,0,0
JD_11737339,2021-02-28,34,25,17,0,0,0,0
JD_11737338,2021-02-28,111,76,79,2,0,0,0
JD_11737336,2021-02-28,14,5,12,1,0,0,0
JD_11737335,2021-02-28,10,8,5,0,0,0,0
JD_11737334,2021-02-28,9,8,3,0,0,0,0
