JD_11517593,2021-02-28,21,12,14,1,0,0,0
JD_11517592,2021-02-28,12,2,10,0,0,0,0
JD_11517590,2021-02-28,0,0,0,0,0,0,0
JD_11517589,2021-02-28,15,5,14,0,0,0,0
JD_11517588,2021-02-28,25,17,17,1,0,0,0
JD_11517586,2021-02-28,37,27,25,0,1,0,0
JD_11517584,2021-02-28,23,13,10,0,0,0,0
JD_11517583,2021-02-28,0,0,0,0,0,0,0
JD_11517582,2021-02-28,29,18,29,0,0,0,0
JD_11517579,2021-02-28,7,6,2,0,0,0,0
JD_11517578,2021-02-28,0,0,0,0,0,0,0
JD_11517577,2021-02-28,0,0,0,0,0,0,0
JD_11517576,2021-02-28,0,0,0,0,0,0,0
JD_11517575,2021-02-28,13,8,11,0,0,0,0
JD_11517573,2021-02-28,77,51,50,0,0,0,0
JD_11517572,2021-02-28,599,0,589,7,3,0,0
JD_11517571,2021-02-28,0,0,0,0,0,0,0
JD_11517565,2021-02-28,0,0,0,0,0,0,0
JD_11517564,2021-02-28,109,65,85,2,1,0,3
JD_11517555,2021-02-28,76,48,76,0,0,0,1
JD_11517554,2021-02-28,189,0,186,2,1,0,0
JD_11517553,2021-02-28,5,5,0,0,0,0,0
JD_11517551,2021-02-28,3,3,0,0,0,0,0
JD_11517547,2021-02-28,3,2,1,0,0,0,0
JD_11517545,2021-02-28,3,2,2,0,0,0,0
JD_11517544,2021-02-28,18,8,14,1,0,0,0
JD_11517543,2021-02-28,49,19,48,1,0,0,0
JD_11517542,2021-02-28,39,5,37,1,0,0,0
JD_11517541,2021-02-28,3,2,1,0,0,0,0
JD_11517539,2021-02-28,0,0,0,0,0,0,0
JD_11517536,2021-02-28,2,2,0,0,0,0,0
JD_11517535,2021-02-28,8,0,5,3,0,0,0
JD_11517534,2021-02-28,0,0,0,0,0,0,0
JD_11517533,2021-02-28,3,2,2,0,0,0,0
JD_11517529,2021-02-28,0,0,0,0,0,0,0
JD_11517528,2021-02-28,0,0,0,0,0,0,0
JD_11517527,2021-02-28,0,0,0,0,0,0,0
JD_11517525,2021-02-28,3,2,2,0,0,0,0
JD_11517521,2021-02-28,16,12,6,0,0,0,0
JD_11517520,2021-02-28,11,8,7,0,0,0,0
JD_11517519,2021-02-28,25,16,15,0,0,0,0
JD_11517518,2021-02-28,38,27,23,1,0,0,0
JD_11517517,2021-02-28,31,23,17,0,0,0,0
JD_11517516,2021-02-28,6,6,3,0,0,0,0
JD_11517515,2021-02-28,28,19,11,1,0,0,0
JD_11517512,2021-02-28,17,11,7,0,0,0,0
JD_11517510,2021-02-28,1036,593,1020,6,4,2,0
JD_11517507,2021-02-28,215,178,116,0,1,0,0
JD_11517506,2021-02-28,2,1,1,0,0,0,0
JD_11517505,2021-02-28,4,3,1,0,0,0,0
JD_11517504,2021-02-28,12,11,3,0,0,0,0
JD_11517503,2021-02-28,5,3,3,0,0,0,0
JD_11517502,2021-02-28,5,3,3,0,0,0,0
JD_11517501,2021-02-28,5,3,3,0,0,0,0
JD_11517499,2021-02-28,4,2,3,0,0,0,0
JD_11517498,2021-02-28,5,3,3,0,0,0,0
JD_11517497,2021-02-28,2,1,1,0,0,0,0
JD_11517494,2021-02-28,14,12,13,0,0,0,0
JD_11517493,2021-02-28,15,13,15,0,0,0,0
JD_11517492,2021-02-28,7,6,7,0,0,0,0
JD_11517491,2021-02-28,19,13,19,0,0,0,0
JD_11517490,2021-02-28,0,0,0,0,0,0,0
JD_11517488,2021-02-28,17,12,16,0,0,0,0
JD_11517487,2021-02-28,1,0,1,0,0,0,0
JD_11517486,2021-02-28,23,2,21,0,0,0,0
JD_11517485,2021-02-28,0,0,0,0,0,0,0
JD_11517484,2021-02-28,0,0,0,0,0,0,0
JD_11517483,2021-02-28,0,0,0,0,0,0,0
JD_11517482,2021-02-28,0,0,0,0,0,0,0
JD_11517481,2021-02-28,1,1,1,0,0,0,0
