JD_12431512,2021-02-28,294,240,108,0,1,0,0
JD_12431511,2021-02-28,869,739,518,2,1,1,3
JD_12431510,2021-02-28,0,0,0,0,0,0,0
JD_12431509,2021-02-28,6246,5205,3553,13,21,11,20
JD_12431508,2021-02-28,0,0,0,0,0,0,0
JD_12431507,2021-02-28,573,498,200,3,0,0,0
JD_12431506,2021-02-28,1,1,0,0,0,0,0
JD_12431505,2021-02-28,149,124,43,0,0,1,0
JD_12431504,2021-02-28,1,1,0,0,0,0,0
JD_12431503,2021-02-28,4,4,2,0,0,0,0
JD_12431502,2021-02-28,1,1,0,0,0,0,0
JD_12431501,2021-02-28,283,237,61,1,0,0,0
JD_12431500,2021-02-28,1,1,0,0,0,0,0
JD_12431499,2021-02-28,14,10,4,0,0,0,0
JD_12431498,2021-02-28,23,17,10,0,0,0,0
JD_12431497,2021-02-28,421,343,259,0,1,0,0
JD_12431496,2021-02-28,16,13,6,0,0,0,0
JD_12431495,2021-02-28,78,64,38,0,0,0,1
JD_12431494,2021-02-28,3,3,0,0,0,0,0
JD_12431493,2021-02-28,134,111,79,0,1,0,1
JD_12431492,2021-02-28,1471,1309,181,1,1,0,2
JD_12431491,2021-02-28,4,4,0,0,0,0,0
JD_12431490,2021-02-28,159,135,67,1,0,1,0
JD_12431489,2021-02-28,23,19,9,0,0,0,0
JD_12431488,2021-02-28,282,238,74,0,1,0,0
JD_12431487,2021-02-28,3,3,0,0,0,0,0
JD_12431486,2021-02-28,417,358,91,0,0,0,0
JD_12431485,2021-02-28,14,13,3,0,0,0,0
JD_12431484,2021-02-28,2,2,0,0,0,0,0
JD_12431483,2021-02-28,22,18,5,0,0,0,0
JD_12431482,2021-02-28,0,0,0,0,0,0,0
JD_12431481,2021-02-28,18,16,5,0,0,0,0
JD_12431480,2021-02-28,1724,1530,269,3,0,1,1
JD_12431479,2021-02-28,79,61,24,0,0,0,0
JD_12431478,2021-02-28,2,2,0,0,0,0,0
JD_12431477,2021-02-28,64,55,30,0,1,1,0
JD_12431476,2021-02-28,162,136,83,0,0,0,0
JD_12431475,2021-02-28,21,17,8,0,0,0,0
JD_12431474,2021-02-28,2,2,0,0,0,0,0
JD_12431473,2021-02-28,41,38,17,0,0,1,0
JD_12431472,2021-02-28,73,65,13,0,0,0,0
JD_12431471,2021-02-28,76,69,9,0,1,0,0
JD_12431470,2021-02-28,423,350,121,1,0,0,0
JD_12431469,2021-02-28,0,0,0,0,0,0,0
JD_12431468,2021-02-28,250,219,60,0,0,0,0
JD_12431467,2021-02-28,6,4,2,0,0,1,0
JD_12426795,2021-02-28,5,5,2,0,0,0,0
JD_12426794,2021-02-28,903,768,224,0,1,2,3
JD_12426793,2021-02-28,1,0,1,0,0,0,0
JD_12426792,2021-02-28,94,83,25,0,0,0,0
JD_12426791,2021-02-28,11,10,5,0,0,0,0
JD_12426790,2021-02-28,14,9,4,0,1,0,0
JD_12426789,2021-02-28,56,48,15,0,0,0,0
JD_12426788,2021-02-28,123,106,30,0,0,0,0
JD_12426787,2021-02-28,1,1,0,0,0,0,0
JD_12426786,2021-02-28,0,0,0,0,0,0,0
JD_12426785,2021-02-28,3,3,1,0,0,0,0
JD_12426784,2021-02-28,6,4,3,0,0,0,0
JD_12426782,2021-02-28,5,5,2,0,0,0,0
JD_12426781,2021-02-28,57,49,16,0,0,0,0
JD_12426780,2021-02-28,10,9,2,0,0,0,0
JD_12426779,2021-02-28,2,1,1,0,0,0,0
JD_12426778,2021-02-28,206,182,41,0,0,0,1
JD_12426777,2021-02-28,0,0,0,0,0,0,0
JD_12426776,2021-02-28,10,8,7,0,0,0,0
JD_12426775,2021-02-28,0,0,0,0,0,0,0
JD_12426774,2021-02-28,1333,968,824,1,1,1,4
JD_12426773,2021-02-28,2,2,0,0,0,0,0
JD_12426772,2021-02-28,4,4,1,0,0,0,0
JD_12426771,2021-02-28,0,0,0,0,0,0,0
