JD_12519536,2021-02-28,6,4,3,0,0,0,0
JD_12519535,2021-02-28,0,0,0,0,0,0,0
JD_12519534,2021-02-28,36,32,4,0,0,0,0
JD_12519533,2021-02-28,1,1,0,0,0,0,0
JD_12519532,2021-02-28,25,24,1,0,0,0,0
JD_12519531,2021-02-28,1,1,0,0,0,0,0
JD_12519530,2021-02-28,8,7,2,0,0,0,0
JD_12519529,2021-02-28,7,6,1,0,0,0,0
JD_12519528,2021-02-28,5,4,1,0,0,0,0
JD_12519527,2021-02-28,43,35,8,0,0,0,0
JD_12519526,2021-02-28,9,8,1,0,0,0,0
JD_12519525,2021-02-28,2,2,0,0,0,0,0
JD_12519524,2021-02-28,258,231,52,0,0,0,0
JD_12519523,2021-02-28,1,1,0,0,0,0,0
JD_12519522,2021-02-28,157,131,30,0,0,1,0
JD_12519521,2021-02-28,2,2,0,0,0,0,0
JD_12519520,2021-02-28,2239,1940,346,2,2,2,1
JD_12519519,2021-02-28,5,3,2,0,0,0,0
JD_12519518,2021-02-28,21,16,5,0,0,0,0
JD_12519517,2021-02-28,3,3,0,0,0,0,0
JD_12519516,2021-02-28,26,20,6,0,0,0,0
JD_12519515,2021-02-28,3,3,0,0,0,0,0
JD_12519514,2021-02-28,126,99,29,0,0,0,0
JD_12519513,2021-02-28,4,3,1,0,0,0,0
JD_12519512,2021-02-28,23,20,4,0,0,0,0
JD_12519511,2021-02-28,1,1,0,0,0,0,0
JD_12519510,2021-02-28,73,60,16,0,0,0,0
JD_12519509,2021-02-28,8,7,1,0,0,0,0
JD_12519508,2021-02-28,9,7,2,0,0,0,0
JD_12519507,2021-02-28,3,2,1,0,0,0,0
JD_12519506,2021-02-28,1,1,0,0,0,0,0
JD_12519505,2021-02-28,5,4,1,0,0,0,0
JD_12519504,2021-02-28,6,4,2,0,0,0,0
JD_12519503,2021-02-28,2,2,0,0,0,0,0
JD_12519502,2021-02-28,95,75,22,0,0,0,0
JD_12519501,2021-02-28,13,12,1,0,0,0,0
JD_12519500,2021-02-28,45,41,10,0,0,0,0
JD_12519499,2021-02-28,15,13,2,0,0,0,0
JD_12519498,2021-02-28,34,32,3,0,0,0,0
JD_12519497,2021-02-28,0,0,0,0,0,0,0
JD_12519496,2021-02-28,4,4,0,0,0,0,0
JD_12519495,2021-02-28,2,2,0,0,0,0,0
JD_12519494,2021-02-28,28,23,8,0,0,0,0
JD_12519492,2021-02-28,79,70,9,0,0,0,0
JD_12519491,2021-02-28,8,7,1,0,0,0,0
JD_12519490,2021-02-28,5,4,1,0,0,0,0
JD_12519489,2021-02-28,3,3,0,0,0,0,0
JD_12516799,2021-02-28,126,83,42,0,1,2,1
JD_12516798,2021-02-28,812,698,121,0,0,0,0
JD_12516797,2021-02-28,126348,113315,12946,61,26,74,64
JD_12516796,2021-02-28,440,384,57,0,0,2,2
JD_12516795,2021-02-28,7501,6453,1030,16,2,7,7
JD_12516794,2021-02-28,227,194,36,0,0,0,0
JD_12516793,2021-02-28,385,316,69,0,0,0,1
JD_12516792,2021-02-28,132,97,51,0,0,0,0
JD_12516791,2021-02-28,231,209,22,0,0,0,0
JD_12516790,2021-02-28,15,14,1,0,0,0,0
JD_12516789,2021-02-28,14899,12614,2245,26,14,10,21
JD_12516788,2021-02-28,122,96,35,0,0,0,0
JD_12516787,2021-02-28,35,28,7,0,0,0,0
JD_12516786,2021-02-28,12,9,3,0,0,0,0
JD_12516785,2021-02-28,424,303,121,0,0,0,1
JD_12516784,2021-02-28,48,35,13,0,0,0,0
JD_12516783,2021-02-28,42,35,7,0,0,0,1
JD_12516782,2021-02-28,14,13,1,0,0,0,0
JD_12516781,2021-02-28,751,618,133,0,0,1,2
JD_12516780,2021-02-28,346,313,32,2,0,0,0
JD_12516779,2021-02-28,15,12,3,0,0,0,0
JD_12516778,2021-02-28,440,377,69,0,0,0,0
JD_12516777,2021-02-28,14,10,4,0,0,0,0
