JD_11392147,2021-02-28,5,1,5,0,0,0,0
JD_11392146,2021-02-28,5,3,4,0,0,0,0
JD_11392145,2021-02-28,6,2,5,0,0,0,0
JD_11392144,2021-02-28,5,5,4,0,0,0,0
JD_11392143,2021-02-28,14,7,12,0,0,0,0
JD_11392142,2021-02-28,2,0,2,0,0,0,0
JD_11392140,2021-02-28,0,0,0,0,0,0,0
JD_11392139,2021-02-28,3,1,3,0,0,0,0
JD_11392137,2021-02-28,20,9,20,0,0,0,0
JD_11392136,2021-02-28,15,6,15,0,0,0,0
JD_11392135,2021-02-28,22,10,14,1,1,0,0
JD_11392134,2021-02-28,2,1,2,0,0,0,0
JD_11392133,2021-02-28,139,2,135,3,1,0,0
JD_11392132,2021-02-28,15,8,8,0,1,0,0
JD_11392131,2021-02-28,3,1,2,0,0,0,0
JD_11392130,2021-02-28,29,23,11,0,0,0,0
JD_11392124,2021-02-28,8,3,6,0,0,0,1
JD_11392123,2021-02-28,11,8,10,0,0,0,0
JD_11392122,2021-02-28,0,0,0,0,0,0,0
JD_11392121,2021-02-28,4,1,3,0,0,0,0
JD_11392120,2021-02-28,2,1,2,0,0,0,0
JD_11392118,2021-02-28,4,0,4,0,0,0,0
JD_11392117,2021-02-28,0,0,0,0,0,0,0
JD_11392116,2021-02-28,173,116,128,2,0,0,1
JD_11392114,2021-02-28,150,140,22,0,0,0,0
JD_11392107,2021-02-28,0,0,0,0,0,0,0
JD_11392098,2021-02-28,155,114,115,1,1,0,0
JD_11392097,2021-02-28,10,0,9,1,0,0,0
JD_11392095,2021-02-28,14,0,13,1,0,0,0
JD_11392094,2021-02-28,1,0,1,0,0,0,0
JD_11392093,2021-02-28,0,0,0,0,0,0,0
JD_11392089,2021-02-28,8,0,8,0,0,0,0
JD_11392086,2021-02-28,0,0,0,0,0,0,0
JD_11392085,2021-02-28,2,2,0,0,0,0,0
JD_11392083,2021-02-28,1894,912,1277,22,7,0,1
JD_11392082,2021-02-28,0,0,0,0,0,0,0
JD_11392081,2021-02-28,5,3,5,0,0,0,0
JD_11392080,2021-02-28,12,6,12,0,0,0,0
JD_11392078,2021-02-28,0,0,0,0,0,0,0
JD_11392075,2021-02-28,3,2,1,0,0,0,0
JD_11392073,2021-02-28,3,3,1,0,0,0,0
JD_11392072,2021-02-28,11,4,10,0,0,0,0
JD_11392071,2021-02-28,25,13,21,0,0,0,0
JD_11392070,2021-02-28,1,1,1,0,0,0,0
JD_11392069,2021-02-28,110,50,88,1,0,0,0
JD_11392068,2021-02-28,3,2,1,0,0,0,0
JD_11392067,2021-02-28,4,3,2,0,0,0,1
JD_11392066,2021-02-28,1,0,1,0,0,0,0
JD_11392065,2021-02-28,34,25,11,1,0,0,1
JD_11392064,2021-02-28,0,0,0,0,0,0,0
JD_11392063,2021-02-28,0,0,0,0,0,0,0
JD_11392062,2021-02-28,77,33,72,5,1,0,0
JD_11392061,2021-02-28,13,2,11,0,2,0,0
JD_11392060,2021-02-28,29,23,11,0,0,0,0
JD_11392059,2021-02-28,4,3,2,0,0,0,0
JD_11392058,2021-02-28,6,6,1,0,0,0,0
JD_11392057,2021-02-28,2,2,0,0,0,0,0
JD_11392056,2021-02-28,34,23,22,3,0,0,0
JD_11392055,2021-02-28,19,13,8,0,1,0,0
JD_11392054,2021-02-28,101,65,73,0,0,0,0
JD_11392053,2021-02-28,44,20,31,0,0,0,1
JD_11392052,2021-02-28,24,1,23,1,0,0,0
JD_11392051,2021-02-28,4,3,2,0,0,0,0
JD_11392050,2021-02-28,1,1,0,0,0,0,0
JD_11392049,2021-02-28,3,2,1,0,0,0,0
JD_11392048,2021-02-28,0,0,0,0,0,0,0
JD_11392047,2021-02-28,5,1,5,0,0,0,0
JD_11392046,2021-02-28,7,3,3,0,1,0,0
JD_11392044,2021-02-28,5,3,3,0,0,0,0
JD_11392043,2021-02-28,34,22,25,0,0,0,0
