JD_11510478,2021-02-28,0,0,0,0,0,0,0
JD_11510475,2021-02-28,9,3,8,0,0,0,0
JD_11510473,2021-02-28,0,0,0,0,0,0,0
JD_11510472,2021-02-28,25,15,19,0,0,0,0
JD_11510471,2021-02-28,25,19,12,0,0,0,0
JD_11510470,2021-02-28,23,9,18,0,0,0,0
JD_11510469,2021-02-28,4,2,3,0,0,0,0
JD_11510468,2021-02-28,2,2,2,0,0,0,0
JD_11510467,2021-02-28,22,14,14,0,0,0,0
JD_11510466,2021-02-28,15,4,15,0,0,0,0
JD_11510464,2021-02-28,30,11,27,0,1,0,0
JD_11510463,2021-02-28,38,21,22,0,1,0,0
JD_11510462,2021-02-28,71,37,49,0,1,0,0
JD_11510461,2021-02-28,11,7,9,0,0,0,0
JD_11510457,2021-02-28,15,5,14,1,0,0,0
JD_11510455,2021-02-28,19,16,7,0,0,0,0
JD_11510454,2021-02-28,5,2,3,0,1,0,0
JD_11510453,2021-02-28,0,0,0,0,0,0,0
JD_11510450,2021-02-28,59,41,42,1,1,0,0
JD_11510448,2021-02-28,7,5,4,0,0,0,0
JD_11510447,2021-02-28,4,1,4,0,0,0,0
JD_11510446,2021-02-28,2,2,2,0,0,0,0
JD_11510444,2021-02-28,6,5,3,0,0,0,0
JD_11510442,2021-02-28,0,0,0,0,0,0,0
JD_11510440,2021-02-28,8,1,8,0,0,0,0
JD_11510438,2021-02-28,0,0,0,0,0,0,0
JD_11510436,2021-02-28,0,0,0,0,0,0,0
JD_11510433,2021-02-28,0,0,0,0,0,0,0
JD_11510432,2021-02-28,0,0,0,0,0,0,0
JD_11510431,2021-02-28,1,1,0,0,0,0,0
JD_11510430,2021-02-28,0,0,0,0,0,0,0
JD_11510429,2021-02-28,333,268,219,2,0,0,1
JD_11510428,2021-02-28,389,319,359,1,0,0,2
JD_11510425,2021-02-28,1,1,1,0,0,0,0
JD_11510424,2021-02-28,1,1,1,0,0,0,0
JD_11510423,2021-02-28,0,0,0,0,0,0,0
JD_11510421,2021-02-28,30,15,20,0,0,0,0
JD_11510419,2021-02-28,0,0,0,0,0,0,0
JD_11510418,2021-02-28,34,7,33,0,0,0,0
JD_11510417,2021-02-28,7,4,4,1,0,0,0
JD_11510416,2021-02-28,0,0,0,0,0,0,0
JD_11510406,2021-02-28,2,2,0,0,0,0,0
JD_11510405,2021-02-28,0,0,0,0,0,0,0
JD_11510402,2021-02-28,1,1,1,0,0,0,0
JD_11510399,2021-02-28,1,1,1,0,0,0,0
JD_11510396,2021-02-28,0,0,0,0,0,0,0
JD_11510392,2021-02-28,7,1,7,0,0,0,0
JD_11510391,2021-02-28,3,1,2,0,0,0,0
JD_11510390,2021-02-28,13,4,12,0,0,0,0
JD_11510389,2021-02-28,5,0,5,0,0,0,0
JD_11510388,2021-02-28,29,9,29,0,0,0,0
JD_11510384,2021-02-28,43,20,43,0,0,0,0
JD_11510383,2021-02-28,30,14,28,0,1,0,0
JD_11510370,2021-02-28,31,12,31,0,0,0,1
JD_11510369,2021-02-28,26,12,25,0,0,0,0
JD_11510368,2021-02-28,10,3,10,0,0,0,1
JD_11510367,2021-02-28,33,12,33,0,0,0,1
JD_11510366,2021-02-28,12,5,12,0,0,0,0
JD_11510365,2021-02-28,364,227,227,0,1,0,1
JD_11510363,2021-02-28,13,2,12,1,0,0,0
JD_11510362,2021-02-28,20,7,17,0,0,0,1
JD_11510361,2021-02-28,22,11,18,0,0,0,1
JD_11510360,2021-02-28,3944,2771,2570,7,3,7,5
JD_11510359,2021-02-28,8091,4955,5611,26,11,2,11
JD_11510358,2021-02-28,515,338,283,0,0,1,0
JD_11510357,2021-02-28,8142,5682,5666,14,4,3,6
JD_11510356,2021-02-28,279,153,216,0,0,0,0
JD_11510355,2021-02-28,393,258,284,1,0,0,0
JD_11510354,2021-02-28,1250,664,877,7,3,1,2
JD_11510353,2021-02-28,319,192,219,3,0,0,0
