JD_11728159,2021-02-28,4,3,2,0,0,0,0
JD_11728158,2021-02-28,538,0,512,14,12,0,0
JD_11728157,2021-02-28,31,19,27,0,0,0,0
JD_11728156,2021-02-28,1,0,1,0,0,0,0
JD_11728154,2021-02-28,247,173,166,0,0,1,0
JD_11728153,2021-02-28,9,4,8,1,0,0,0
JD_11728152,2021-02-28,176,0,175,0,1,0,0
JD_11728150,2021-02-28,113,71,87,2,0,0,0
JD_11728149,2021-02-28,40,20,40,0,0,0,0
JD_11728147,2021-02-28,18,5,14,0,0,1,0
JD_11728146,2021-02-28,110,55,96,1,0,0,1
JD_11728145,2021-02-28,101,60,100,0,0,0,0
JD_11728144,2021-02-28,48,33,23,0,0,0,0
JD_11728143,2021-02-28,26,5,23,0,0,0,0
JD_11728142,2021-02-28,52,22,38,0,0,0,0
JD_11728141,2021-02-28,14,0,14,0,0,0,0
JD_11728140,2021-02-28,76,41,50,0,0,0,0
JD_11728137,2021-02-28,45,2,44,1,0,0,0
JD_11728135,2021-02-28,118,52,93,1,1,0,1
JD_11728134,2021-02-28,118,64,87,1,0,0,0
JD_11728133,2021-02-28,80,17,80,0,0,0,0
JD_11728132,2021-02-28,44,0,44,0,0,0,0
JD_11728131,2021-02-28,615,453,304,0,0,0,2
JD_11728130,2021-02-28,0,0,0,0,0,0,0
JD_11728129,2021-02-28,2,0,1,1,0,0,0
JD_11728128,2021-02-28,72,42,48,2,0,0,0
JD_11728127,2021-02-28,24,1,21,1,1,0,1
JD_11727891,2021-02-28,0,0,0,0,0,0,0
JD_11727889,2021-02-28,32,25,15,0,0,0,0
JD_11727888,2021-02-28,1366,104,1323,20,10,0,2
JD_11727887,2021-02-28,78,41,76,0,0,0,0
JD_11727884,2021-02-28,50,28,45,1,0,0,0
JD_11727883,2021-02-28,0,0,0,0,0,0,0
JD_11727882,2021-02-28,0,0,0,0,0,0,0
JD_11727881,2021-02-28,0,0,0,0,0,0,0
JD_11727876,2021-02-28,0,0,0,0,0,0,0
JD_11727875,2021-02-28,0,0,0,0,0,0,0
JD_11727874,2021-02-28,0,0,0,0,0,0,0
JD_11727873,2021-02-28,0,0,0,0,0,0,0
JD_11727871,2021-02-28,0,0,0,0,0,0,0
JD_11727870,2021-02-28,0,0,0,0,0,0,0
JD_11727868,2021-02-28,0,0,0,0,0,0,0
JD_11727867,2021-02-28,0,0,0,0,0,0,0
JD_11727865,2021-02-28,7,0,7,0,0,0,0
JD_11727864,2021-02-28,0,0,0,0,0,0,0
JD_11727863,2021-02-28,1,1,1,0,0,0,0
JD_11727861,2021-02-28,0,0,0,0,0,0,0
JD_11727860,2021-02-28,0,0,0,0,0,0,0
JD_11727859,2021-02-28,0,0,0,0,0,0,0
JD_11727858,2021-02-28,0,0,0,0,0,0,0
JD_11727857,2021-02-28,0,0,0,0,0,0,0
JD_11727856,2021-02-28,0,0,0,0,0,0,0
JD_11727855,2021-02-28,0,0,0,0,0,0,0
JD_11727854,2021-02-28,0,0,0,0,0,0,0
JD_11727853,2021-02-28,7,0,7,0,0,0,0
JD_11727852,2021-02-28,0,0,0,0,0,0,0
JD_11727851,2021-02-28,0,0,0,0,0,0,0
JD_11727850,2021-02-28,4,0,4,0,0,0,0
JD_11727849,2021-02-28,0,0,0,0,0,0,0
JD_11727848,2021-02-28,13,0,12,1,0,0,0
JD_11727847,2021-02-28,14,0,14,0,0,0,0
JD_11727846,2021-02-28,14,0,14,0,0,0,0
JD_11727845,2021-02-28,13,0,12,1,0,0,0
JD_11727844,2021-02-28,0,0,0,0,0,0,0
JD_11727843,2021-02-28,11,0,11,0,0,0,0
JD_11727842,2021-02-28,17,0,17,0,0,0,0
JD_11727841,2021-02-28,9,0,9,0,0,0,0
JD_11727840,2021-02-28,37,10,32,1,0,0,1
JD_11727839,2021-02-28,0,0,0,0,0,0,0
JD_11727838,2021-02-28,0,0,0,0,0,0,0
