JD_11454123,2021-02-28,37,22,36,0,0,0,0
JD_11454121,2021-02-28,1,1,1,0,0,0,0
JD_11454120,2021-02-28,20,12,14,0,0,0,0
JD_11454116,2021-02-28,0,0,0,0,0,0,0
JD_11454115,2021-02-28,4890,3635,2456,7,3,6,6
JD_11454114,2021-02-28,3,0,3,0,0,0,0
JD_11454113,2021-02-28,13,0,11,2,0,0,0
JD_11454110,2021-02-28,0,0,0,0,0,0,0
JD_11454109,2021-02-28,2,1,2,0,0,0,0
JD_11454108,2021-02-28,0,0,0,0,0,0,0
JD_11454107,2021-02-28,18,14,11,0,1,0,0
JD_11454106,2021-02-28,10,10,7,0,0,0,0
JD_11454105,2021-02-28,269,148,154,0,0,0,1
JD_11454104,2021-02-28,2,1,2,0,0,0,0
JD_11454103,2021-02-28,0,0,0,0,0,0,0
JD_11454102,2021-02-28,22,17,15,0,0,0,0
JD_11454100,2021-02-28,11,0,11,0,0,0,0
JD_11454099,2021-02-28,0,0,0,0,0,0,0
JD_11454098,2021-02-28,3,0,3,0,0,0,0
JD_11454096,2021-02-28,0,0,0,0,0,0,0
JD_11454095,2021-02-28,8,1,8,0,0,0,0
JD_11454090,2021-02-28,4648,3577,3024,8,2,7,9
JD_11454089,2021-02-28,2,1,1,0,0,0,0
JD_11454086,2021-02-28,192,154,116,1,0,0,0
JD_11454085,2021-02-28,121,97,53,0,0,0,0
JD_11454080,2021-02-28,0,0,0,0,0,0,0
JD_11454078,2021-02-28,5,3,4,0,0,0,0
JD_11454077,2021-02-28,203,78,170,3,2,0,0
JD_11454076,2021-02-28,0,0,0,0,0,0,0
JD_11454075,2021-02-28,3,2,3,0,0,0,0
JD_11454071,2021-02-28,0,0,0,0,0,0,0
JD_11454069,2021-02-28,0,0,0,0,0,0,0
JD_11454066,2021-02-28,0,0,0,0,0,0,0
JD_11454064,2021-02-28,1,1,0,0,0,0,0
JD_11454063,2021-02-28,42,29,31,1,0,0,0
JD_11454062,2021-02-28,14,0,14,0,0,0,0
JD_11454061,2021-02-28,0,0,0,0,0,0,0
JD_11454059,2021-02-28,0,0,0,0,0,0,0
JD_11454058,2021-02-28,5,4,3,0,0,0,0
JD_11454057,2021-02-28,134,84,75,1,0,0,1
JD_11454056,2021-02-28,3,1,2,0,0,0,0
JD_11454053,2021-02-28,3,1,3,0,0,0,0
JD_11454051,2021-02-28,3,2,2,0,0,0,0
JD_11454049,2021-02-28,9,6,8,0,1,0,0
JD_11454048,2021-02-28,9,5,9,0,0,0,0
JD_11454045,2021-02-28,3,1,3,0,0,0,0
JD_11454044,2021-02-28,0,0,0,0,0,0,0
JD_11454043,2021-02-28,4,3,4,0,0,0,0
JD_11454040,2021-02-28,0,0,0,0,0,0,0
JD_11454039,2021-02-28,0,0,0,0,0,0,0
JD_11454038,2021-02-28,2,1,2,0,0,0,0
JD_11454035,2021-02-28,0,0,0,0,0,0,0
JD_11454034,2021-02-28,0,0,0,0,0,0,0
JD_11454033,2021-02-28,0,0,0,0,0,0,0
JD_11454031,2021-02-28,0,0,0,0,0,0,0
JD_11454026,2021-02-28,13,0,13,0,0,0,0
JD_11454025,2021-02-28,1,1,1,0,0,0,0
JD_11454024,2021-02-28,0,0,0,0,0,0,0
JD_11454013,2021-02-28,0,0,0,0,0,0,0
JD_11454012,2021-02-28,5,1,5,0,0,0,0
JD_11454006,2021-02-28,11,2,11,0,0,0,0
JD_11454002,2021-02-28,103,56,98,0,0,0,0
JD_11454001,2021-02-28,137,50,108,4,1,0,1
JD_11454000,2021-02-28,7359,829,6833,171,93,0,12
JD_11453999,2021-02-28,0,0,0,0,0,0,0
JD_11453998,2021-02-28,3,0,3,0,0,0,0
JD_11453997,2021-02-28,250,144,201,3,0,0,0
JD_11453996,2021-02-28,69,20,55,2,0,0,0
JD_11453995,2021-02-28,102648,72661,73554,509,274,45,122
JD_11453994,2021-02-28,169,45,148,1,1,0,1
