JD_11659532,2021-02-28,86,67,51,0,0,0,0
JD_11659531,2021-02-28,78,67,34,1,0,0,0
JD_11659530,2021-02-28,78,61,33,0,0,0,0
JD_11659529,2021-02-28,35,24,17,1,0,0,0
JD_11659528,2021-02-28,3,2,1,0,0,0,0
JD_11659527,2021-02-28,8,5,4,0,0,0,0
JD_11659526,2021-02-28,0,0,0,0,0,0,0
JD_11659525,2021-02-28,159,111,101,1,1,0,1
JD_11659524,2021-02-28,10,9,6,0,0,0,0
JD_11659523,2021-02-28,40,23,30,0,1,0,1
JD_11659522,2021-02-28,5,2,4,0,0,0,0
JD_11659521,2021-02-28,985,657,651,4,1,1,2
JD_11659520,2021-02-28,2,1,1,0,0,0,0
JD_11659519,2021-02-28,3,2,1,0,0,0,0
JD_11659518,2021-02-28,53,24,44,0,1,0,0
JD_11659517,2021-02-28,7,0,7,0,0,0,0
JD_11659515,2021-02-28,45,28,30,0,0,0,0
JD_11659514,2021-02-28,12,5,8,0,1,0,0
JD_11659513,2021-02-28,8,4,4,0,0,0,0
JD_11659512,2021-02-28,181,134,138,2,1,0,1
JD_11659511,2021-02-28,9,3,9,0,0,0,0
JD_11659510,2021-02-28,9,3,5,1,0,0,0
JD_11659509,2021-02-28,115,64,83,1,0,0,2
JD_11659508,2021-02-28,7,5,3,0,0,0,0
JD_11659507,2021-02-28,59,46,38,0,1,0,0
JD_11659506,2021-02-28,0,0,0,0,0,0,0
JD_11659505,2021-02-28,1,0,1,0,0,0,0
JD_11659504,2021-02-28,0,0,0,0,0,0,0
JD_11659503,2021-02-28,24,15,15,0,1,0,0
JD_11659502,2021-02-28,20,17,7,0,0,0,0
JD_11659501,2021-02-28,2,1,2,0,0,0,0
JD_11659500,2021-02-28,0,0,0,0,0,0,0
JD_11659497,2021-02-28,0,0,0,0,0,0,0
JD_11659491,2021-02-28,0,0,0,0,0,0,0
JD_11659489,2021-02-28,2406,1109,1722,9,16,8,25
JD_11659486,2021-02-28,26,21,23,0,0,0,0
JD_11659483,2021-02-28,16,0,16,0,0,0,0
JD_11659480,2021-02-28,8,1,7,0,1,0,0
JD_11659479,2021-02-28,103,98,5,1,0,0,0
JD_11659478,2021-02-28,118,105,23,0,0,0,0
JD_11659477,2021-02-28,709,688,26,0,0,0,0
JD_11659476,2021-02-28,62,45,28,0,0,0,0
JD_11659475,2021-02-28,0,0,0,0,0,0,0
JD_11659473,2021-02-28,2,1,2,0,0,0,0
JD_11659472,2021-02-28,345,77,301,4,0,1,1
JD_11659471,2021-02-28,2,2,0,0,0,0,0
JD_11659469,2021-02-28,1137,779,852,3,1,0,2
JD_11659467,2021-02-28,1791,648,1776,9,4,3,2
JD_11659466,2021-02-28,33,18,27,1,0,0,1
JD_11659465,2021-02-28,0,0,0,0,0,0,0
JD_11659464,2021-02-28,2,1,2,0,0,0,0
JD_11659463,2021-02-28,115,41,89,1,1,0,1
JD_11659462,2021-02-28,95,51,76,1,0,1,0
JD_11659461,2021-02-28,1,1,0,0,0,0,0
JD_11659460,2021-02-28,0,0,0,0,0,0,0
JD_11659459,2021-02-28,3,3,0,0,0,0,0
JD_11659457,2021-02-28,9,6,4,0,0,0,0
JD_11659456,2021-02-28,4,2,4,0,0,0,0
JD_11659455,2021-02-28,4,4,3,0,0,0,0
JD_11659454,2021-02-28,4,4,3,0,0,0,0
JD_11659452,2021-02-28,30,24,9,0,1,0,0
JD_11659451,2021-02-28,4,4,2,0,0,0,0
JD_11659450,2021-02-28,1,1,0,0,0,0,0
JD_11659448,2021-02-28,0,0,0,0,0,0,0
JD_11659447,2021-02-28,4,4,0,0,0,0,0
JD_11659446,2021-02-28,0,0,0,0,0,0,0
JD_11659445,2021-02-28,33,27,10,0,0,0,0
JD_11659444,2021-02-28,9,3,8,1,0,0,0
JD_11659443,2021-02-28,13,11,8,0,0,0,0
JD_11659442,2021-02-28,18,9,15,0,0,0,0
