JD_11422766,2021-02-28,128,68,88,2,0,0,0
JD_11422765,2021-02-28,317,209,264,1,1,0,2
JD_11422764,2021-02-28,155,112,78,0,0,0,1
JD_11422763,2021-02-28,85,47,54,1,0,0,1
JD_11422762,2021-02-28,73,35,43,0,1,0,0
JD_11422761,2021-02-28,45,30,28,0,0,0,0
JD_11422758,2021-02-28,1,0,1,0,0,0,0
JD_11422757,2021-02-28,28,12,25,0,2,0,0
JD_11422756,2021-02-28,2243,1804,1110,2,1,1,2
JD_11422755,2021-02-28,1849,1485,1048,3,3,1,2
JD_11422754,2021-02-28,50,39,31,0,0,0,0
JD_11422753,2021-02-28,16,9,12,1,0,0,0
JD_11422752,2021-02-28,1480,848,1421,2,2,1,2
JD_11422751,2021-02-28,1354,789,1329,4,1,2,0
JD_11422750,2021-02-28,2226,1612,2194,7,6,2,5
JD_11422749,2021-02-28,2158,1619,1714,2,2,2,5
JD_11422748,2021-02-28,2810,2285,1350,5,1,2,8
JD_11422747,2021-02-28,19,2,18,0,0,0,0
JD_11422746,2021-02-28,36,18,36,0,0,0,0
JD_11422744,2021-02-28,27,6,27,0,0,0,0
JD_11422743,2021-02-28,37,27,37,0,0,0,0
JD_11422741,2021-02-28,23,0,22,1,0,0,0
JD_11422740,2021-02-28,7,0,5,2,0,0,0
JD_11422738,2021-02-28,4,0,3,0,1,0,0
JD_11422735,2021-02-28,38,0,32,5,1,0,0
JD_11422734,2021-02-28,13,2,13,0,0,0,0
JD_11422731,2021-02-28,5,0,5,0,0,0,0
JD_11422730,2021-02-28,1673,1130,827,3,2,0,2
JD_11422728,2021-02-28,548,321,218,5,4,1,3
JD_11422726,2021-02-28,52,0,49,2,1,0,0
JD_11422725,2021-02-28,84,59,31,0,0,1,0
JD_11422724,2021-02-28,660,367,650,7,3,1,3
JD_11422723,2021-02-28,4608,3134,4570,20,14,4,4
JD_11422722,2021-02-28,105,67,101,1,2,0,0
JD_11422721,2021-02-28,183,0,178,4,1,0,0
JD_11422719,2021-02-28,21,5,21,0,0,0,0
JD_11422718,2021-02-28,10,1,10,0,0,0,0
JD_11422714,2021-02-28,0,0,0,0,0,0,0
JD_11422712,2021-02-28,181,98,178,3,0,0,0
JD_11422711,2021-02-28,1031,526,1019,5,2,0,4
JD_11422709,2021-02-28,579,311,573,4,2,0,3
JD_11422707,2021-02-28,0,0,0,0,0,0,0
JD_11422704,2021-02-28,200,18,175,3,13,0,0
JD_11422699,2021-02-28,0,0,0,0,0,0,0
JD_11422698,2021-02-28,0,0,0,0,0,0,0
JD_11422696,2021-02-28,0,0,0,0,0,0,0
JD_11422695,2021-02-28,0,0,0,0,0,0,0
JD_11422691,2021-02-28,0,0,0,0,0,0,0
JD_11422690,2021-02-28,5,0,5,0,0,0,0
JD_11422689,2021-02-28,243,171,140,1,0,0,0
JD_11422688,2021-02-28,18,0,17,0,1,0,0
JD_11422687,2021-02-28,21,10,19,0,0,0,1
JD_11422686,2021-02-28,40,25,25,0,0,0,0
JD_11422685,2021-02-28,460,362,153,2,0,0,1
JD_11422684,2021-02-28,185,143,75,1,0,0,0
JD_11422683,2021-02-28,58,46,27,0,0,0,1
JD_11422682,2021-02-28,30,20,15,0,0,0,0
JD_11422681,2021-02-28,16,11,7,0,0,0,0
JD_11422679,2021-02-28,94,71,61,1,1,0,0
JD_11422667,2021-02-28,4,0,4,0,0,0,0
JD_11422666,2021-02-28,16,5,14,0,0,0,0
JD_11422665,2021-02-28,0,0,0,0,0,0,0
JD_11422664,2021-02-28,11,4,11,0,0,0,0
JD_11422663,2021-02-28,9,2,8,1,0,0,0
JD_11422661,2021-02-28,0,0,0,0,0,0,0
JD_11422658,2021-02-28,3,0,3,0,0,0,0
JD_11422657,2021-02-28,2,2,2,0,0,0,0
JD_11422652,2021-02-28,0,0,0,0,0,0,0
JD_11422651,2021-02-28,0,0,0,0,0,0,0
JD_11422650,2021-02-28,29,9,22,2,0,0,0
