JD_11388359,2021-02-28,477,354,231,0,0,0,1
JD_11388357,2021-02-28,957,742,451,0,0,4,2
JD_11388354,2021-02-28,12,4,11,0,1,0,0
JD_11388353,2021-02-28,8,5,6,0,0,0,0
JD_11388352,2021-02-28,18,7,16,0,0,0,0
JD_11388351,2021-02-28,31,19,31,0,0,0,0
JD_11388350,2021-02-28,203,164,92,0,0,0,0
JD_11388349,2021-02-28,18,6,18,0,0,0,0
JD_11388347,2021-02-28,6,1,5,0,0,0,0
JD_11388346,2021-02-28,15,10,8,0,0,0,0
JD_11388345,2021-02-28,144,55,129,2,0,0,1
JD_11388344,2021-02-28,249,137,178,2,2,0,0
JD_11388343,2021-02-28,9,7,6,0,0,0,0
JD_11388341,2021-02-28,512,7,493,11,8,0,0
JD_11388340,2021-02-28,1114,12,1072,32,10,0,0
JD_11388339,2021-02-28,81,23,72,0,0,0,0
JD_11388338,2021-02-28,47,7,42,1,1,0,0
JD_11388337,2021-02-28,52,1,46,3,2,0,0
JD_11388335,2021-02-28,17,10,12,0,0,0,0
JD_11388334,2021-02-28,306,21,304,1,1,0,1
JD_11388333,2021-02-28,131,96,63,0,0,0,0
JD_11388332,2021-02-28,15,3,14,0,0,0,0
JD_11388331,2021-02-28,4,4,2,0,0,0,0
JD_11388330,2021-02-28,6,4,2,0,0,0,0
JD_11388329,2021-02-28,33,21,18,1,0,0,1
JD_11388328,2021-02-28,26,13,23,0,0,0,0
JD_11388327,2021-02-28,9,8,6,0,0,0,0
JD_11388326,2021-02-28,0,0,0,0,0,0,0
JD_11388325,2021-02-28,646,406,506,2,0,0,4
JD_11388324,2021-02-28,4,2,2,0,0,0,0
JD_11388323,2021-02-28,10,3,7,0,1,0,0
JD_11388321,2021-02-28,1308,2,1269,35,4,0,0
JD_11388320,2021-02-28,1461,641,1310,15,6,0,4
JD_11388319,2021-02-28,172,0,165,4,3,0,0
JD_11388318,2021-02-28,597,71,572,14,6,0,0
JD_11388316,2021-02-28,61,14,56,0,1,0,0
JD_11388315,2021-02-28,13,5,9,0,0,0,0
JD_11388314,2021-02-28,13,4,10,0,0,0,0
JD_11388313,2021-02-28,14,5,10,0,0,0,0
JD_11388312,2021-02-28,156,32,152,4,0,0,0
JD_11388311,2021-02-28,12,5,9,1,0,0,0
JD_11388310,2021-02-28,2,0,2,0,0,0,0
JD_11388309,2021-02-28,30,22,11,0,0,0,0
JD_11388308,2021-02-28,19,8,13,0,0,0,0
JD_11388306,2021-02-28,4,2,4,0,0,0,0
JD_11388304,2021-02-28,3,2,1,0,0,0,0
JD_11388303,2021-02-28,53,14,48,1,0,0,0
JD_11388302,2021-02-28,14,0,14,0,0,0,0
JD_11388301,2021-02-28,40,0,39,1,0,0,0
JD_11388299,2021-02-28,58,0,57,1,0,0,0
JD_11388298,2021-02-28,18,2,18,0,0,0,0
JD_11388297,2021-02-28,1,0,1,0,0,0,0
JD_11388296,2021-02-28,3,0,3,0,0,0,0
JD_11388295,2021-02-28,1,0,1,0,0,0,0
JD_11388294,2021-02-28,21,0,20,1,0,0,0
JD_11388293,2021-02-28,0,0,0,0,0,0,0
JD_11388292,2021-02-28,7,3,4,0,0,0,0
JD_11388291,2021-02-28,63,43,32,0,0,0,0
JD_11388290,2021-02-28,42,23,34,0,0,0,1
JD_11388289,2021-02-28,3,1,2,0,0,0,0
JD_11388288,2021-02-28,32,24,20,1,0,0,1
JD_11388287,2021-02-28,21,16,12,0,0,0,0
JD_11388286,2021-02-28,36,0,34,1,1,0,0
JD_11388285,2021-02-28,1008,278,779,18,11,0,3
JD_11388284,2021-02-28,7,3,4,0,2,0,0
JD_11388276,2021-02-28,1,1,1,0,0,0,0
JD_11388275,2021-02-28,1,1,0,0,0,0,0
JD_11388272,2021-02-28,2,2,0,0,0,0,0
JD_11388271,2021-02-28,2,1,2,0,0,0,0
JD_11388270,2021-02-28,20,10,15,0,0,0,0
