JD_11381824,2021-02-28,3,1,2,0,0,0,0
JD_11381823,2021-02-28,4,4,1,0,0,0,0
JD_11381822,2021-02-28,1,1,1,0,0,0,0
JD_11381821,2021-02-28,1,0,1,0,0,0,0
JD_11381820,2021-02-28,12,8,8,0,1,0,0
JD_11381819,2021-02-28,5,0,4,1,0,0,0
JD_11381818,2021-02-28,10,9,6,0,0,0,0
JD_11381816,2021-02-28,3,0,3,0,0,0,0
JD_11381812,2021-02-28,3,3,0,0,0,0,0
JD_11381811,2021-02-28,14,7,14,0,0,0,0
JD_11381810,2021-02-28,1,1,1,0,0,0,0
JD_11381808,2021-02-28,2,1,2,0,0,0,0
JD_11381804,2021-02-28,6,1,6,0,0,0,0
JD_11381803,2021-02-28,7,4,5,0,0,0,0
JD_11381801,2021-02-28,9,1,9,0,0,0,0
JD_11381800,2021-02-28,10,3,9,0,0,0,0
JD_11381799,2021-02-28,4,0,4,0,0,0,0
JD_11381797,2021-02-28,6,1,5,0,0,0,0
JD_11381796,2021-02-28,5,2,4,0,0,0,0
JD_11381795,2021-02-28,7,5,1,1,0,0,0
JD_11381793,2021-02-28,21,11,17,1,0,0,0
JD_11381790,2021-02-28,32,22,11,0,0,0,0
JD_11381788,2021-02-28,38,25,17,0,0,0,0
JD_11381787,2021-02-28,8,3,7,0,0,0,0
JD_11381786,2021-02-28,6,5,1,0,0,0,0
JD_11381785,2021-02-28,42,19,39,1,0,0,0
JD_11381784,2021-02-28,9,9,4,0,0,0,0
JD_11381782,2021-02-28,36,17,23,1,0,0,0
JD_11381781,2021-02-28,29,13,20,0,0,0,0
JD_11381780,2021-02-28,28,15,17,0,0,0,0
JD_11381779,2021-02-28,45,28,22,1,0,0,0
JD_11381778,2021-02-28,310,0,293,13,4,0,0
JD_11381776,2021-02-28,5,3,3,0,0,0,0
JD_11381775,2021-02-28,1,1,1,0,0,0,0
JD_11381774,2021-02-28,6,5,4,0,0,0,0
JD_11381773,2021-02-28,21,16,21,0,0,0,0
JD_11381772,2021-02-28,4,4,2,0,0,0,0
JD_11381771,2021-02-28,2,2,1,0,0,0,0
JD_11381770,2021-02-28,10,4,8,1,0,0,0
JD_11381769,2021-02-28,47,15,39,1,0,0,0
JD_11381768,2021-02-28,5,1,4,0,0,0,0
JD_11381767,2021-02-28,84,61,35,2,0,0,0
JD_11381766,2021-02-28,7,5,4,0,0,0,0
JD_11381765,2021-02-28,5,4,3,0,0,0,0
JD_11381764,2021-02-28,13,10,8,0,0,0,0
JD_11381763,2021-02-28,8,4,5,0,0,0,0
JD_11381762,2021-02-28,13,10,6,0,0,0,0
JD_11381761,2021-02-28,18,16,5,0,0,0,0
JD_11381760,2021-02-28,42,19,39,0,0,0,0
JD_11381759,2021-02-28,1,1,0,0,0,0,0
JD_11381758,2021-02-28,20,10,18,1,0,0,0
JD_11381757,2021-02-28,29,16,16,0,0,0,1
JD_11381756,2021-02-28,0,0,0,0,0,0,0
JD_11381754,2021-02-28,8,6,6,0,0,0,0
JD_11381753,2021-02-28,3,2,1,0,0,0,0
JD_11381752,2021-02-28,22,18,15,0,0,0,0
JD_11381750,2021-02-28,163,76,159,2,0,1,0
JD_11381749,2021-02-28,1856,755,1573,28,9,0,7
JD_11381747,2021-02-28,227,44,214,10,3,0,0
JD_11381746,2021-02-28,195,84,159,2,3,0,0
JD_11381745,2021-02-28,10,1,9,0,1,0,0
JD_11381744,2021-02-28,6,3,5,0,0,0,0
JD_11381742,2021-02-28,63,18,60,2,1,0,0
JD_11381740,2021-02-28,48,17,44,3,0,0,0
JD_11381739,2021-02-28,3,1,2,0,0,0,0
JD_11381738,2021-02-28,4,0,4,0,0,0,0
JD_11381736,2021-02-28,1,1,0,0,0,0,0
JD_11381735,2021-02-28,16,6,13,0,0,1,0
JD_11381734,2021-02-28,11,7,5,0,0,1,0
JD_11381733,2021-02-28,13,5,10,0,0,1,0
