JD_11309242,2021-02-28,288,187,149,1,0,1,0
JD_11309241,2021-02-28,2329,917,1866,28,20,4,14
JD_11309240,2021-02-28,99,75,53,0,0,1,0
JD_11309239,2021-02-28,23,3,23,0,0,0,0
JD_11309238,2021-02-28,26,15,16,0,0,0,0
JD_11309237,2021-02-28,45,32,21,1,0,0,0
JD_11309236,2021-02-28,488,10,482,4,2,1,0
JD_11309235,2021-02-28,393,44,388,4,1,0,0
JD_11309233,2021-02-28,497,0,488,7,2,0,0
JD_11309232,2021-02-28,10,5,7,0,0,0,0
JD_11309229,2021-02-28,251,0,244,7,0,0,0
JD_11309228,2021-02-28,0,0,0,0,0,0,0
JD_11309227,2021-02-28,2,1,1,0,0,0,0
JD_11309225,2021-02-28,2,1,1,1,0,0,0
JD_11309224,2021-02-28,5,3,3,0,0,0,0
JD_11309223,2021-02-28,1,0,1,0,0,0,0
JD_11309222,2021-02-28,2,2,1,0,0,0,0
JD_11309219,2021-02-28,3,2,3,0,0,0,0
JD_11309218,2021-02-28,10,0,10,0,0,0,0
JD_11309216,2021-02-28,1,0,1,0,0,0,0
JD_11309214,2021-02-28,2,1,1,0,0,0,0
JD_11309211,2021-02-28,1,1,1,0,0,0,0
JD_11309210,2021-02-28,4,4,2,0,0,0,0
JD_11309209,2021-02-28,106,61,105,0,1,0,0
JD_11309208,2021-02-28,31,0,30,1,0,0,0
JD_11309206,2021-02-28,1,0,1,0,0,0,0
JD_11309205,2021-02-28,3,0,3,0,0,0,0
JD_11309204,2021-02-28,4,2,2,0,0,0,0
JD_11309202,2021-02-28,10,5,9,0,0,0,0
JD_11309201,2021-02-28,32,0,31,1,0,0,0
JD_11309199,2021-02-28,7,0,7,0,0,0,0
JD_11309197,2021-02-28,0,0,0,0,0,0,0
JD_11309196,2021-02-28,0,0,0,0,0,0,0
JD_11309195,2021-02-28,445,312,270,2,3,0,3
JD_11309194,2021-02-28,15,11,6,0,0,0,0
JD_11309193,2021-02-28,0,0,0,0,0,0,0
JD_11309191,2021-02-28,543,396,293,2,1,0,2
JD_11309190,2021-02-28,400,300,188,2,1,0,1
JD_11309189,2021-02-28,11,10,5,0,0,0,0
JD_11308887,2021-02-28,138,0,136,1,1,0,0
JD_11308885,2021-02-28,0,0,0,0,0,0,0
JD_11308880,2021-02-28,0,0,0,0,0,0,0
JD_11308875,2021-02-28,68,15,58,0,1,0,1
JD_11308867,2021-02-28,325,106,314,3,0,0,1
JD_11308866,2021-02-28,106,16,103,1,0,0,0
JD_11308864,2021-02-28,133,6,131,2,0,0,0
JD_11308862,2021-02-28,0,0,0,0,0,0,0
JD_11308861,2021-02-28,70,49,46,0,0,0,0
JD_11308860,2021-02-28,28,16,23,1,0,0,0
JD_11308859,2021-02-28,20,4,20,0,0,0,0
JD_11308857,2021-02-28,0,0,0,0,0,0,0
JD_11308856,2021-02-28,0,0,0,0,0,0,0
JD_11308855,2021-02-28,10,6,8,0,0,0,0
JD_11308854,2021-02-28,16,16,5,0,0,0,0
JD_11308853,2021-02-28,9,4,5,0,0,0,0
JD_11308852,2021-02-28,20,15,11,0,0,0,0
JD_11308851,2021-02-28,9,4,7,0,0,0,0
JD_11308850,2021-02-28,28,9,28,0,0,0,0
JD_11308848,2021-02-28,43,36,15,0,0,0,0
JD_11308847,2021-02-28,8,7,4,0,0,0,0
JD_11308846,2021-02-28,3,2,2,0,0,0,0
JD_11308845,2021-02-28,31,24,19,0,0,0,0
JD_11308844,2021-02-28,2,0,2,0,0,0,0
JD_11308843,2021-02-28,4,3,4,0,0,0,0
JD_11308842,2021-02-28,63,48,30,0,0,0,0
JD_11308841,2021-02-28,131,72,89,0,1,0,0
JD_11308840,2021-02-28,35,26,23,0,0,0,0
JD_11308839,2021-02-28,7,5,3,0,0,0,0
JD_11308838,2021-02-28,10,2,9,0,0,0,0
JD_11308837,2021-02-28,2,1,1,0,0,0,0
