JD_11431966,2021-02-28,62,42,44,1,0,0,0
JD_11431965,2021-02-28,30,23,10,0,0,0,1
JD_11431964,2021-02-28,2,1,2,0,0,0,0
JD_11431963,2021-02-28,7,3,7,0,0,0,0
JD_11431962,2021-02-28,0,0,0,0,0,0,0
JD_11431961,2021-02-28,0,0,0,0,0,0,0
JD_11431958,2021-02-28,0,0,0,0,0,0,0
JD_11431957,2021-02-28,1,0,1,0,0,0,0
JD_11431955,2021-02-28,4,2,4,0,0,0,0
JD_11431954,2021-02-28,0,0,0,0,0,0,0
JD_11431953,2021-02-28,1,1,0,0,0,0,0
JD_11431950,2021-02-28,0,0,0,0,0,0,0
JD_11431949,2021-02-28,3,2,2,1,0,0,0
JD_11431947,2021-02-28,0,0,0,0,0,0,0
JD_11431946,2021-02-28,0,0,0,0,0,0,0
JD_11431945,2021-02-28,16,6,13,1,0,0,1
JD_11431944,2021-02-28,17,6,13,1,0,1,0
JD_11431943,2021-02-28,0,0,0,0,0,0,0
JD_11431942,2021-02-28,0,0,0,0,0,0,0
JD_11431941,2021-02-28,0,0,0,0,0,0,0
JD_11431939,2021-02-28,13,3,9,1,2,0,1
JD_11431936,2021-02-28,327,82,285,0,1,0,2
JD_11431935,2021-02-28,3,3,2,0,0,0,0
JD_11431932,2021-02-28,0,0,0,0,0,0,0
JD_11431931,2021-02-28,0,0,0,0,0,0,0
JD_11431929,2021-02-28,178,127,106,0,0,1,1
JD_11431927,2021-02-28,1,1,1,0,0,0,0
JD_11431922,2021-02-28,0,0,0,0,0,0,0
JD_11431918,2021-02-28,0,0,0,0,0,0,0
JD_11431917,2021-02-28,0,0,0,0,0,0,0
JD_11431916,2021-02-28,2,0,2,0,0,0,0
JD_11431912,2021-02-28,9,4,7,0,0,0,0
JD_11431910,2021-02-28,10,8,8,0,0,0,0
JD_11431909,2021-02-28,0,0,0,0,0,0,0
JD_11431906,2021-02-28,1,1,0,0,0,0,0
JD_11431905,2021-02-28,1,1,0,0,0,0,0
JD_11431904,2021-02-28,114,91,49,0,0,0,1
JD_11431902,2021-02-28,4,1,3,0,0,0,0
JD_11431901,2021-02-28,0,0,0,0,0,0,0
JD_11431900,2021-02-28,5,5,0,0,0,0,0
JD_11431894,2021-02-28,3,1,2,0,1,0,0
JD_11431891,2021-02-28,6,1,4,1,0,0,0
JD_11431890,2021-02-28,3,3,3,0,0,0,0
JD_11431889,2021-02-28,0,0,0,0,0,0,0
JD_11431888,2021-02-28,2,2,0,0,0,0,0
JD_11431884,2021-02-28,0,0,0,0,0,0,0
JD_11431883,2021-02-28,0,0,0,0,0,0,0
JD_11431877,2021-02-28,0,0,0,0,0,0,0
JD_11431876,2021-02-28,11,9,4,0,0,0,0
JD_11431874,2021-02-28,0,0,0,0,0,0,0
JD_11431873,2021-02-28,0,0,0,0,0,0,0
JD_11431866,2021-02-28,6,0,6,0,0,0,0
JD_11431865,2021-02-28,9,9,1,0,0,0,0
JD_11431864,2021-02-28,0,0,0,0,0,0,0
JD_11431861,2021-02-28,3,0,2,1,0,0,0
JD_11431858,2021-02-28,504,296,496,3,3,1,0
JD_11431852,2021-02-28,0,0,0,0,0,0,0
JD_11431851,2021-02-28,0,0,0,0,0,0,0
JD_11431850,2021-02-28,0,0,0,0,0,0,0
JD_11431849,2021-02-28,0,0,0,0,0,0,0
JD_11431848,2021-02-28,9,6,6,0,0,0,0
JD_11431847,2021-02-28,1,0,1,0,0,0,0
JD_11431846,2021-02-28,23,1,21,1,1,0,0
JD_11431845,2021-02-28,0,0,0,0,0,0,0
JD_11431844,2021-02-28,1,0,0,0,1,0,0
JD_11431843,2021-02-28,0,0,0,0,0,0,0
JD_11431841,2021-02-28,1,1,0,0,0,0,0
JD_11431840,2021-02-28,2,2,2,0,0,0,0
JD_11431838,2021-02-28,14,11,12,0,0,0,0
JD_11431835,2021-02-28,5,0,5,0,0,0,0
