JD_11586308,2021-02-28,2,1,2,0,0,0,0
JD_11586306,2021-02-28,1,0,1,0,0,0,0
JD_11586305,2021-02-28,1,0,1,0,0,0,0
JD_11586304,2021-02-28,0,0,0,0,0,0,0
JD_11586303,2021-02-28,2,0,1,0,1,0,0
JD_11586300,2021-02-28,3,2,1,0,0,0,0
JD_11586299,2021-02-28,4,2,4,0,0,0,0
JD_11586298,2021-02-28,4,1,3,0,0,0,0
JD_11586297,2021-02-28,17,12,8,0,0,0,0
JD_11586296,2021-02-28,0,0,0,0,0,0,0
JD_11586294,2021-02-28,130,58,125,1,3,0,0
JD_11586293,2021-02-28,0,0,0,0,0,0,0
JD_11586291,2021-02-28,0,0,0,0,0,0,0
JD_11586288,2021-02-28,0,0,0,0,0,0,0
JD_11586287,2021-02-28,3,3,3,0,0,0,0
JD_11586286,2021-02-28,0,0,0,0,0,0,0
JD_11586285,2021-02-28,0,0,0,0,0,0,0
JD_11586283,2021-02-28,20,13,8,0,0,0,0
JD_11586282,2021-02-28,19,13,11,0,0,0,0
JD_11586281,2021-02-28,0,0,0,0,0,0,0
JD_11586279,2021-02-28,0,0,0,0,0,0,0
JD_11586277,2021-02-28,60,44,44,0,0,0,0
JD_11586275,2021-02-28,0,0,0,0,0,0,0
JD_11586274,2021-02-28,0,0,0,0,0,0,0
JD_11586273,2021-02-28,0,0,0,0,0,0,0
JD_11586272,2021-02-28,0,0,0,0,0,0,0
JD_11586271,2021-02-28,0,0,0,0,0,0,0
JD_11586270,2021-02-28,0,0,0,0,0,0,0
JD_11586269,2021-02-28,0,0,0,0,0,0,0
JD_11586268,2021-02-28,0,0,0,0,0,0,0
JD_11586266,2021-02-28,0,0,0,0,0,0,0
JD_11586265,2021-02-28,5,0,5,0,0,0,0
JD_11586264,2021-02-28,3,2,2,0,0,0,0
JD_11586262,2021-02-28,7,5,5,0,0,0,0
JD_11586261,2021-02-28,7,5,6,0,0,0,0
JD_11586260,2021-02-28,5,4,4,0,0,0,0
JD_11586258,2021-02-28,3,0,3,0,0,0,0
JD_11586257,2021-02-28,110,1,108,1,1,0,1
JD_11586256,2021-02-28,1,1,1,0,0,0,0
JD_11586255,2021-02-28,7,5,3,0,0,0,0
JD_11585940,2021-02-28,18,10,18,0,0,0,0
JD_11585939,2021-02-28,128,21,119,2,4,0,1
JD_11585938,2021-02-28,21,10,13,1,0,0,0
JD_11585937,2021-02-28,102,77,39,0,1,0,0
JD_11585936,2021-02-28,3214,1751,2219,12,4,5,11
JD_11585934,2021-02-28,51,41,18,1,0,0,0
JD_11585933,2021-02-28,5,3,3,0,0,0,0
JD_11585932,2021-02-28,22,18,16,0,0,0,0
JD_11585931,2021-02-28,29,20,19,0,0,0,0
JD_11585930,2021-02-28,15,10,9,0,0,0,0
JD_11585929,2021-02-28,242,181,108,1,0,1,0
JD_11585928,2021-02-28,363,217,357,6,0,0,2
JD_11585927,2021-02-28,11,7,5,0,0,0,0
JD_11585926,2021-02-28,83,63,37,1,0,0,0
JD_11585925,2021-02-28,18,3,18,0,0,0,0
JD_11585924,2021-02-28,169,73,166,3,0,0,0
JD_11585923,2021-02-28,27,7,23,3,0,0,2
JD_11585922,2021-02-28,243,238,6,0,0,0,0
JD_11585921,2021-02-28,7,3,4,0,0,0,0
JD_11585920,2021-02-28,20,9,19,1,0,0,1
JD_11585919,2021-02-28,17,10,16,0,1,0,0
JD_11585918,2021-02-28,18,7,13,0,0,0,0
JD_11585917,2021-02-28,17,13,12,0,0,0,0
JD_11585916,2021-02-28,83,53,50,1,0,0,0
JD_11585914,2021-02-28,11,7,11,0,0,0,0
JD_11585913,2021-02-28,491,346,282,3,0,1,4
JD_11585912,2021-02-28,21,13,19,0,0,0,0
JD_11585911,2021-02-28,3,3,1,0,0,0,0
JD_11585910,2021-02-28,15,13,10,0,0,0,0
JD_11585909,2021-02-28,9,7,6,0,0,0,0
