JD_11329454,2021-02-28,4,1,4,0,0,0,0
JD_11329453,2021-02-28,2,1,2,0,0,0,0
JD_11329451,2021-02-28,0,0,0,0,0,0,0
JD_11329450,2021-02-28,1,1,1,0,0,0,0
JD_11329447,2021-02-28,135,31,134,1,0,0,1
JD_11329445,2021-02-28,6,5,5,0,0,0,0
JD_11329444,2021-02-28,0,0,0,0,0,0,0
JD_11329443,2021-02-28,29,23,12,0,0,0,0
JD_11329442,2021-02-28,7,0,7,0,0,0,0
JD_11329441,2021-02-28,13,3,10,1,1,0,0
JD_11329438,2021-02-28,0,0,0,0,0,0,0
JD_11329437,2021-02-28,20,14,8,1,1,0,1
JD_11329436,2021-02-28,19,4,19,0,0,0,0
JD_11329435,2021-02-28,38,26,18,0,0,0,0
JD_11329434,2021-02-28,10,3,6,1,1,0,0
JD_11329433,2021-02-28,4,3,2,0,0,0,0
JD_11329432,2021-02-28,74,32,68,1,2,0,0
JD_11329431,2021-02-28,31,3,29,2,0,0,0
JD_11329430,2021-02-28,23,5,20,1,2,0,0
JD_11329429,2021-02-28,12,7,7,0,0,0,0
JD_11329428,2021-02-28,27,19,14,0,0,0,0
JD_11329427,2021-02-28,28,17,17,0,0,0,0
JD_11329426,2021-02-28,5,4,2,0,0,0,0
JD_11329425,2021-02-28,4,4,0,0,0,0,0
JD_11329424,2021-02-28,18,15,9,0,0,0,0
JD_11329423,2021-02-28,5,0,4,1,0,0,0
JD_11329422,2021-02-28,8,5,5,0,0,0,0
JD_11329420,2021-02-28,20,9,15,0,0,0,0
JD_11329419,2021-02-28,34,15,24,0,0,0,0
JD_11329418,2021-02-28,0,0,0,0,0,0,0
JD_11329417,2021-02-28,2,0,2,0,0,0,0
JD_11329416,2021-02-28,16,14,5,0,0,0,0
JD_11329415,2021-02-28,762,258,622,9,1,0,0
JD_11329414,2021-02-28,1738,1042,1244,9,3,2,5
JD_11329409,2021-02-28,17,5,15,2,0,0,0
JD_11329394,2021-02-28,103,0,95,5,3,0,0
JD_11329388,2021-02-28,4,3,1,0,0,0,0
JD_11329384,2021-02-28,0,0,0,0,0,0,0
JD_11329373,2021-02-28,17,15,2,0,0,0,0
JD_11329371,2021-02-28,56,38,24,1,0,0,2
JD_11329370,2021-02-28,0,0,0,0,0,0,0
JD_11329362,2021-02-28,10,4,8,0,0,0,0
JD_11329360,2021-02-28,7,2,7,1,0,0,0
JD_11329352,2021-02-28,129,100,72,0,0,0,0
JD_11329351,2021-02-28,164,126,104,0,0,0,0
JD_11329350,2021-02-28,2387,1870,1048,0,1,4,3
JD_11329349,2021-02-28,108,88,50,0,0,0,0
JD_11329348,2021-02-28,67,52,47,0,0,0,0
JD_11329347,2021-02-28,207,167,125,0,0,0,0
JD_11329346,2021-02-28,177,132,123,0,0,0,0
JD_11329342,2021-02-28,143,113,102,0,1,0,0
JD_11329341,2021-02-28,274,212,157,1,0,1,0
JD_11329330,2021-02-28,32,22,22,0,0,0,0
JD_11329327,2021-02-28,3,2,2,0,0,0,0
JD_11329324,2021-02-28,0,0,0,0,0,0,0
JD_11329321,2021-02-28,101,65,78,0,0,0,0
JD_11329320,2021-02-28,65,41,40,0,0,0,0
JD_11329319,2021-02-28,99,77,43,0,0,0,1
JD_11329318,2021-02-28,33,26,14,0,0,0,0
JD_11329317,2021-02-28,427,336,169,2,1,0,0
JD_11329310,2021-02-28,0,0,0,0,0,0,0
JD_11329307,2021-02-28,1,1,0,0,0,0,0
JD_11329301,2021-02-28,68,52,33,0,0,0,0
JD_11329298,2021-02-28,79,62,43,0,0,0,0
JD_11329295,2021-02-28,0,0,0,0,0,0,0
JD_11329291,2021-02-28,0,0,0,0,0,0,0
JD_11329289,2021-02-28,0,0,0,0,0,0,0
JD_11329273,2021-02-28,7,3,3,1,0,0,0
JD_11329267,2021-02-28,676,454,444,4,2,1,2
JD_11329261,2021-02-28,157,109,87,1,3,0,1
