JD_11316033,2021-02-28,1,1,0,0,0,0,0
JD_11316030,2021-02-28,7,5,2,0,0,0,0
JD_11316029,2021-02-28,3,0,3,0,0,0,0
JD_11316028,2021-02-28,1,1,1,0,0,0,0
JD_11316027,2021-02-28,2,2,0,0,0,0,0
JD_11316026,2021-02-28,4,4,0,0,0,0,0
JD_11316023,2021-02-28,3,2,1,0,0,0,0
JD_11316020,2021-02-28,1,1,1,0,0,0,0
JD_11316019,2021-02-28,14,8,11,0,0,0,0
JD_11316017,2021-02-28,0,0,0,0,0,0,0
JD_11316015,2021-02-28,29,20,19,0,0,0,0
JD_11316013,2021-02-28,4,3,2,0,0,0,0
JD_11316011,2021-02-28,61,4,61,0,0,0,0
JD_11316010,2021-02-28,232,60,229,2,0,0,0
JD_11316009,2021-02-28,0,0,0,0,0,0,0
JD_11316008,2021-02-28,0,0,0,0,0,0,0
JD_11316007,2021-02-28,3,2,3,0,0,0,0
JD_11316005,2021-02-28,72,46,34,0,0,0,0
JD_11316004,2021-02-28,37,29,17,0,1,0,0
JD_11316003,2021-02-28,0,0,0,0,0,0,0
JD_11316002,2021-02-28,0,0,0,0,0,0,0
JD_11316001,2021-02-28,115,81,71,0,0,0,1
JD_11316000,2021-02-28,0,0,0,0,0,0,0
JD_11315997,2021-02-28,1,1,1,0,0,0,0
JD_11315996,2021-02-28,5,5,2,0,0,0,0
JD_11315995,2021-02-28,0,0,0,0,0,0,0
JD_11315994,2021-02-28,0,0,0,0,0,0,0
JD_11315993,2021-02-28,168,7,166,1,1,0,0
JD_11315992,2021-02-28,0,0,0,0,0,0,0
JD_11315991,2021-02-28,10,4,6,1,0,0,0
JD_11315990,2021-02-28,30,10,23,1,0,0,0
JD_11315988,2021-02-28,299,55,299,1,0,0,1
JD_11315987,2021-02-28,3,3,0,0,0,0,0
JD_11315986,2021-02-28,118,81,63,1,1,1,0
JD_11315985,2021-02-28,1,0,1,0,0,0,0
JD_11315984,2021-02-28,4,2,3,1,0,0,0
JD_11315983,2021-02-28,1,1,1,0,0,0,0
JD_11315982,2021-02-28,1,1,1,0,0,0,0
JD_11315981,2021-02-28,3,2,2,0,0,0,0
JD_11315980,2021-02-28,18,13,7,0,0,0,0
JD_11315978,2021-02-28,2,2,1,0,0,0,0
JD_11315977,2021-02-28,1,1,0,0,0,0,0
JD_11315976,2021-02-28,1,1,0,0,0,0,0
JD_11315975,2021-02-28,10,3,7,0,0,0,0
JD_11315974,2021-02-28,39,17,35,0,2,0,0
JD_11315973,2021-02-28,10,1,8,1,0,0,0
JD_11315972,2021-02-28,2,1,1,0,0,0,0
JD_11315971,2021-02-28,12,9,8,0,0,0,0
JD_11315969,2021-02-28,4,3,2,0,0,0,0
JD_11315968,2021-02-28,12,11,4,0,0,0,0
JD_11315967,2021-02-28,8,2,6,1,0,0,0
JD_11315966,2021-02-28,10,7,5,0,0,0,0
JD_11315965,2021-02-28,0,0,0,0,0,0,0
JD_11315963,2021-02-28,23,14,12,0,0,0,0
JD_11315962,2021-02-28,0,0,0,0,0,0,0
JD_11315961,2021-02-28,1,1,0,0,0,0,0
JD_11315960,2021-02-28,15,4,14,0,1,0,1
JD_11315959,2021-02-28,6,5,4,0,0,0,0
JD_11315958,2021-02-28,69,17,56,2,0,0,0
JD_11315957,2021-02-28,7,5,4,0,0,0,0
JD_11315956,2021-02-28,6,3,3,0,0,0,0
JD_11315954,2021-02-28,0,0,0,0,0,0,0
JD_11315949,2021-02-28,2,1,2,0,0,0,0
JD_11315948,2021-02-28,6,6,2,0,0,0,0
JD_11315947,2021-02-28,7,4,5,0,0,0,0
JD_11315945,2021-02-28,5,3,4,0,0,0,0
JD_11315944,2021-02-28,9,7,5,0,0,0,0
JD_11315941,2021-02-28,10,3,10,0,0,0,0
JD_11315940,2021-02-28,1,0,1,0,0,0,0
JD_11315936,2021-02-28,3,2,3,0,0,0,0
