JD_12085246,2021-02-28,8,8,7,0,0,0,0
JD_12085245,2021-02-28,3,3,0,0,0,0,0
JD_12085244,2021-02-28,93,2,92,1,0,0,0
JD_12085243,2021-02-28,8,3,5,0,1,0,0
JD_12085242,2021-02-28,6,0,6,0,0,0,0
JD_12085241,2021-02-28,1,1,0,0,0,0,0
JD_12085240,2021-02-28,9,3,8,0,1,0,1
JD_12085239,2021-02-28,10,7,8,0,0,0,0
JD_12085238,2021-02-28,2332,1572,1363,11,9,1,7
JD_12085237,2021-02-28,2,2,0,0,0,0,0
JD_12085236,2021-02-28,1,1,1,0,0,0,0
JD_12085235,2021-02-28,390,319,81,0,0,1,0
JD_12085234,2021-02-28,365,268,177,3,0,0,0
JD_12085233,2021-02-28,2,1,1,0,0,0,0
JD_12085232,2021-02-28,113,90,111,1,1,0,0
JD_12085231,2021-02-28,1,1,1,0,0,0,0
JD_12085230,2021-02-28,3,2,3,0,0,0,0
JD_12085228,2021-02-28,482,384,421,2,0,0,0
JD_12085227,2021-02-28,20,16,18,0,0,0,0
JD_12085226,2021-02-28,4116,3368,3305,8,4,1,7
JD_12085224,2021-02-28,315,225,312,0,3,0,1
JD_12085223,2021-02-28,0,0,0,0,0,0,0
JD_12085222,2021-02-28,29,16,29,0,0,0,0
JD_12085221,2021-02-28,79,55,78,0,0,0,1
JD_12085220,2021-02-28,0,0,0,0,0,0,0
JD_12085219,2021-02-28,6,4,2,0,0,0,0
JD_12085218,2021-02-28,47,25,46,1,0,0,0
JD_12085217,2021-02-28,7,7,6,0,0,0,0
JD_12085216,2021-02-28,917,665,841,1,3,0,2
JD_12085214,2021-02-28,102,76,95,0,2,0,0
JD_12085213,2021-02-28,1,1,1,0,0,0,0
JD_12085212,2021-02-28,66,45,66,0,0,0,0
JD_12085211,2021-02-28,22,17,17,0,0,0,0
JD_12085210,2021-02-28,56,41,50,0,0,0,1
JD_12085209,2021-02-28,511,354,270,0,0,2,3
JD_12085208,2021-02-28,26,22,13,0,0,0,0
JD_12085207,2021-02-28,272,163,215,1,0,1,0
JD_12085206,2021-02-28,11,5,10,0,0,0,0
JD_12085205,2021-02-28,24710,19399,21957,16,11,26,44
JD_12085204,2021-02-28,7,6,4,0,0,0,0
JD_12085203,2021-02-28,6,5,3,0,0,0,0
JD_12085202,2021-02-28,19,15,14,0,0,0,0
JD_12085201,2021-02-28,70,63,41,0,0,0,0
JD_12085200,2021-02-28,65,45,58,0,2,0,0
JD_12085199,2021-02-28,3,2,1,0,0,0,0
JD_12085198,2021-02-28,8,7,2,0,0,0,0
JD_12085197,2021-02-28,1180,867,924,1,1,0,4
JD_12085195,2021-02-28,777,551,693,2,0,0,5
JD_12085194,2021-02-28,2,2,2,0,0,0,0
JD_12085193,2021-02-28,49,35,43,1,0,0,0
JD_12085192,2021-02-28,110,85,63,1,0,0,1
JD_12085191,2021-02-28,251,160,251,0,0,1,1
JD_12085190,2021-02-28,37,24,28,0,0,0,0
JD_12085189,2021-02-28,43,29,38,0,0,0,0
JD_12085188,2021-02-28,38,26,36,0,0,0,0
JD_12085187,2021-02-28,96,85,68,0,0,0,0
JD_12085186,2021-02-28,8,6,6,0,0,0,0
JD_12085185,2021-02-28,18,14,16,0,0,0,0
JD_12085184,2021-02-28,17,13,15,0,0,0,0
JD_12085182,2021-02-28,186,136,103,1,0,0,0
JD_12085180,2021-02-28,17,7,14,1,0,0,2
JD_12085179,2021-02-28,0,0,0,0,0,0,0
JD_12085178,2021-02-28,51,34,36,0,0,0,0
JD_12085176,2021-02-28,45,27,36,0,0,0,0
JD_12085175,2021-02-28,6,4,3,0,0,0,0
JD_12085174,2021-02-28,40,30,16,0,0,0,0
JD_12085173,2021-02-28,11,7,11,0,0,0,0
JD_12085172,2021-02-28,65,49,37,1,0,0,0
JD_12085170,2021-02-28,59,44,32,0,0,0,0
JD_12085169,2021-02-28,4689,3343,4408,7,4,6,11
