JD_11407239,2021-02-28,0,0,0,0,0,0,0
JD_11407238,2021-02-28,0,0,0,0,0,0,0
JD_11407230,2021-02-28,0,0,0,0,0,0,0
JD_11407228,2021-02-28,0,0,0,0,0,0,0
JD_11407223,2021-02-28,113,0,106,7,0,0,0
JD_11407203,2021-02-28,102,0,96,4,2,0,0
JD_11407202,2021-02-28,0,0,0,0,0,0,0
JD_11407200,2021-02-28,6,6,4,0,0,0,0
JD_11407198,2021-02-28,13,9,8,0,0,0,0
JD_11407197,2021-02-28,3,3,1,0,0,0,0
JD_11407196,2021-02-28,2,2,0,0,0,0,0
JD_11407195,2021-02-28,0,0,0,0,0,0,0
JD_11407194,2021-02-28,8,6,4,0,0,0,0
JD_11407193,2021-02-28,3,2,1,0,0,0,0
JD_11407190,2021-02-28,6,3,4,0,0,0,0
JD_11407189,2021-02-28,8,4,4,0,0,0,0
JD_11407188,2021-02-28,1,0,1,0,0,0,0
JD_11407187,2021-02-28,4,2,2,0,0,0,0
JD_11407186,2021-02-28,4,2,4,0,0,0,0
JD_11407185,2021-02-28,8,4,5,1,0,0,0
JD_11407184,2021-02-28,0,0,0,0,0,0,0
JD_11407182,2021-02-28,36,25,20,1,0,0,0
JD_11407180,2021-02-28,21,7,17,0,2,0,0
JD_11407179,2021-02-28,2,1,2,0,0,0,0
JD_11407178,2021-02-28,5,4,1,0,0,0,0
JD_11407177,2021-02-28,13,1,10,2,1,0,0
JD_11407174,2021-02-28,55,41,26,1,1,0,0
JD_11407173,2021-02-28,249,187,107,0,4,2,2
JD_11407172,2021-02-28,132,91,90,1,0,0,0
JD_11407171,2021-02-28,205,102,191,1,0,0,3
JD_11407170,2021-02-28,32,9,30,1,1,0,0
JD_11407169,2021-02-28,11,7,5,0,0,0,0
JD_11407168,2021-02-28,68,4,66,2,0,0,0
JD_11407167,2021-02-28,5,2,3,0,0,0,0
JD_11407166,2021-02-28,6,4,6,0,0,0,0
JD_11407164,2021-02-28,1,1,1,0,0,0,0
JD_11407163,2021-02-28,44,27,30,0,0,0,0
JD_11407162,2021-02-28,16,9,11,1,0,0,0
JD_11407161,2021-02-28,0,0,0,0,0,0,0
JD_11407160,2021-02-28,4,4,3,0,0,0,0
JD_11407159,2021-02-28,9,1,7,0,2,0,0
JD_11407158,2021-02-28,73,1,72,0,1,0,0
JD_11407157,2021-02-28,11,6,7,0,0,0,0
JD_11407156,2021-02-28,0,0,0,0,0,0,0
JD_11407155,2021-02-28,32,9,29,0,0,0,0
JD_11407154,2021-02-28,3,2,2,0,0,0,0
JD_11407153,2021-02-28,346,224,264,1,1,0,1
JD_11407152,2021-02-28,2,1,1,0,0,0,0
JD_11407151,2021-02-28,428,0,411,14,3,0,1
JD_11407148,2021-02-28,0,0,0,0,0,0,0
JD_11407147,2021-02-28,0,0,0,0,0,0,0
JD_11407146,2021-02-28,0,0,0,0,0,0,0
JD_11407145,2021-02-28,0,0,0,0,0,0,0
JD_11407144,2021-02-28,0,0,0,0,0,0,0
JD_11407143,2021-02-28,0,0,0,0,0,0,0
JD_11407142,2021-02-28,0,0,0,0,0,0,0
JD_11407141,2021-02-28,2,1,2,0,0,0,0
JD_11407139,2021-02-28,0,0,0,0,0,0,0
JD_11407138,2021-02-28,1,0,1,0,0,0,0
JD_11407137,2021-02-28,0,0,0,0,0,0,0
JD_11407136,2021-02-28,0,0,0,0,0,0,0
JD_11407135,2021-02-28,4,3,2,0,0,0,0
JD_11407132,2021-02-28,42,33,25,0,0,0,0
JD_11407131,2021-02-28,797,665,350,0,0,0,0
JD_11407130,2021-02-28,323,211,310,1,1,0,0
JD_11407129,2021-02-28,170,106,104,2,0,1,0
JD_11407128,2021-02-28,3,1,3,0,0,0,0
JD_11407127,2021-02-28,45,21,41,0,0,0,0
JD_11407126,2021-02-28,76,51,52,0,0,0,1
JD_11407124,2021-02-28,111,66,67,0,0,0,0
