JD_11457501,2021-02-28,216,147,145,0,0,0,2
JD_11457500,2021-02-28,4,3,1,0,0,0,0
JD_11457499,2021-02-28,47,33,26,0,0,0,0
JD_11457498,2021-02-28,41,23,24,0,0,0,0
JD_11457497,2021-02-28,19,11,15,0,0,0,0
JD_11457496,2021-02-28,3,3,0,0,0,0,0
JD_11457495,2021-02-28,5,1,5,0,0,0,0
JD_11457494,2021-02-28,1,1,1,0,0,0,0
JD_11457493,2021-02-28,12,0,11,1,0,0,0
JD_11457492,2021-02-28,63,44,57,3,1,0,0
JD_11457491,2021-02-28,7,0,7,0,0,0,0
JD_11457490,2021-02-28,25,8,25,0,0,0,0
JD_11457489,2021-02-28,314,222,183,2,2,0,0
JD_11457488,2021-02-28,1918,1417,1059,9,5,2,1
JD_11457487,2021-02-28,2438,1500,2338,19,8,1,6
JD_11457486,2021-02-28,555,259,502,9,4,0,1
JD_11457485,2021-02-28,29,13,29,0,0,0,0
JD_11457483,2021-02-28,17,0,15,2,0,0,0
JD_11457482,2021-02-28,34,18,24,1,0,0,0
JD_11457481,2021-02-28,27,13,19,0,0,0,0
JD_11457480,2021-02-28,27,9,22,1,0,0,0
JD_11457478,2021-02-28,130,50,122,3,2,0,1
JD_11457477,2021-02-28,25,8,23,0,0,0,0
JD_11457476,2021-02-28,203,91,182,3,1,0,0
JD_11457475,2021-02-28,27,11,25,0,0,0,0
JD_11457474,2021-02-28,19,5,17,0,1,0,0
JD_11457469,2021-02-28,20,9,18,0,0,0,0
JD_11457463,2021-02-28,0,0,0,0,0,0,0
JD_11457452,2021-02-28,41,1,40,1,0,0,0
JD_11457451,2021-02-28,158,85,155,2,0,0,1
JD_11457450,2021-02-28,42,29,35,0,0,0,0
JD_11457447,2021-02-28,59,22,55,3,0,0,0
JD_11457446,2021-02-28,51,29,45,0,0,0,0
JD_11457445,2021-02-28,46,29,35,1,0,0,0
JD_11457444,2021-02-28,12,5,10,0,0,0,0
JD_11457443,2021-02-28,38,20,25,2,0,0,0
JD_11457441,2021-02-28,69,38,54,0,2,0,0
JD_11457440,2021-02-28,0,0,0,0,0,0,0
JD_11457439,2021-02-28,2,0,1,1,0,0,0
JD_11457438,2021-02-28,31,0,31,0,0,0,0
JD_11457437,2021-02-28,52,28,40,1,1,0,0
JD_11457436,2021-02-28,5,4,4,0,0,0,0
JD_11457435,2021-02-28,5,3,3,0,0,0,0
JD_11457434,2021-02-28,2,0,2,0,0,0,0
JD_11457432,2021-02-28,39,26,24,1,0,0,0
JD_11457431,2021-02-28,16,11,11,0,0,0,0
JD_11457429,2021-02-28,38,21,25,1,0,0,0
JD_11457428,2021-02-28,16,11,8,0,0,0,0
JD_11457426,2021-02-28,12,10,7,1,0,0,0
JD_11457425,2021-02-28,2,0,2,0,0,0,0
JD_11457422,2021-02-28,2,0,2,0,0,0,0
JD_11457421,2021-02-28,7,2,7,0,0,0,0
JD_11457420,2021-02-28,1,1,0,0,0,0,0
JD_11457419,2021-02-28,0,0,0,0,0,0,0
JD_11457417,2021-02-28,4,2,3,0,0,0,0
JD_11457416,2021-02-28,83,1,79,2,2,0,0
JD_11457415,2021-02-28,1064,717,702,5,0,1,2
JD_11457414,2021-02-28,5,2,3,0,0,0,0
JD_11457413,2021-02-28,2,2,2,0,0,0,0
JD_11457412,2021-02-28,31,24,11,0,0,0,0
JD_11457411,2021-02-28,68,34,67,0,1,0,0
JD_11457410,2021-02-28,1,1,0,0,0,0,0
JD_11457408,2021-02-28,21,14,12,0,0,0,0
JD_11457407,2021-02-28,310,228,221,0,0,0,2
JD_11457406,2021-02-28,153,101,107,0,0,0,0
JD_11457405,2021-02-28,0,0,0,0,0,0,0
JD_11457404,2021-02-28,38,26,25,0,0,0,0
JD_11457403,2021-02-28,86,68,40,0,0,0,0
JD_11457402,2021-02-28,28,20,15,0,0,0,0
JD_11457401,2021-02-28,4,3,1,0,1,0,0
