JD_11313992,2021-02-28,3,3,1,0,0,0,0
JD_11313991,2021-02-28,9,8,9,0,0,0,0
JD_11313990,2021-02-28,21,9,11,1,0,0,0
JD_11313989,2021-02-28,3,2,1,0,0,0,0
JD_11313988,2021-02-28,4,3,1,0,0,0,0
JD_11313987,2021-02-28,13,6,13,0,0,1,0
JD_11313986,2021-02-28,7,4,7,0,0,0,0
JD_11313984,2021-02-28,23,10,18,0,0,0,0
JD_11313982,2021-02-28,6,0,6,0,0,0,0
JD_11313981,2021-02-28,1,1,0,0,0,0,0
JD_11313980,2021-02-28,6,2,5,0,0,0,0
JD_11313979,2021-02-28,30,22,13,0,0,0,0
JD_11313978,2021-02-28,3,2,1,0,0,0,0
JD_11313977,2021-02-28,2,0,2,0,0,0,0
JD_11313976,2021-02-28,2,2,2,0,0,0,0
JD_11313975,2021-02-28,13,7,7,1,0,0,0
JD_11313974,2021-02-28,13,7,9,0,0,0,0
JD_11313973,2021-02-28,1,1,0,0,0,0,0
JD_11313970,2021-02-28,15,6,15,0,0,0,0
JD_11313969,2021-02-28,0,0,0,0,0,0,0
JD_11313968,2021-02-28,3,1,2,0,0,0,0
JD_11313967,2021-02-28,0,0,0,0,0,0,0
JD_11313966,2021-02-28,4,2,3,0,0,0,0
JD_11313965,2021-02-28,63,38,52,0,0,0,0
JD_11313964,2021-02-28,2,1,1,0,0,0,0
JD_11313962,2021-02-28,1,1,1,0,0,0,0
JD_11313961,2021-02-28,17,10,16,0,0,0,0
JD_11313960,2021-02-28,7,5,6,0,0,0,0
JD_11313959,2021-02-28,3,1,2,0,0,0,0
JD_11313958,2021-02-28,2,2,1,0,0,0,0
JD_11313957,2021-02-28,2,2,0,0,0,0,0
JD_11313955,2021-02-28,29,20,24,0,0,0,0
JD_11313954,2021-02-28,2,2,1,0,0,0,0
JD_11313953,2021-02-28,3,1,2,0,0,0,0
JD_11313952,2021-02-28,2,2,2,0,0,0,0
JD_11313951,2021-02-28,6,5,1,0,0,0,0
JD_11313950,2021-02-28,4,2,3,0,0,0,0
JD_11313949,2021-02-28,0,0,0,0,0,0,0
JD_11313948,2021-02-28,69,30,60,0,1,0,1
JD_11313947,2021-02-28,0,0,0,0,0,0,0
JD_11313945,2021-02-28,26,17,15,0,1,0,0
JD_11313943,2021-02-28,86,58,74,1,0,0,0
JD_11313942,2021-02-28,39,5,38,1,0,0,0
JD_11313941,2021-02-28,126,53,125,1,0,0,1
JD_11313940,2021-02-28,7,3,5,0,0,0,0
JD_11313938,2021-02-28,7,5,4,0,0,0,0
JD_11313934,2021-02-28,75,48,72,0,0,0,0
JD_11313933,2021-02-28,20,7,17,1,0,0,1
JD_11313932,2021-02-28,12,4,10,0,0,0,0
JD_11313928,2021-02-28,12,8,10,0,0,0,0
JD_11313922,2021-02-28,2097,1453,1835,9,4,1,2
JD_11313920,2021-02-28,25,19,11,0,0,0,0
JD_11313916,2021-02-28,3,3,0,0,0,0,0
JD_11313915,2021-02-28,3,2,3,0,0,0,0
JD_11313914,2021-02-28,7,6,3,0,0,0,0
JD_11313913,2021-02-28,80,62,31,0,1,0,1
JD_11313912,2021-02-28,10,8,2,0,0,0,0
JD_11313911,2021-02-28,13,7,11,0,0,0,0
JD_11313910,2021-02-28,21,14,10,0,0,0,0
JD_11313909,2021-02-28,41,27,24,0,0,0,0
JD_11313908,2021-02-28,11,8,7,0,0,0,0
JD_11313907,2021-02-28,11,6,7,0,0,0,0
JD_11313906,2021-02-28,4,2,2,0,0,0,0
JD_11313905,2021-02-28,14,7,10,0,0,0,0
JD_11313904,2021-02-28,134,89,65,0,0,0,0
JD_11313903,2021-02-28,269,197,119,0,0,0,0
JD_11313902,2021-02-28,22,12,12,0,0,0,0
JD_11313901,2021-02-28,15,7,12,0,0,0,0
JD_11313900,2021-02-28,56,21,45,0,0,0,0
JD_11313899,2021-02-28,3,3,0,0,0,0,0
