JD_11499769,2021-02-28,9,0,9,0,0,0,0
JD_11499765,2021-02-28,5,1,4,0,0,0,0
JD_11499764,2021-02-28,6,1,6,0,0,0,0
JD_11499762,2021-02-28,5,2,4,0,0,0,0
JD_11499761,2021-02-28,15,4,12,1,0,0,0
JD_11499760,2021-02-28,5,1,5,0,0,0,0
JD_11499759,2021-02-28,6,3,4,0,0,0,0
JD_11499758,2021-02-28,21,15,17,0,0,0,0
JD_11499757,2021-02-28,71,56,70,0,0,0,0
JD_11499755,2021-02-28,17,2,15,1,0,0,0
JD_11499753,2021-02-28,981,315,947,18,12,0,2
JD_11499752,2021-02-28,1789,1381,981,6,3,0,3
JD_11499751,2021-02-28,3599,1307,3030,26,9,2,7
JD_11499750,2021-02-28,629,310,468,2,0,0,2
JD_11499749,2021-02-28,32,6,30,1,1,0,0
JD_11499748,2021-02-28,31,13,26,1,1,0,0
JD_11499747,2021-02-28,31,12,29,0,0,0,0
JD_11499746,2021-02-28,20,8,19,1,0,0,1
JD_11499745,2021-02-28,0,0,0,0,0,0,0
JD_11499743,2021-02-28,16,4,16,0,0,0,0
JD_11499742,2021-02-28,8,6,6,0,0,0,0
JD_11499741,2021-02-28,14,5,13,1,0,0,0
JD_11499740,2021-02-28,304,108,250,1,0,0,3
JD_11499739,2021-02-28,536,342,330,2,1,2,2
JD_11499738,2021-02-28,11,4,10,0,0,0,0
JD_11499729,2021-02-28,2,2,0,0,0,0,0
JD_11499727,2021-02-28,0,0,0,0,0,0,0
JD_11499726,2021-02-28,130,0,129,1,0,0,0
JD_11499725,2021-02-28,33,2,33,0,0,0,0
JD_11499724,2021-02-28,1,1,1,0,0,0,0
JD_11499723,2021-02-28,1,1,0,0,0,0,0
JD_11499722,2021-02-28,5,2,2,1,0,0,0
JD_11499721,2021-02-28,5,0,5,0,0,0,0
JD_11499720,2021-02-28,7,7,2,0,0,0,0
JD_11499719,2021-02-28,4,3,4,0,0,0,0
JD_11499718,2021-02-28,3,1,3,0,0,0,0
JD_11499715,2021-02-28,10,3,9,0,0,0,0
JD_11499714,2021-02-28,27,10,27,0,0,0,0
JD_11499713,2021-02-28,31,16,20,0,0,0,0
JD_11499711,2021-02-28,2,1,2,0,0,0,0
JD_11499709,2021-02-28,46,33,32,0,0,0,0
JD_11499707,2021-02-28,40,2,39,0,1,0,0
JD_11499705,2021-02-28,6,3,4,0,0,0,0
JD_11499704,2021-02-28,1,0,1,0,0,0,0
JD_11499703,2021-02-28,11,5,6,0,0,0,0
JD_11499702,2021-02-28,440,217,414,4,2,0,0
JD_11499701,2021-02-28,141,62,120,1,0,0,2
JD_11499700,2021-02-28,57,39,40,1,0,0,0
JD_11499698,2021-02-28,92,45,88,0,0,0,0
JD_11499697,2021-02-28,0,0,0,0,0,0,0
JD_11499696,2021-02-28,9,4,6,0,0,0,0
JD_11499694,2021-02-28,360,201,288,1,0,1,1
JD_11499692,2021-02-28,26,0,26,0,0,0,0
JD_11499691,2021-02-28,41,24,25,2,0,0,0
JD_11499689,2021-02-28,167,51,159,3,5,0,0
JD_11499688,2021-02-28,5,5,2,0,0,0,0
JD_11499687,2021-02-28,121,89,120,1,0,0,0
JD_11499686,2021-02-28,40,17,40,0,0,0,0
JD_11499685,2021-02-28,54,15,42,0,0,0,0
JD_11499683,2021-02-28,64,21,54,1,0,0,0
JD_11499682,2021-02-28,206,143,106,0,0,0,0
JD_11499681,2021-02-28,343,36,336,4,3,0,2
JD_11499679,2021-02-28,43,8,35,0,0,0,0
JD_11499678,2021-02-28,45,10,36,0,0,0,0
JD_11499677,2021-02-28,54,18,38,0,0,0,0
JD_11499676,2021-02-28,9,3,6,0,0,0,0
JD_11499675,2021-02-28,34,13,33,0,0,0,0
JD_11499674,2021-02-28,32,1,31,0,1,0,0
JD_11499673,2021-02-28,35,15,35,0,0,0,0
JD_11499671,2021-02-28,708,338,581,0,0,0,2
