JD_12345101,2021-02-28,229,188,129,0,0,0,1
JD_12345100,2021-02-28,6,6,0,0,0,0,0
JD_12345099,2021-02-28,458,382,148,0,0,1,1
JD_12345098,2021-02-28,554,437,553,1,0,2,1
JD_12345097,2021-02-28,41,30,23,0,1,0,0
JD_12345095,2021-02-28,610,490,312,1,0,1,0
JD_12345094,2021-02-28,5,4,1,0,0,0,0
JD_12345093,2021-02-28,955,772,511,1,0,2,0
JD_12345092,2021-02-28,5,4,1,0,0,0,0
JD_12345091,2021-02-28,5631,4979,2136,4,4,2,5
JD_12345090,2021-02-28,61,52,37,0,0,0,0
JD_12345089,2021-02-28,157,118,127,0,0,0,0
JD_12345088,2021-02-28,161,136,99,0,1,0,0
JD_12345087,2021-02-28,84,74,52,1,0,0,0
JD_12345086,2021-02-28,667,509,349,0,0,0,2
JD_12345085,2021-02-28,370,321,84,0,0,0,0
JD_12345084,2021-02-28,5,5,1,0,0,0,0
JD_12345083,2021-02-28,1207,900,753,3,0,1,4
JD_12345082,2021-02-28,10,10,2,0,0,0,0
JD_12345081,2021-02-28,549,436,274,0,0,0,0
JD_12345080,2021-02-28,336,277,218,0,2,0,0
JD_12345079,2021-02-28,2710,2362,458,7,4,3,2
JD_12345078,2021-02-28,123,103,38,1,0,0,0
JD_12345077,2021-02-28,260,237,89,0,0,0,0
JD_12345075,2021-02-28,2357,1511,992,10,2,4,14
JD_12345074,2021-02-28,10,8,7,0,0,0,0
JD_12345073,2021-02-28,299,252,125,0,0,0,0
JD_12345072,2021-02-28,8,5,3,0,0,0,0
JD_12345071,2021-02-28,876,703,313,1,0,1,0
JD_12345070,2021-02-28,1,1,1,0,0,0,0
JD_12345069,2021-02-28,3,3,0,0,0,0,0
JD_12345068,2021-02-28,20,18,10,1,0,0,0
JD_12345067,2021-02-28,2350,1959,1161,4,3,2,3
JD_12345066,2021-02-28,963,860,473,3,1,1,0
JD_12345065,2021-02-28,5880,4960,1633,4,6,3,1
JD_12345064,2021-02-28,114,85,96,0,0,0,0
JD_12345063,2021-02-28,5179,4377,2166,4,4,3,4
JD_12345062,2021-02-28,1026,856,545,0,0,0,3
JD_12345061,2021-02-28,1126,840,763,4,0,0,2
JD_12345059,2021-02-28,340,286,135,2,0,1,1
JD_12345058,2021-02-28,114,101,24,0,0,0,0
JD_12345057,2021-02-28,283,238,142,0,0,0,0
JD_12345056,2021-02-28,160,136,91,0,1,0,0
JD_12345055,2021-02-28,787,622,322,0,0,1,3
JD_12345054,2021-02-28,3,2,1,0,0,0,0
JD_12345053,2021-02-28,132,105,73,1,0,0,1
JD_12345052,2021-02-28,13,11,9,0,0,0,0
JD_12345051,2021-02-28,1,1,0,0,0,0,0
JD_12345050,2021-02-28,793,663,442,1,1,1,1
JD_12345049,2021-02-28,15,13,5,0,0,0,0
JD_12345048,2021-02-28,245,196,138,0,0,0,0
JD_12345047,2021-02-28,475,400,158,1,1,3,1
JD_12345046,2021-02-28,1845,1614,866,1,0,1,3
JD_12345045,2021-02-28,121,105,32,0,0,0,0
JD_12345044,2021-02-28,24,19,10,0,0,0,0
JD_12345043,2021-02-28,364,297,176,0,0,2,1
JD_12345042,2021-02-28,132,112,47,0,0,1,1
JD_12345040,2021-02-28,185,146,73,0,0,3,0
JD_12345038,2021-02-28,506,406,223,1,1,3,1
JD_12345036,2021-02-28,106,87,50,0,0,0,0
JD_12345034,2021-02-28,334,276,121,0,0,0,2
JD_12345032,2021-02-28,17,11,17,0,0,0,0
JD_12345030,2021-02-28,9,6,9,0,0,0,0
JD_12345028,2021-02-28,16,9,16,0,0,0,0
JD_12345026,2021-02-28,15,10,15,0,0,0,0
JD_12345024,2021-02-28,5,4,1,0,0,0,0
JD_12345022,2021-02-28,5,5,0,0,0,0,0
JD_12345020,2021-02-28,313,277,59,0,0,1,0
JD_12345019,2021-02-28,198,172,54,0,0,1,1
JD_12345018,2021-02-28,303,250,106,0,0,2,0
