JD_12468141,2021-02-28,23,20,3,0,0,0,0
JD_12468140,2021-02-28,140,117,53,0,0,0,0
JD_12468139,2021-02-28,57,47,11,0,0,0,1
JD_12468138,2021-02-28,14,8,10,0,0,0,0
JD_12468137,2021-02-28,319,281,57,0,0,0,0
JD_12468136,2021-02-28,2390,1916,819,2,2,5,4
JD_12468135,2021-02-28,2796,2483,370,9,9,1,4
JD_12468134,2021-02-28,4016,3257,1938,2,0,7,7
JD_12468133,2021-02-28,78,67,13,0,1,0,1
JD_12468132,2021-02-28,3835,3138,2042,2,0,8,7
JD_12468131,2021-02-28,1489,1273,386,2,1,1,4
JD_12468130,2021-02-28,118,100,53,0,0,0,0
JD_12468129,2021-02-28,51,39,26,0,0,0,0
JD_12468128,2021-02-28,1,1,0,0,0,0,0
JD_12468127,2021-02-28,113,76,59,0,0,0,1
JD_12468126,2021-02-28,3,2,1,0,0,0,0
JD_12468125,2021-02-28,59,43,28,0,0,0,0
JD_12468124,2021-02-28,3,2,1,0,0,0,0
JD_12468123,2021-02-28,2,2,0,0,0,0,0
JD_12468122,2021-02-28,0,0,0,0,0,0,0
JD_12468121,2021-02-28,27,22,5,0,0,1,0
JD_12468120,2021-02-28,201,145,97,0,0,1,1
JD_12468119,2021-02-28,44,37,7,0,0,0,0
JD_12468118,2021-02-28,6530,5370,2823,5,2,6,6
JD_12468117,2021-02-28,607,509,108,0,0,0,3
JD_12468116,2021-02-28,20494,17296,11497,19,14,47,20
JD_12468115,2021-02-28,2,2,0,0,0,0,0
JD_12468114,2021-02-28,1,1,0,0,0,0,0
JD_12468113,2021-02-28,24,23,1,0,0,0,0
JD_12468112,2021-02-28,25,24,1,0,0,0,0
JD_12468111,2021-02-28,1742,1261,480,4,2,4,3
JD_12468110,2021-02-28,8,6,3,0,0,0,0
JD_12468109,2021-02-28,179,117,89,0,0,0,0
JD_12468108,2021-02-28,4,4,0,0,0,0,0
JD_12468107,2021-02-28,67,55,23,0,0,0,0
JD_12468106,2021-02-28,0,0,0,0,0,0,0
JD_12468105,2021-02-28,8,6,2,0,0,0,0
JD_12468104,2021-02-28,0,0,0,0,0,0,0
JD_12468103,2021-02-28,53,43,18,0,0,0,1
JD_12468102,2021-02-28,2083,1507,1205,1,2,3,7
JD_12468100,2021-02-28,116,101,32,0,0,0,0
JD_12468098,2021-02-28,67,57,24,0,0,0,0
JD_12468097,2021-02-28,470,400,151,2,0,1,2
JD_12468096,2021-02-28,421,334,123,2,0,0,1
JD_12468095,2021-02-28,62,48,16,0,0,0,0
JD_12468094,2021-02-28,26,21,6,0,0,0,0
JD_12468093,2021-02-28,44,31,15,0,0,0,0
JD_12468091,2021-02-28,15466,13806,2515,7,5,7,10
JD_12468090,2021-02-28,22551,19053,4684,17,16,12,30
JD_12468089,2021-02-28,176,154,113,0,0,0,1
JD_12468088,2021-02-28,6609,5477,1256,15,4,11,11
JD_12468087,2021-02-28,188,159,38,0,0,0,1
JD_12468086,2021-02-28,138,124,14,0,0,0,0
JD_12468085,2021-02-28,8293,6935,1787,7,3,30,15
JD_12468083,2021-02-28,1990,1616,675,5,7,3,7
JD_12468082,2021-02-28,807,661,387,0,0,3,0
JD_12468081,2021-02-28,56,50,5,1,0,0,0
JD_12468080,2021-02-28,6,3,3,0,0,0,0
JD_12468079,2021-02-28,76,64,12,1,0,0,0
JD_12468077,2021-02-28,1546,1244,313,0,0,2,0
JD_12468076,2021-02-28,10,9,2,0,0,0,0
JD_12468075,2021-02-28,4058,3350,678,17,14,2,6
JD_12468074,2021-02-28,3,3,0,0,0,0,0
JD_12468073,2021-02-28,169,138,32,1,0,0,0
JD_12468072,2021-02-28,1,1,0,0,0,0,0
JD_12468071,2021-02-28,82,70,13,0,0,0,0
JD_12468070,2021-02-28,9,6,6,0,0,0,0
JD_12468069,2021-02-28,78,65,21,0,0,0,0
JD_12468068,2021-02-28,533,474,152,1,0,1,2
JD_12468067,2021-02-28,0,0,0,0,0,0,0
