JD_11464943,2021-02-28,7,5,5,0,0,0,0
JD_11464942,2021-02-28,37,29,21,0,0,0,0
JD_11464941,2021-02-28,16,5,13,0,0,0,0
JD_11464940,2021-02-28,721,475,449,2,2,0,1
JD_11464939,2021-02-28,101,57,67,0,0,0,0
JD_11464938,2021-02-28,153,99,93,0,0,0,0
JD_11464937,2021-02-28,429,313,240,1,1,0,1
JD_11464936,2021-02-28,1641,1129,1020,5,0,0,4
JD_11464935,2021-02-28,65,44,35,2,0,0,1
JD_11464934,2021-02-28,21,19,13,0,0,0,0
JD_11464933,2021-02-28,6,4,6,0,0,0,0
JD_11464932,2021-02-28,32,18,20,2,0,0,0
JD_11464931,2021-02-28,425,297,237,1,0,0,0
JD_11464930,2021-02-28,66,40,46,2,0,0,1
JD_11464929,2021-02-28,49,32,25,2,0,0,0
JD_11464928,2021-02-28,39,29,23,0,0,0,0
JD_11464923,2021-02-28,7,3,4,0,0,0,0
JD_11464918,2021-02-28,9,0,9,0,0,0,0
JD_11464917,2021-02-28,115,75,60,0,1,0,0
JD_11464916,2021-02-28,10482,7746,7133,16,15,4,21
JD_11464915,2021-02-28,351,256,183,0,1,1,0
JD_11464914,2021-02-28,30,6,31,0,0,0,0
JD_11464913,2021-02-28,13,2,13,0,0,0,0
JD_11464910,2021-02-28,361,188,270,2,0,0,0
JD_11464909,2021-02-28,67,0,67,0,0,0,0
JD_11464908,2021-02-28,281,191,155,5,0,0,1
JD_11464907,2021-02-28,0,0,0,0,0,0,0
JD_11464906,2021-02-28,7,5,5,0,0,0,0
JD_11464905,2021-02-28,264,45,254,4,6,0,0
JD_11464904,2021-02-28,20,6,17,0,0,0,0
JD_11464902,2021-02-28,3588,2374,2005,5,2,3,7
JD_11464901,2021-02-28,271,77,239,5,2,0,0
JD_11464900,2021-02-28,4,2,1,0,1,0,0
JD_11464899,2021-02-28,128,64,79,1,0,0,0
JD_11464898,2021-02-28,40,1,39,0,0,0,0
JD_11464894,2021-02-28,19,6,18,0,0,0,0
JD_11464893,2021-02-28,158,75,109,4,2,1,0
JD_11464887,2021-02-28,0,0,0,0,0,0,0
JD_11464886,2021-02-28,3,3,0,0,0,0,0
JD_11464885,2021-02-28,0,0,0,0,0,0,0
JD_11464881,2021-02-28,1,1,1,0,0,0,0
JD_11464880,2021-02-28,7,2,7,0,0,0,0
JD_11464879,2021-02-28,3,1,3,0,0,0,0
JD_11464878,2021-02-28,3,1,2,0,0,0,0
JD_11464877,2021-02-28,8,6,4,0,0,0,0
JD_11464876,2021-02-28,14,11,9,0,0,0,0
JD_11464875,2021-02-28,6,4,4,0,0,0,0
JD_11464874,2021-02-28,24,9,23,0,0,0,0
JD_11464873,2021-02-28,3,3,0,0,0,0,0
JD_11464872,2021-02-28,11,5,8,0,0,0,0
JD_11464871,2021-02-28,80,38,56,0,0,1,0
JD_11464870,2021-02-28,25,20,14,1,0,0,0
JD_11464869,2021-02-28,28,22,27,0,0,0,1
JD_11464868,2021-02-28,4,1,4,0,0,0,0
JD_11464867,2021-02-28,83,41,61,2,1,0,0
JD_11464866,2021-02-28,3,2,2,0,0,0,0
JD_11464865,2021-02-28,0,0,0,0,0,0,0
JD_11464864,2021-02-28,4,2,4,0,0,0,0
JD_11464863,2021-02-28,3,2,3,0,0,0,0
JD_11464862,2021-02-28,10,5,6,0,0,0,0
JD_11464861,2021-02-28,0,0,0,0,0,0,0
JD_11464859,2021-02-28,5,2,2,1,0,0,0
JD_11464847,2021-02-28,118,0,118,0,0,0,0
JD_11464842,2021-02-28,0,0,0,0,0,0,0
JD_11464841,2021-02-28,100,0,100,0,0,0,0
JD_11464840,2021-02-28,35,0,32,3,0,0,0
JD_11464839,2021-02-28,6,4,2,0,0,0,0
JD_11464838,2021-02-28,25,0,25,0,0,0,0
JD_11464837,2021-02-28,10,0,10,0,0,0,0
JD_11464836,2021-02-28,2,0,2,0,0,0,0
