JD_11507250,2021-02-28,7,3,6,0,0,0,0
JD_11507249,2021-02-28,80,44,75,0,0,0,0
JD_11507248,2021-02-28,25,2,25,0,0,0,0
JD_11507247,2021-02-28,26,13,19,0,0,0,0
JD_11507246,2021-02-28,36,20,23,0,1,0,0
JD_11507245,2021-02-28,10,2,9,1,0,0,0
JD_11507244,2021-02-28,0,0,0,0,0,0,0
JD_11507243,2021-02-28,1,1,1,0,0,0,0
JD_11507241,2021-02-28,856,505,708,3,3,1,3
JD_11507240,2021-02-28,7,0,7,0,0,0,0
JD_11507239,2021-02-28,240,168,101,2,4,0,0
JD_11507232,2021-02-28,21,9,17,0,0,0,0
JD_11507231,2021-02-28,2,1,2,0,0,0,0
JD_11507230,2021-02-28,5,1,5,0,0,0,0
JD_11507229,2021-02-28,71,50,49,1,0,0,0
JD_11507227,2021-02-28,0,0,0,0,0,0,0
JD_11507226,2021-02-28,16,8,10,0,0,0,0
JD_11507225,2021-02-28,1,0,1,0,0,0,0
JD_11507224,2021-02-28,1,1,1,0,0,0,0
JD_11507223,2021-02-28,7,1,6,0,0,0,0
JD_11507220,2021-02-28,1,1,1,0,0,0,0
JD_11507219,2021-02-28,0,0,0,0,0,0,0
JD_11507218,2021-02-28,5,4,2,0,0,0,0
JD_11507216,2021-02-28,5,4,3,0,0,0,0
JD_11507215,2021-02-28,48,33,41,0,0,0,0
JD_11507213,2021-02-28,5,3,3,0,0,0,0
JD_11507212,2021-02-28,3,2,1,1,0,0,0
JD_11507211,2021-02-28,0,0,0,0,0,0,0
JD_11507210,2021-02-28,31,0,31,0,0,0,0
JD_11507208,2021-02-28,4,3,2,0,0,0,0
JD_11507207,2021-02-28,7,4,7,0,0,0,0
JD_11507204,2021-02-28,0,0,0,0,0,0,0
JD_11507203,2021-02-28,0,0,0,0,0,0,0
JD_11507202,2021-02-28,209,141,149,1,2,0,0
JD_11507193,2021-02-28,0,0,0,0,0,0,0
JD_11507192,2021-02-28,0,0,0,0,0,0,0
JD_11507187,2021-02-28,169,121,96,0,0,0,1
JD_11507186,2021-02-28,32,15,26,0,0,0,0
JD_11507185,2021-02-28,0,0,0,0,0,0,0
JD_11507184,2021-02-28,20,17,16,0,0,0,0
JD_11507183,2021-02-28,4,3,2,0,0,0,0
JD_11507179,2021-02-28,0,0,0,0,0,0,0
JD_11507178,2021-02-28,4,1,3,0,0,0,0
JD_11507177,2021-02-28,109,16,91,5,1,0,0
JD_11507176,2021-02-28,1,0,1,0,0,0,0
JD_11507175,2021-02-28,2,0,2,0,0,0,0
JD_11507174,2021-02-28,4,0,4,0,0,0,0
JD_11507173,2021-02-28,2,0,2,0,0,0,0
JD_11507172,2021-02-28,3,0,3,0,0,0,0
JD_11507171,2021-02-28,2,0,2,0,0,0,0
JD_11507170,2021-02-28,14,0,13,0,1,0,0
JD_11507169,2021-02-28,2,0,2,0,0,0,0
JD_11507168,2021-02-28,3,0,3,0,0,0,0
JD_11507167,2021-02-28,7,0,7,0,0,0,0
JD_11507166,2021-02-28,1,0,1,0,0,0,0
JD_11507165,2021-02-28,4,0,4,0,0,0,0
JD_11507164,2021-02-28,58,26,58,0,0,0,0
JD_11507163,2021-02-28,36,15,34,1,0,0,0
JD_11507162,2021-02-28,25,15,22,0,1,0,0
JD_11507161,2021-02-28,33,10,31,1,0,0,1
JD_11507160,2021-02-28,32,10,32,0,0,0,0
JD_11507158,2021-02-28,32,10,29,0,3,0,0
JD_11507157,2021-02-28,54,32,51,1,1,0,0
JD_11507156,2021-02-28,0,0,0,0,0,0,0
JD_11507152,2021-02-28,30,21,10,0,0,0,0
JD_11507151,2021-02-28,7,6,7,0,0,0,0
JD_11507149,2021-02-28,24,3,24,0,0,0,0
JD_11507148,2021-02-28,0,0,0,0,0,0,0
JD_11507147,2021-02-28,50,32,40,0,1,0,0
JD_11507146,2021-02-28,1,1,0,0,0,0,0
