JD_11469305,2021-02-28,0,0,0,0,0,0,0
JD_11469304,2021-02-28,0,0,0,0,0,0,0
JD_11469302,2021-02-28,2,1,2,0,0,0,0
JD_11469299,2021-02-28,3,1,2,0,0,0,0
JD_11469296,2021-02-28,14,9,8,0,0,0,0
JD_11469295,2021-02-28,13,1,13,0,0,0,0
JD_11469294,2021-02-28,72,47,45,1,0,0,0
JD_11469293,2021-02-28,28,6,25,0,0,0,1
JD_11469292,2021-02-28,7,4,5,0,0,0,0
JD_11469291,2021-02-28,6,3,4,0,0,0,0
JD_11469290,2021-02-28,3,0,3,0,0,0,1
JD_11469289,2021-02-28,19,11,17,0,0,0,0
JD_11469288,2021-02-28,15,8,13,0,0,0,0
JD_11469286,2021-02-28,2,2,2,0,0,0,0
JD_11469284,2021-02-28,6,3,5,0,0,1,0
JD_11469283,2021-02-28,4501,230,4353,86,37,1,2
JD_11469280,2021-02-28,6,5,5,0,0,0,0
JD_11469279,2021-02-28,3,2,2,0,0,0,0
JD_11469276,2021-02-28,4,3,3,0,0,0,0
JD_11469275,2021-02-28,4,2,4,0,0,0,0
JD_11469273,2021-02-28,5,2,5,0,0,0,0
JD_11469272,2021-02-28,3,2,3,0,0,0,0
JD_11469270,2021-02-28,151,0,144,6,1,0,0
JD_11469269,2021-02-28,3,2,3,0,0,0,0
JD_11469265,2021-02-28,35,16,32,0,0,0,0
JD_11469264,2021-02-28,27,18,21,1,0,0,0
JD_11469262,2021-02-28,12,4,10,0,0,0,0
JD_11469261,2021-02-28,32,26,13,0,0,0,0
JD_11469260,2021-02-28,23,20,15,0,0,0,0
JD_11469259,2021-02-28,19,5,19,0,0,0,0
JD_11469258,2021-02-28,51,39,28,0,1,1,1
JD_11469257,2021-02-28,662,440,521,2,1,0,0
JD_11469256,2021-02-28,117,86,73,0,0,0,0
JD_11469255,2021-02-28,7,4,4,0,0,0,0
JD_11469254,2021-02-28,276,195,157,0,0,1,0
JD_11469253,2021-02-28,443,270,405,0,1,0,2
JD_11469252,2021-02-28,133,4,130,3,0,0,0
JD_11469251,2021-02-28,1,0,1,0,0,0,0
JD_11469250,2021-02-28,13,8,4,1,0,0,0
JD_11469249,2021-02-28,25,15,15,0,0,0,0
JD_11469248,2021-02-28,4,4,2,0,0,0,0
JD_11469247,2021-02-28,8,7,2,0,0,0,0
JD_11469246,2021-02-28,1,1,0,0,0,0,0
JD_11469245,2021-02-28,0,0,0,0,0,0,0
JD_11469244,2021-02-28,141,0,136,5,0,0,0
JD_11469243,2021-02-28,222,51,184,4,3,0,0
JD_11469241,2021-02-28,0,0,0,0,0,0,0
JD_11469239,2021-02-28,0,0,0,0,0,0,0
JD_11469236,2021-02-28,2,2,0,0,0,0,0
JD_11469235,2021-02-28,0,0,0,0,0,0,0
JD_11469233,2021-02-28,0,0,0,0,0,0,0
JD_11469232,2021-02-28,0,0,0,0,0,0,0
JD_11469231,2021-02-28,0,0,0,0,0,0,0
JD_11469228,2021-02-28,0,0,0,0,0,0,0
JD_11469227,2021-02-28,0,0,0,0,0,0,0
JD_11469225,2021-02-28,0,0,0,0,0,0,0
JD_11469222,2021-02-28,0,0,0,0,0,0,0
JD_11469219,2021-02-28,0,0,0,0,0,0,0
JD_11469218,2021-02-28,0,0,0,0,0,0,0
JD_11469217,2021-02-28,7,0,7,0,0,0,0
JD_11469216,2021-02-28,7,4,6,0,0,0,0
JD_11469215,2021-02-28,35,31,15,0,0,0,0
JD_11469213,2021-02-28,0,0,0,0,0,0,0
JD_11469212,2021-02-28,1,0,1,0,0,0,0
JD_11469211,2021-02-28,26,17,15,0,1,0,0
JD_11469210,2021-02-28,28,18,18,0,0,0,0
JD_11469209,2021-02-28,4,3,3,0,0,0,0
JD_11469208,2021-02-28,9,5,9,0,0,0,0
JD_11469207,2021-02-28,109,48,87,1,2,0,0
JD_11469206,2021-02-28,2,2,1,0,0,0,0
