JD_11310348,2021-02-28,0,0,0,0,0,0,0
JD_11310345,2021-02-28,8,5,6,0,0,0,0
JD_11310343,2021-02-28,0,0,0,0,0,0,0
JD_11310341,2021-02-28,80,56,47,0,0,0,0
JD_11310340,2021-02-28,7,6,4,0,0,0,0
JD_11310339,2021-02-28,24,13,15,0,1,0,0
JD_11310338,2021-02-28,8,3,5,0,0,0,0
JD_11310337,2021-02-28,48,40,24,0,0,0,0
JD_11310336,2021-02-28,20,16,18,0,0,0,0
JD_11310335,2021-02-28,80,59,42,1,0,0,0
JD_11310334,2021-02-28,3,0,4,0,0,0,0
JD_11310333,2021-02-28,0,0,0,0,0,0,0
JD_11310332,2021-02-28,167,140,73,0,0,0,0
JD_11310331,2021-02-28,10,8,4,0,0,0,0
JD_11310329,2021-02-28,0,0,0,0,0,0,0
JD_11310328,2021-02-28,5,4,3,0,0,0,0
JD_11310326,2021-02-28,3,1,3,0,0,0,0
JD_11310325,2021-02-28,14,4,12,0,0,0,0
JD_11310324,2021-02-28,116,80,57,1,0,0,1
JD_11310316,2021-02-28,113,85,94,0,1,0,0
JD_11310315,2021-02-28,35,22,26,0,0,0,0
JD_11310313,2021-02-28,36,23,28,0,0,0,0
JD_11310312,2021-02-28,37,28,25,0,1,1,0
JD_11310310,2021-02-28,21,11,13,0,1,0,0
JD_11310308,2021-02-28,42,24,30,1,0,0,0
JD_11310297,2021-02-28,19,0,18,0,1,0,0
JD_11310295,2021-02-28,5,1,5,0,0,0,0
JD_11310292,2021-02-28,10,0,9,1,0,0,0
JD_11310289,2021-02-28,9,1,9,0,0,0,0
JD_11310286,2021-02-28,6,1,6,0,0,0,0
JD_11310285,2021-02-28,144,11,139,3,2,0,0
JD_11310281,2021-02-28,6,4,6,0,0,0,0
JD_11310280,2021-02-28,3,0,3,0,0,0,0
JD_11310279,2021-02-28,48,0,44,3,1,0,0
JD_11310278,2021-02-28,29,2,28,1,0,0,0
JD_11310277,2021-02-28,12,4,11,1,0,0,0
JD_11310276,2021-02-28,40,27,28,0,0,0,0
JD_11310275,2021-02-28,28,20,20,0,0,0,1
JD_11310274,2021-02-28,316,226,314,2,0,0,2
JD_11310273,2021-02-28,29,24,13,1,0,0,0
JD_11310272,2021-02-28,25,15,15,0,0,0,0
JD_11310271,2021-02-28,18,9,10,0,0,0,0
JD_11310270,2021-02-28,2,2,1,0,0,0,0
JD_11310269,2021-02-28,4,3,1,0,0,0,0
JD_11310268,2021-02-28,63,45,17,0,1,0,0
JD_11310267,2021-02-28,60,36,23,0,1,0,0
JD_11310266,2021-02-28,43,26,24,0,0,0,0
JD_11310264,2021-02-28,56,19,36,1,0,0,0
JD_11310263,2021-02-28,69,5,68,1,0,0,0
JD_11310260,2021-02-28,1,0,1,0,0,0,0
JD_11310259,2021-02-28,4,2,3,0,0,0,0
JD_11310258,2021-02-28,36,22,21,1,0,0,0
JD_11310257,2021-02-28,2,1,1,0,0,0,0
JD_11310256,2021-02-28,10,2,8,0,0,0,0
JD_11310251,2021-02-28,60,6,59,1,0,0,0
JD_11310250,2021-02-28,237,35,227,2,0,0,0
JD_11310249,2021-02-28,59,3,57,1,1,0,0
JD_11310248,2021-02-28,44,7,43,1,0,0,0
JD_11310247,2021-02-28,36,0,35,0,1,0,0
JD_11310246,2021-02-28,66,29,63,1,0,0,0
JD_11310245,2021-02-28,1386,894,1373,7,6,0,2
JD_11310244,2021-02-28,173,1,170,2,0,0,0
JD_11310239,2021-02-28,50,7,47,0,3,0,0
JD_11310237,2021-02-28,45,23,43,0,0,0,0
JD_11310228,2021-02-28,52,12,52,0,0,0,0
JD_11310226,2021-02-28,170,0,153,11,6,0,0
JD_11310225,2021-02-28,441,208,423,2,2,0,1
JD_11310224,2021-02-28,58,6,55,2,1,0,0
JD_11310222,2021-02-28,388,34,379,9,0,0,1
JD_11310221,2021-02-28,206,0,199,4,3,0,0
