JD_11547063,2021-02-28,13,11,6,0,0,0,0
JD_11547062,2021-02-28,2,1,1,0,0,0,0
JD_11547061,2021-02-28,6,4,2,0,0,0,0
JD_11547060,2021-02-28,1,1,0,0,0,0,0
JD_11547059,2021-02-28,6,2,6,0,0,0,0
JD_11547058,2021-02-28,0,0,0,0,0,0,0
JD_11547057,2021-02-28,4,3,2,0,0,0,0
JD_11547056,2021-02-28,13,8,12,0,0,0,0
JD_11547055,2021-02-28,5,3,5,0,0,0,0
JD_11547054,2021-02-28,1,0,1,0,0,0,0
JD_11547053,2021-02-28,2,2,0,0,0,0,0
JD_11547052,2021-02-28,2,2,0,0,0,0,0
JD_11547051,2021-02-28,2,2,0,0,0,0,0
JD_11547050,2021-02-28,3,1,2,0,0,0,0
JD_11547048,2021-02-28,1,1,1,0,0,0,0
JD_11547047,2021-02-28,8,7,1,0,0,0,0
JD_11547046,2021-02-28,3,3,0,0,0,0,0
JD_11547045,2021-02-28,1,1,0,0,0,0,0
JD_11547044,2021-02-28,2,1,1,0,0,0,0
JD_11547043,2021-02-28,0,0,0,0,0,0,0
JD_11547042,2021-02-28,4,4,0,0,0,0,0
JD_11547041,2021-02-28,2,1,1,0,0,0,0
JD_11547040,2021-02-28,4,3,1,0,0,0,0
JD_11547039,2021-02-28,0,0,0,0,0,0,0
JD_11547038,2021-02-28,1,1,0,0,0,0,0
JD_11547037,2021-02-28,3,2,1,0,0,0,0
JD_11547036,2021-02-28,1,1,0,0,0,0,0
JD_11547035,2021-02-28,1,1,0,0,0,0,0
JD_11547034,2021-02-28,0,0,0,0,0,0,0
JD_11547033,2021-02-28,2,2,0,0,0,0,0
JD_11547032,2021-02-28,2,1,1,0,0,0,0
JD_11547031,2021-02-28,2,2,0,0,0,0,0
JD_11547030,2021-02-28,2,1,2,0,0,0,0
JD_11547029,2021-02-28,2,1,1,0,0,0,0
JD_11547028,2021-02-28,3,3,0,0,0,0,0
JD_11547027,2021-02-28,0,0,0,0,0,0,0
JD_11547026,2021-02-28,1,1,0,0,0,0,0
JD_11547025,2021-02-28,9,6,4,0,0,0,0
JD_11547024,2021-02-28,0,0,0,0,0,0,0
JD_11547023,2021-02-28,16,11,10,0,0,0,0
JD_11547022,2021-02-28,18,14,4,0,0,0,0
JD_11547021,2021-02-28,17,12,6,0,0,0,0
JD_11547020,2021-02-28,11,11,3,0,0,0,0
JD_11547019,2021-02-28,4,2,2,0,0,0,0
JD_11547018,2021-02-28,1,1,1,0,0,0,0
JD_11547017,2021-02-28,1,1,1,0,0,0,0
JD_11547016,2021-02-28,14,11,4,0,1,0,0
JD_11547015,2021-02-28,4,4,3,0,0,0,0
JD_11547014,2021-02-28,1,1,1,0,0,0,0
JD_11547013,2021-02-28,5,4,1,0,0,0,0
JD_11547012,2021-02-28,4,4,1,0,0,0,0
JD_11547011,2021-02-28,5,4,2,0,0,0,0
JD_11547010,2021-02-28,11,10,0,1,0,0,0
JD_11547009,2021-02-28,4,4,2,0,0,0,0
JD_11547008,2021-02-28,3,3,3,0,0,0,0
JD_11547007,2021-02-28,13,12,1,0,0,0,0
JD_11547006,2021-02-28,22,16,9,0,0,0,0
JD_11547005,2021-02-28,22,16,12,0,0,1,0
JD_11547004,2021-02-28,1,1,0,0,0,0,0
JD_11547003,2021-02-28,0,0,0,0,0,0,0
JD_11547002,2021-02-28,4,1,4,0,0,0,0
JD_11547001,2021-02-28,1,1,0,0,0,0,0
JD_11547000,2021-02-28,1,1,0,0,0,0,0
JD_11546999,2021-02-28,2,1,1,0,0,0,0
JD_11546998,2021-02-28,5,1,4,1,0,0,0
JD_11546997,2021-02-28,1,1,0,0,0,0,0
JD_11546996,2021-02-28,2,0,3,0,0,0,0
JD_11546995,2021-02-28,0,0,0,0,0,0,0
JD_11546994,2021-02-28,5,5,0,0,0,0,0
JD_11546993,2021-02-28,2,2,1,0,0,0,0
