JD_12130817,2021-02-28,72477,59105,30739,60,40,69,131
JD_12130816,2021-02-28,8,5,4,0,0,0,0
JD_12130815,2021-02-28,105646,86919,33266,107,91,63,168
JD_12130814,2021-02-28,39,35,14,0,0,0,0
JD_12130813,2021-02-28,158,124,95,0,0,0,1
JD_12130812,2021-02-28,1816,1364,1184,5,3,3,5
JD_12130811,2021-02-28,266,233,143,0,1,0,0
JD_12130810,2021-02-28,306,243,187,1,0,0,1
JD_12130809,2021-02-28,42,33,28,0,0,0,0
JD_12130808,2021-02-28,6,5,6,0,0,0,0
JD_12130807,2021-02-28,52,43,22,0,0,0,0
JD_12130806,2021-02-28,7,5,7,0,0,0,0
JD_12130805,2021-02-28,101,75,88,0,0,0,0
JD_12130804,2021-02-28,0,0,0,0,0,0,0
JD_12130803,2021-02-28,1238,1005,1042,1,1,1,1
JD_12130802,2021-02-28,8,4,8,0,0,0,0
JD_12130800,2021-02-28,456,284,455,0,1,0,3
JD_12130799,2021-02-28,21,19,16,0,0,0,0
JD_12130798,2021-02-28,11639,9703,5121,16,7,14,22
JD_12130797,2021-02-28,69,56,40,0,0,0,0
JD_12130796,2021-02-28,399,59,397,0,2,0,7
JD_12130795,2021-02-28,356,295,289,0,0,0,0
JD_12130794,2021-02-28,223,192,69,0,0,0,1
JD_12130793,2021-02-28,196,163,112,0,1,0,0
JD_12130792,2021-02-28,99,85,25,0,0,0,1
JD_12130791,2021-02-28,493,397,342,1,0,0,0
JD_12130788,2021-02-28,327,251,204,0,1,0,1
JD_12130786,2021-02-28,264,205,153,0,0,0,1
JD_12130784,2021-02-28,396,301,258,0,0,0,1
JD_12130782,2021-02-28,19319,14318,12908,35,8,11,65
JD_12130780,2021-02-28,317,234,227,0,0,1,1
JD_12130779,2021-02-28,6,3,5,0,0,0,0
JD_12130778,2021-02-28,3217,2529,2385,3,1,3,9
JD_12130777,2021-02-28,137,113,78,0,0,0,0
JD_12130776,2021-02-28,119,102,31,0,0,0,1
JD_12130775,2021-02-28,144,118,141,0,0,0,0
JD_12130774,2021-02-28,24027,16576,17709,30,17,44,65
JD_12130773,2021-02-28,171,137,156,0,0,0,0
JD_12130772,2021-02-28,309,242,202,0,0,1,1
JD_12130771,2021-02-28,27,17,20,0,0,0,0
JD_12130770,2021-02-28,448,351,281,0,0,0,1
JD_12130769,2021-02-28,69,55,36,0,0,0,0
JD_12130768,2021-02-28,217,169,137,0,1,0,0
JD_12130767,2021-02-28,119,95,112,0,1,0,0
JD_12130766,2021-02-28,378,297,225,1,0,0,0
JD_12130765,2021-02-28,730,596,518,0,0,2,1
JD_12130764,2021-02-28,328,259,217,0,0,0,0
JD_12130763,2021-02-28,2376,1988,2061,3,2,3,1
JD_12130761,2021-02-28,151,120,113,0,0,0,1
JD_12130760,2021-02-28,346,262,230,0,0,1,2
JD_12130758,2021-02-28,7,5,4,0,0,0,0
JD_12130756,2021-02-28,41,32,22,0,0,0,0
JD_12130755,2021-02-28,85,66,53,0,1,0,0
JD_12130754,2021-02-28,6,2,5,0,0,0,0
JD_12130753,2021-02-28,846,709,484,0,0,1,2
JD_12130520,2021-02-28,19,11,17,0,1,0,0
JD_12130519,2021-02-28,37,28,25,0,1,0,0
JD_12130518,2021-02-28,792,664,370,1,0,2,3
JD_12130517,2021-02-28,3,3,3,0,0,0,0
JD_12130516,2021-02-28,19,12,13,0,0,0,0
JD_12130515,2021-02-28,29,26,12,0,0,0,0
JD_12130514,2021-02-28,679,526,360,1,1,1,1
JD_12130513,2021-02-28,3,3,0,0,0,0,0
JD_12130511,2021-02-28,1,0,1,0,0,0,0
JD_12130510,2021-02-28,45,32,28,0,0,2,0
JD_12130508,2021-02-28,23,16,9,0,0,1,0
JD_12130507,2021-02-28,8,8,2,0,0,0,0
JD_12130506,2021-02-28,12,9,8,0,0,1,0
JD_12130505,2021-02-28,1,1,1,0,0,0,0
JD_12130504,2021-02-28,12,10,6,0,0,0,0
