JD_11528960,2021-02-28,17,15,7,0,0,0,0
JD_11528957,2021-02-28,354,270,329,2,0,0,1
JD_11528955,2021-02-28,13,9,11,0,0,0,0
JD_11528954,2021-02-28,24,11,23,0,0,0,0
JD_11528953,2021-02-28,18,11,17,0,0,0,0
JD_11528952,2021-02-28,20,14,16,0,0,0,0
JD_11528951,2021-02-28,36,24,29,0,0,0,0
JD_11528950,2021-02-28,20,16,14,0,0,0,0
JD_11528949,2021-02-28,10,8,8,0,0,0,0
JD_11528948,2021-02-28,23,15,19,0,0,0,0
JD_11528947,2021-02-28,17,12,14,0,0,0,0
JD_11528946,2021-02-28,28,20,23,0,0,0,0
JD_11528945,2021-02-28,13,6,12,0,0,0,0
JD_11528942,2021-02-28,0,0,0,0,0,0,0
JD_11528941,2021-02-28,4,4,1,0,0,0,0
JD_11528940,2021-02-28,0,0,0,0,0,0,0
JD_11528938,2021-02-28,4,4,3,0,0,0,0
JD_11528937,2021-02-28,5,1,5,0,0,0,0
JD_11528936,2021-02-28,0,0,0,0,0,0,0
JD_11528935,2021-02-28,0,0,0,0,0,0,0
JD_11528934,2021-02-28,0,0,0,0,0,0,0
JD_11528933,2021-02-28,0,0,0,0,0,0,0
JD_11528932,2021-02-28,0,0,0,0,0,0,0
JD_11528931,2021-02-28,0,0,0,0,0,0,0
JD_11528930,2021-02-28,0,0,0,0,0,0,0
JD_11528928,2021-02-28,3,2,3,0,0,0,0
JD_11528927,2021-02-28,1,0,1,0,0,0,0
JD_11528925,2021-02-28,22,4,21,0,0,0,0
JD_11528923,2021-02-28,11,6,10,0,0,0,0
JD_11528919,2021-02-28,10,3,9,0,0,0,0
JD_11528918,2021-02-28,25,13,23,0,0,0,1
JD_11528917,2021-02-28,12,5,11,0,0,0,0
JD_11528914,2021-02-28,323,43,319,2,2,0,1
JD_11528913,2021-02-28,949,331,854,7,0,1,1
JD_11528912,2021-02-28,26,11,25,0,0,0,0
JD_11528911,2021-02-28,1028,359,930,7,0,0,3
JD_11528910,2021-02-28,1125,390,994,9,0,0,3
JD_11528908,2021-02-28,1819,820,1519,10,4,0,7
JD_11528907,2021-02-28,49,29,30,0,0,0,0
JD_11528904,2021-02-28,430,215,399,2,2,2,1
JD_11528903,2021-02-28,362,196,243,3,0,0,3
JD_11528902,2021-02-28,415,262,250,1,0,0,1
JD_11528895,2021-02-28,151,84,103,1,1,0,0
JD_11528892,2021-02-28,1,1,1,0,0,0,0
JD_11528887,2021-02-28,14,13,5,0,0,0,0
JD_11528886,2021-02-28,7,0,7,0,0,0,0
JD_11528883,2021-02-28,270,97,195,7,2,1,2
JD_11528882,2021-02-28,26,20,18,0,0,0,0
JD_11528877,2021-02-28,15,13,12,0,0,0,0
JD_11528876,2021-02-28,23,18,13,0,0,0,0
JD_11528875,2021-02-28,9,7,7,0,0,0,0
JD_11528873,2021-02-28,13,11,8,0,0,0,0
JD_11528872,2021-02-28,2,2,1,0,0,0,0
JD_11528871,2021-02-28,0,0,0,0,0,0,0
JD_11528870,2021-02-28,0,0,0,0,0,0,0
JD_11528869,2021-02-28,0,0,0,0,0,0,0
JD_11528868,2021-02-28,9,7,6,0,0,0,0
JD_11528867,2021-02-28,5,4,2,0,0,0,0
JD_11528865,2021-02-28,4,3,4,0,0,0,0
JD_11528864,2021-02-28,1,0,1,0,0,0,0
JD_11528863,2021-02-28,0,0,0,0,0,0,0
JD_11528862,2021-02-28,1,1,0,0,0,0,0
JD_11528860,2021-02-28,0,0,0,0,0,0,0
JD_11528859,2021-02-28,2,1,1,0,0,0,0
JD_11528856,2021-02-28,0,0,0,0,0,0,0
JD_11528854,2021-02-28,1,1,1,0,0,0,0
JD_11528853,2021-02-28,0,0,0,0,0,0,0
JD_11528849,2021-02-28,3,3,3,0,0,0,0
JD_11528848,2021-02-28,2,1,2,0,0,0,0
JD_11528847,2021-02-28,12,8,8,0,0,0,0
