JD_11319735,2021-02-28,7,3,6,0,0,0,0
JD_11319731,2021-02-28,2720,9,2563,130,27,0,0
JD_11319730,2021-02-28,6,2,5,1,0,0,0
JD_11319729,2021-02-28,2,1,1,0,0,0,0
JD_11319728,2021-02-28,3,3,0,0,0,0,0
JD_11319727,2021-02-28,14,9,10,1,0,0,0
JD_11319726,2021-02-28,19,11,18,0,0,0,0
JD_11319725,2021-02-28,26,0,25,1,0,0,0
JD_11319724,2021-02-28,14,5,11,0,0,0,0
JD_11319722,2021-02-28,41,10,38,0,0,0,0
JD_11319721,2021-02-28,35,5,34,1,0,0,0
JD_11319720,2021-02-28,200,104,168,1,0,0,0
JD_11319719,2021-02-28,388,296,220,0,0,0,0
JD_11319718,2021-02-28,6,2,4,0,0,0,0
JD_11319717,2021-02-28,1,1,0,0,0,0,0
JD_11319715,2021-02-28,1,1,0,0,0,0,0
JD_11319713,2021-02-28,25,16,10,0,0,0,0
JD_11319712,2021-02-28,117,15,117,0,0,0,0
JD_11319711,2021-02-28,2367,0,2298,62,7,0,0
JD_11319710,2021-02-28,8,6,3,0,0,0,0
JD_11319709,2021-02-28,71,0,70,1,0,0,0
JD_11319708,2021-02-28,415,2,398,11,6,0,0
JD_11319707,2021-02-28,3800,1952,3084,15,3,1,4
JD_11319706,2021-02-28,4769,1192,3500,58,19,0,3
JD_11319705,2021-02-28,10,5,5,0,0,0,0
JD_11319690,2021-02-28,16,1,15,1,0,0,0
JD_11319689,2021-02-28,8,3,7,0,0,0,0
JD_11319688,2021-02-28,12,6,9,0,0,0,0
JD_11319682,2021-02-28,461,57,459,1,1,0,0
JD_11319681,2021-02-28,1643,948,1633,5,0,0,2
JD_11319680,2021-02-28,3141,2252,2032,19,3,9,10
JD_11319675,2021-02-28,62,2,56,3,1,0,0
JD_11319673,2021-02-28,161,97,127,1,0,0,0
JD_11319672,2021-02-28,48,0,44,1,3,0,0
JD_11319671,2021-02-28,37,26,24,1,0,0,0
JD_11319670,2021-02-28,34,17,20,1,0,0,0
JD_11319667,2021-02-28,16,11,6,0,0,0,0
JD_11319666,2021-02-28,1,1,0,0,0,0,0
JD_11319665,2021-02-28,53,19,34,2,2,0,0
JD_11319664,2021-02-28,2,2,1,0,0,0,0
JD_11319663,2021-02-28,0,0,0,0,0,0,0
JD_11319662,2021-02-28,18,12,8,0,0,0,0
JD_11319661,2021-02-28,7,3,7,0,0,0,0
JD_11319660,2021-02-28,81,39,68,3,2,0,0
JD_11319659,2021-02-28,1,0,1,0,0,0,0
JD_11319658,2021-02-28,1,0,1,0,0,0,0
JD_11319657,2021-02-28,4,1,3,0,0,0,0
JD_11319656,2021-02-28,6,2,5,0,0,0,0
JD_11319653,2021-02-28,5,2,5,0,0,0,0
JD_11319652,2021-02-28,3,3,1,0,0,0,0
JD_11319651,2021-02-28,0,0,0,0,0,0,0
JD_11319649,2021-02-28,3,2,2,0,0,0,0
JD_11319648,2021-02-28,19,12,16,0,0,0,0
JD_11319647,2021-02-28,4,2,4,0,0,1,0
JD_11319646,2021-02-28,4,3,1,1,0,0,0
JD_11319644,2021-02-28,4,2,2,1,0,0,0
JD_11319642,2021-02-28,0,0,0,0,0,0,0
JD_11319640,2021-02-28,63,12,57,3,0,0,0
JD_11319639,2021-02-28,0,0,0,0,0,0,0
JD_11319638,2021-02-28,7,5,3,0,0,0,0
JD_11319637,2021-02-28,2,1,1,0,0,0,0
JD_11319636,2021-02-28,30,13,27,0,0,0,0
JD_11319635,2021-02-28,30,4,25,1,1,0,0
JD_11319634,2021-02-28,32,26,20,1,0,0,0
JD_11319633,2021-02-28,9,2,9,0,0,0,0
JD_11319632,2021-02-28,14,4,12,1,0,0,0
JD_11319631,2021-02-28,26,4,25,0,0,0,0
JD_11319630,2021-02-28,13,1,11,1,0,0,0
JD_11319629,2021-02-28,12,4,8,1,0,0,0
JD_11319628,2021-02-28,21,2,20,0,0,0,0
