JD_11460693,2021-02-28,13,8,12,0,1,0,0
JD_11460692,2021-02-28,18,10,12,0,1,0,0
JD_11460691,2021-02-28,42,24,35,0,0,0,0
JD_11460690,2021-02-28,2,0,2,0,0,0,0
JD_11460689,2021-02-28,795,134,730,18,3,2,0
JD_11460688,2021-02-28,552,412,290,0,1,2,1
JD_11460687,2021-02-28,0,0,0,0,0,0,0
JD_11460686,2021-02-28,1,0,1,0,0,0,0
JD_11460684,2021-02-28,0,0,0,0,0,0,0
JD_11460683,2021-02-28,7,6,1,0,0,0,0
JD_11460682,2021-02-28,6,6,2,0,0,0,0
JD_11460681,2021-02-28,2,1,1,0,0,0,0
JD_11460679,2021-02-28,1,0,1,0,0,0,0
JD_11460676,2021-02-28,0,0,0,0,0,0,0
JD_11460675,2021-02-28,32,20,20,0,0,0,0
JD_11460674,2021-02-28,0,0,0,0,0,0,0
JD_11460673,2021-02-28,155,114,149,0,0,1,0
JD_11460672,2021-02-28,0,0,0,0,0,0,0
JD_11460671,2021-02-28,52,37,26,0,0,0,0
JD_11460670,2021-02-28,0,0,0,0,0,0,0
JD_11460669,2021-02-28,0,0,0,0,0,0,0
JD_11460667,2021-02-28,21,17,8,0,0,0,0
JD_11460665,2021-02-28,200,0,185,10,5,0,0
JD_11460664,2021-02-28,7,4,7,0,0,0,0
JD_11460663,2021-02-28,23,12,14,2,0,0,0
JD_11460661,2021-02-28,107,1,102,4,1,0,0
JD_11460658,2021-02-28,33,15,27,2,2,0,0
JD_11460657,2021-02-28,114,30,109,1,0,0,0
JD_11460656,2021-02-28,0,0,0,0,0,0,0
JD_11460655,2021-02-28,2,2,0,0,0,0,0
JD_11460654,2021-02-28,239,0,232,5,2,0,0
JD_11460653,2021-02-28,141,0,133,5,3,0,0
JD_11460652,2021-02-28,45,19,42,0,0,0,0
JD_11460651,2021-02-28,2,1,1,0,0,0,0
JD_11460650,2021-02-28,0,0,0,0,0,0,0
JD_11460649,2021-02-28,2,2,2,0,0,0,0
JD_11460648,2021-02-28,1,1,1,0,0,0,0
JD_11460647,2021-02-28,0,0,0,0,0,0,0
JD_11460645,2021-02-28,243,25,235,2,1,0,1
JD_11460644,2021-02-28,3,1,3,0,0,0,0
JD_11460643,2021-02-28,0,0,0,0,0,0,0
JD_11460642,2021-02-28,0,0,0,0,0,0,0
JD_11460641,2021-02-28,96,46,89,0,0,0,0
JD_11460639,2021-02-28,38,22,28,0,1,0,0
JD_11460638,2021-02-28,39,24,22,0,0,0,0
JD_11460637,2021-02-28,318,105,279,1,1,0,2
JD_11460636,2021-02-28,350,251,145,2,3,0,1
JD_11460635,2021-02-28,6,2,4,1,0,0,0
JD_11460634,2021-02-28,3968,2230,3215,18,8,2,5
JD_11460633,2021-02-28,16,6,16,0,0,0,0
JD_11460632,2021-02-28,664,294,585,9,5,0,1
JD_11460631,2021-02-28,336,0,324,12,0,0,0
JD_11460629,2021-02-28,0,0,0,0,0,0,0
JD_11460624,2021-02-28,0,0,0,0,0,0,0
JD_11460623,2021-02-28,58,45,30,0,1,0,0
JD_11460613,2021-02-28,22,0,21,1,0,0,0
JD_11460606,2021-02-28,186,0,179,6,1,0,0
JD_11460605,2021-02-28,4,1,3,0,0,0,0
JD_11460604,2021-02-28,20,13,14,0,0,0,0
JD_11460603,2021-02-28,12,8,8,0,0,0,0
JD_11460602,2021-02-28,13,4,9,0,0,0,0
JD_11460601,2021-02-28,13,7,9,0,0,0,0
JD_11460600,2021-02-28,12,3,12,0,0,0,0
JD_11460599,2021-02-28,9,7,2,0,0,0,0
JD_11460598,2021-02-28,12,4,11,0,0,0,0
JD_11460597,2021-02-28,18,15,13,0,0,0,0
JD_11460596,2021-02-28,17,12,13,0,0,0,0
JD_11460595,2021-02-28,8,4,7,0,0,0,0
JD_11460594,2021-02-28,15,7,13,0,0,0,0
JD_11460593,2021-02-28,11,3,11,0,0,0,0
