JD_12438198,2021-02-28,38,31,7,0,0,0,0
JD_12438197,2021-02-28,33,24,13,1,0,0,1
JD_12438196,2021-02-28,57,48,30,0,0,0,0
JD_12438195,2021-02-28,12,9,3,0,0,0,0
JD_12438194,2021-02-28,25,20,23,0,0,0,0
JD_12438192,2021-02-28,9,8,9,0,0,0,0
JD_12438191,2021-02-28,8,7,3,0,0,0,0
JD_12438190,2021-02-28,940,798,161,0,1,0,0
JD_12438189,2021-02-28,4,3,3,0,0,0,0
JD_12438188,2021-02-28,149,129,47,0,0,0,0
JD_12438187,2021-02-28,6,6,0,0,0,0,0
JD_12438185,2021-02-28,45,36,9,0,0,0,0
JD_12438183,2021-02-28,1,1,0,0,0,0,0
JD_12438181,2021-02-28,2,2,1,0,0,0,0
JD_12438180,2021-02-28,3956,3325,2380,3,1,15,3
JD_12438179,2021-02-28,4,2,2,0,0,0,0
JD_12438178,2021-02-28,529,419,134,0,0,0,0
JD_12438177,2021-02-28,78,66,22,0,0,0,0
JD_12438174,2021-02-28,33469,26290,14647,45,40,54,74
JD_12438173,2021-02-28,8,5,4,0,0,0,0
JD_12438172,2021-02-28,439,367,80,2,0,1,0
JD_12438171,2021-02-28,13,11,4,0,0,0,0
JD_12438170,2021-02-28,9,8,1,0,0,0,0
JD_12438169,2021-02-28,8,3,5,0,0,0,0
JD_12438168,2021-02-28,47,34,20,0,1,0,0
JD_12438167,2021-02-28,8,7,1,0,0,0,0
JD_12438166,2021-02-28,4,4,0,0,0,0,0
JD_12438165,2021-02-28,7,6,3,0,0,0,0
JD_12438164,2021-02-28,6,4,2,0,0,0,0
JD_12438163,2021-02-28,1,1,0,0,0,0,0
JD_12438161,2021-02-28,0,0,0,0,0,0,0
JD_12438160,2021-02-28,13,12,6,0,0,0,0
JD_12438159,2021-02-28,3,1,2,0,0,0,0
JD_12438158,2021-02-28,443,333,153,2,1,0,3
JD_12438157,2021-02-28,8,5,6,0,0,0,0
JD_12438156,2021-02-28,25,20,8,0,0,0,1
JD_12438155,2021-02-28,23,18,7,0,0,0,0
JD_12438154,2021-02-28,148,125,36,0,0,0,0
JD_12438153,2021-02-28,2,2,0,0,0,0,0
JD_12438152,2021-02-28,21,17,4,0,0,0,0
JD_12438151,2021-02-28,1,1,0,0,0,0,0
JD_12438150,2021-02-28,8,5,4,0,0,0,0
JD_12438149,2021-02-28,26,24,3,0,0,0,0
JD_12438148,2021-02-28,25,23,2,0,0,0,0
JD_12438147,2021-02-28,2,1,1,0,0,0,0
JD_12438146,2021-02-28,349,291,74,0,0,0,1
JD_12438145,2021-02-28,14,13,6,0,0,0,0
JD_12438144,2021-02-28,7,5,2,0,0,0,0
JD_12438143,2021-02-28,9,7,4,0,0,0,0
JD_12438142,2021-02-28,70,47,52,1,1,0,0
JD_12438141,2021-02-28,10,6,4,0,0,0,0
JD_12438140,2021-02-28,5,3,5,0,0,0,0
JD_12438139,2021-02-28,1,1,0,0,0,0,0
JD_12438138,2021-02-28,20,17,20,0,0,0,0
JD_12438136,2021-02-28,208,187,21,0,0,0,0
JD_12438135,2021-02-28,6,4,2,0,0,0,0
JD_12438134,2021-02-28,360,306,72,0,0,0,1
JD_12438133,2021-02-28,6,5,1,0,0,0,0
JD_12438132,2021-02-28,1,1,0,0,0,0,0
JD_12438131,2021-02-28,19,16,5,0,0,0,0
JD_12438130,2021-02-28,15,15,1,0,0,0,0
JD_12438129,2021-02-28,44,38,11,0,0,0,0
JD_12438127,2021-02-28,13,11,5,0,0,0,0
JD_12438126,2021-02-28,29,27,12,0,0,0,0
JD_12438125,2021-02-28,22,16,7,0,0,0,0
JD_12438124,2021-02-28,15,14,7,0,0,0,0
JD_12438123,2021-02-28,21,18,8,0,0,0,0
JD_12438122,2021-02-28,12,9,2,0,1,0,0
JD_12438121,2021-02-28,8,5,3,0,0,0,0
JD_12438120,2021-02-28,10,9,1,0,0,0,0
