JD_11296380,2021-02-28,0,0,0,0,0,0,0
JD_11296375,2021-02-28,228,151,119,0,1,0,0
JD_11296374,2021-02-28,118,83,61,3,1,0,0
JD_11296371,2021-02-28,2,2,1,0,0,0,0
JD_11296370,2021-02-28,0,0,0,0,0,0,0
JD_11296369,2021-02-28,0,0,0,0,0,0,0
JD_11296364,2021-02-28,9,6,9,0,0,0,0
JD_11296363,2021-02-28,16,9,15,0,0,0,0
JD_11296362,2021-02-28,7,0,6,1,0,0,0
JD_11296360,2021-02-28,0,0,0,0,0,0,0
JD_11296359,2021-02-28,3,0,2,0,1,0,0
JD_11296358,2021-02-28,0,0,0,0,0,0,0
JD_11296355,2021-02-28,0,0,0,0,0,0,0
JD_11296353,2021-02-28,1,0,1,0,0,0,0
JD_11296352,2021-02-28,0,0,0,0,0,0,0
JD_11296351,2021-02-28,4,2,2,0,0,0,0
JD_11296339,2021-02-28,2,0,2,0,0,0,0
JD_11296337,2021-02-28,57,17,50,0,0,0,0
JD_11296336,2021-02-28,145,98,103,1,0,0,0
JD_11296334,2021-02-28,1647,1322,896,4,0,0,4
JD_11296333,2021-02-28,0,0,0,0,0,0,0
JD_11296331,2021-02-28,0,0,0,0,0,0,0
JD_11296327,2021-02-28,0,0,0,0,0,0,0
JD_11296326,2021-02-28,0,0,0,0,0,0,0
JD_11296314,2021-02-28,0,0,0,0,0,0,0
JD_11296313,2021-02-28,0,0,0,0,0,0,0
JD_11296310,2021-02-28,2,1,1,0,0,0,0
JD_11296309,2021-02-28,0,0,0,0,0,0,0
JD_11296305,2021-02-28,0,0,0,0,0,0,0
JD_11296303,2021-02-28,31,23,26,1,0,0,0
JD_11296301,2021-02-28,1125,696,859,4,5,4,4
JD_11296299,2021-02-28,1442,1011,1096,3,2,3,1
JD_11296294,2021-02-28,0,0,0,0,0,0,0
JD_11296292,2021-02-28,0,0,0,0,0,0,0
JD_11296291,2021-02-28,0,0,0,0,0,0,0
JD_11296288,2021-02-28,686,520,432,1,0,1,1
JD_11296285,2021-02-28,7,6,5,0,0,0,0
JD_11296283,2021-02-28,0,0,0,0,0,0,0
JD_11296282,2021-02-28,4,4,3,0,0,0,0
JD_11296281,2021-02-28,1,1,1,0,0,0,0
JD_11296279,2021-02-28,0,0,0,0,0,0,0
JD_11296278,2021-02-28,0,0,0,0,0,0,0
JD_11296276,2021-02-28,0,0,0,0,0,0,0
JD_11296274,2021-02-28,81,25,80,0,1,0,0
JD_11296273,2021-02-28,0,0,0,0,0,0,0
JD_11296269,2021-02-28,1,1,0,0,0,0,0
JD_11296268,2021-02-28,0,0,0,0,0,0,0
JD_11296267,2021-02-28,34,16,27,0,0,0,0
JD_11296266,2021-02-28,27,13,24,0,0,0,0
JD_11296265,2021-02-28,6,4,1,1,0,0,0
JD_11296264,2021-02-28,17,2,14,1,0,0,0
JD_11296261,2021-02-28,1,1,0,0,0,0,0
JD_11296259,2021-02-28,7,1,6,0,1,0,0
JD_11296258,2021-02-28,77,61,42,0,0,0,0
JD_11296252,2021-02-28,46,2,41,1,2,0,0
JD_11296249,2021-02-28,0,0,0,0,0,0,0
JD_11296248,2021-02-28,0,0,0,0,0,0,0
JD_11296241,2021-02-28,0,0,0,0,0,0,0
JD_11296240,2021-02-28,0,0,0,0,0,0,0
JD_11296238,2021-02-28,2,1,1,0,0,0,0
JD_11296230,2021-02-28,9,1,9,0,0,0,0
JD_11296227,2021-02-28,1,1,1,0,0,0,0
JD_11296223,2021-02-28,0,0,0,0,0,0,0
JD_11296217,2021-02-28,15,8,14,0,0,0,0
JD_11296216,2021-02-28,66,1,65,1,0,0,0
JD_11296214,2021-02-28,0,0,0,0,0,0,0
JD_11296205,2021-02-28,5,4,3,0,0,0,0
JD_11296202,2021-02-28,21,15,21,0,0,0,0
JD_11296200,2021-02-28,4,3,2,0,0,0,0
JD_11296199,2021-02-28,0,0,0,0,0,0,0
