JD_11642689,2021-02-28,35,21,29,0,0,0,0
JD_11642688,2021-02-28,268,117,231,4,3,1,0
JD_11642687,2021-02-28,2,1,1,0,0,0,0
JD_11642686,2021-02-28,9,0,9,0,0,0,0
JD_11642685,2021-02-28,5,0,5,0,0,0,0
JD_11642684,2021-02-28,0,0,0,0,0,0,0
JD_11642683,2021-02-28,2732,2061,1812,10,8,4,6
JD_11642682,2021-02-28,6,1,6,0,0,0,0
JD_11642681,2021-02-28,6,0,6,0,0,0,0
JD_11642680,2021-02-28,6,0,6,0,0,0,0
JD_11642679,2021-02-28,22,1,20,1,1,0,0
JD_11642678,2021-02-28,399,86,395,3,0,0,2
JD_11642677,2021-02-28,10,0,10,0,0,0,0
JD_11642676,2021-02-28,3,0,3,0,0,0,0
JD_11642675,2021-02-28,18,3,18,0,0,0,0
JD_11642674,2021-02-28,1,0,1,0,0,0,0
JD_11642673,2021-02-28,214,20,200,9,2,0,1
JD_11642672,2021-02-28,35,1,34,1,0,0,0
JD_11642671,2021-02-28,6,3,4,1,1,0,0
JD_11642670,2021-02-28,53,6,52,1,0,0,0
JD_11642669,2021-02-28,19,1,17,1,0,0,0
JD_11642667,2021-02-28,70,0,66,2,2,0,0
JD_11642666,2021-02-28,71,1,69,1,0,0,0
JD_11642665,2021-02-28,97,1,92,2,3,0,0
JD_11642664,2021-02-28,5,4,3,0,0,0,0
JD_11642663,2021-02-28,4,0,4,0,0,0,0
JD_11642662,2021-02-28,160,110,114,1,0,0,0
JD_11642661,2021-02-28,34,6,33,1,0,0,0
JD_11642660,2021-02-28,57,8,53,2,2,0,0
JD_11642362,2021-02-28,28,18,21,0,0,0,0
JD_11642360,2021-02-28,1,0,1,0,0,0,0
JD_11642359,2021-02-28,1,1,1,0,0,0,0
JD_11642358,2021-02-28,3,0,3,0,0,0,0
JD_11642357,2021-02-28,0,0,0,0,0,0,0
JD_11642355,2021-02-28,0,0,0,0,0,0,0
JD_11642354,2021-02-28,5,1,5,0,0,0,0
JD_11642351,2021-02-28,0,0,0,0,0,0,0
JD_11642350,2021-02-28,6,3,4,0,0,0,0
JD_11642349,2021-02-28,5,0,4,1,0,0,0
JD_11642348,2021-02-28,2,0,2,0,0,0,0
JD_11642347,2021-02-28,2,0,2,0,0,0,0
JD_11642346,2021-02-28,1,0,1,0,0,0,0
JD_11642345,2021-02-28,1,1,0,0,0,0,0
JD_11642344,2021-02-28,23,16,14,0,0,0,0
JD_11642343,2021-02-28,2,2,0,0,0,0,0
JD_11642342,2021-02-28,13,11,7,0,0,0,0
JD_11642341,2021-02-28,5,4,1,0,0,0,0
JD_11642340,2021-02-28,0,0,0,0,0,0,0
JD_11642339,2021-02-28,0,0,0,0,0,0,0
JD_11642338,2021-02-28,0,0,0,0,0,0,0
JD_11642337,2021-02-28,0,0,0,0,0,0,0
JD_11642336,2021-02-28,1601,1199,699,0,3,1,1
JD_11642335,2021-02-28,8,6,3,0,0,0,0
JD_11642334,2021-02-28,8,6,5,0,0,0,0
JD_11642333,2021-02-28,6,5,4,0,0,0,0
JD_11642332,2021-02-28,1,1,1,0,0,0,0
JD_11642331,2021-02-28,0,0,0,0,0,0,0
JD_11642330,2021-02-28,3,2,0,0,1,0,0
JD_11642329,2021-02-28,14,8,10,0,1,0,0
JD_11642328,2021-02-28,20,15,13,0,0,0,0
JD_11642326,2021-02-28,287,114,247,8,4,0,1
JD_11642325,2021-02-28,4,4,4,0,0,0,0
JD_11642324,2021-02-28,9,5,10,0,0,0,0
JD_11642323,2021-02-28,11,9,7,0,0,0,0
JD_11642322,2021-02-28,667,453,629,4,1,0,1
JD_11642321,2021-02-28,1,0,1,0,0,0,0
JD_11642320,2021-02-28,11,10,7,0,0,0,0
JD_11642319,2021-02-28,825,183,810,7,4,0,6
JD_11642318,2021-02-28,5,4,5,0,0,0,1
JD_11642317,2021-02-28,1,1,1,0,0,0,0
