JD_11375758,2021-02-28,52,32,51,1,0,0,0
JD_11375757,2021-02-28,5,4,4,0,0,0,0
JD_11375756,2021-02-28,20,12,13,0,0,0,0
JD_11375755,2021-02-28,0,0,0,0,0,0,0
JD_11375753,2021-02-28,0,0,0,0,0,0,0
JD_11375752,2021-02-28,2,1,2,0,0,0,0
JD_11375751,2021-02-28,23,16,13,0,0,0,0
JD_11375750,2021-02-28,14,10,4,0,0,0,0
JD_11375749,2021-02-28,5,5,1,0,0,0,0
JD_11375748,2021-02-28,8,0,8,0,0,0,0
JD_11375747,2021-02-28,157,89,151,0,0,0,2
JD_11375746,2021-02-28,247,105,242,4,1,0,0
JD_11375745,2021-02-28,18,5,17,0,0,0,0
JD_11375744,2021-02-28,35,16,26,0,0,0,0
JD_11375742,2021-02-28,102,37,70,2,1,0,1
JD_11375740,2021-02-28,196,15,181,0,0,0,0
JD_11375739,2021-02-28,260,100,220,1,2,0,0
JD_11375738,2021-02-28,711,23,668,14,6,0,1
JD_11375737,2021-02-28,283,68,217,3,1,0,1
JD_11375736,2021-02-28,280,61,217,1,1,0,0
JD_11375735,2021-02-28,432,69,363,5,1,0,3
JD_11375734,2021-02-28,113,7,103,2,1,0,0
JD_11375732,2021-02-28,601,180,551,8,3,0,1
JD_11375720,2021-02-28,115,0,112,3,0,0,0
JD_11375718,2021-02-28,1912,57,1810,80,17,0,1
JD_11375716,2021-02-28,242,0,236,4,2,0,0
JD_11375715,2021-02-28,628,0,616,11,1,0,0
JD_11375714,2021-02-28,655,0,646,6,3,0,0
JD_11375713,2021-02-28,40,19,29,0,1,0,0
JD_11375712,2021-02-28,153,98,85,0,0,0,0
JD_11375711,2021-02-28,55,31,40,0,0,0,0
JD_11375710,2021-02-28,65,35,46,1,1,0,1
JD_11375709,2021-02-28,125,0,121,2,2,0,0
JD_11375708,2021-02-28,74,18,65,0,0,0,1
JD_11375707,2021-02-28,46,13,43,0,0,0,0
JD_11375706,2021-02-28,4747,3539,4747,5,3,3,6
JD_11375705,2021-02-28,667,266,596,2,4,2,2
JD_11375704,2021-02-28,1140,715,899,2,2,0,3
JD_11375703,2021-02-28,0,0,0,0,0,0,0
JD_11375699,2021-02-28,132,43,129,2,1,0,0
JD_11375698,2021-02-28,5146,3374,5125,16,7,3,10
JD_11375697,2021-02-28,255,153,202,0,3,0,0
JD_11375691,2021-02-28,0,0,0,0,0,0,0
JD_11375687,2021-02-28,97,5,96,0,0,0,0
JD_11375686,2021-02-28,493,328,225,1,0,0,2
JD_11375685,2021-02-28,248,158,133,2,0,1,0
JD_11375683,2021-02-28,349,207,206,2,0,0,0
JD_11375682,2021-02-28,276,154,238,5,1,2,2
JD_11375681,2021-02-28,504,166,492,10,2,0,0
JD_11375679,2021-02-28,362,241,183,2,0,0,0
JD_11375678,2021-02-28,307,104,240,5,1,0,0
JD_11375643,2021-02-28,12,6,11,0,0,0,0
JD_11375637,2021-02-28,119,83,89,1,0,1,0
JD_11375634,2021-02-28,2,0,1,1,0,0,0
JD_11375628,2021-02-28,64,50,22,1,0,0,0
JD_11375627,2021-02-28,31,18,27,2,0,0,0
JD_11375626,2021-02-28,81,26,77,1,1,0,0
JD_11375624,2021-02-28,13,9,10,1,0,0,0
JD_11375623,2021-02-28,29,16,24,1,0,0,0
JD_11375622,2021-02-28,2,2,0,0,0,0,0
JD_11375621,2021-02-28,4,4,0,0,0,0,0
JD_11375619,2021-02-28,3212,1295,2922,34,11,2,11
JD_11375615,2021-02-28,3971,1689,2797,32,9,2,7
JD_11375614,2021-02-28,373,194,362,0,1,0,0
JD_11375613,2021-02-28,1967,830,1931,26,10,1,5
JD_11375612,2021-02-28,620,192,602,12,5,1,1
JD_11375611,2021-02-28,2557,1425,2401,25,17,4,8
JD_11375610,2021-02-28,9864,4901,6679,54,14,19,28
JD_11375609,2021-02-28,3538,533,2965,34,7,0,6
JD_11375607,2021-02-28,147,0,145,2,0,0,0
