JD_11358445,2021-02-28,3,1,3,0,0,0,0
JD_11358435,2021-02-28,4,0,4,0,0,0,0
JD_11358434,2021-02-28,9,7,8,0,0,0,0
JD_11358433,2021-02-28,17,10,17,0,0,0,0
JD_11358430,2021-02-28,2,1,2,0,0,0,0
JD_11358428,2021-02-28,0,0,0,0,0,0,0
JD_11358425,2021-02-28,6,1,5,0,0,0,0
JD_11358424,2021-02-28,0,0,0,0,0,0,0
JD_11358421,2021-02-28,9,6,9,0,0,0,0
JD_11358418,2021-02-28,0,0,0,0,0,0,0
JD_11358416,2021-02-28,1779,0,1742,29,8,0,0
JD_11358415,2021-02-28,67,41,66,1,0,0,0
JD_11358410,2021-02-28,54,17,49,0,1,0,0
JD_11358408,2021-02-28,8,5,2,0,1,0,0
JD_11358405,2021-02-28,23,8,23,0,0,1,0
JD_11358391,2021-02-28,3,2,2,1,0,0,0
JD_11358390,2021-02-28,18,14,7,0,0,0,0
JD_11358385,2021-02-28,32,19,20,1,0,0,0
JD_11358384,2021-02-28,18,7,16,0,1,0,0
JD_11358383,2021-02-28,11,7,6,0,0,0,0
JD_11358382,2021-02-28,54,23,49,1,1,0,0
JD_11358381,2021-02-28,14,9,11,0,0,0,0
JD_11358380,2021-02-28,1,0,1,0,0,0,0
JD_11358379,2021-02-28,6,5,6,0,0,0,0
JD_11358374,2021-02-28,5,2,5,0,0,0,0
JD_11358373,2021-02-28,5,2,2,1,0,0,0
JD_11358369,2021-02-28,0,0,0,0,0,0,0
JD_11358363,2021-02-28,0,0,0,0,0,0,0
JD_11358356,2021-02-28,30,12,28,1,0,0,0
JD_11358355,2021-02-28,11,4,11,0,0,0,0
JD_11358351,2021-02-28,19,12,18,0,0,0,0
JD_11358350,2021-02-28,23,13,22,0,0,0,0
JD_11358349,2021-02-28,3,2,1,0,0,0,0
JD_11358348,2021-02-28,6,3,4,0,0,0,0
JD_11358346,2021-02-28,861,390,799,8,0,0,0
JD_11358345,2021-02-28,15,2,12,1,0,0,0
JD_11358344,2021-02-28,14,1,14,0,0,0,0
JD_11358343,2021-02-28,1,1,1,0,0,0,0
JD_11358342,2021-02-28,497,303,485,8,4,2,2
JD_11358341,2021-02-28,0,0,0,0,0,0,0
JD_11358340,2021-02-28,117,48,114,0,3,0,0
JD_11358338,2021-02-28,2,2,1,0,0,0,0
JD_11358336,2021-02-28,819,238,797,11,4,0,2
JD_11358335,2021-02-28,181,3,173,7,1,0,0
JD_11358334,2021-02-28,196,2,190,4,1,0,0
JD_11358333,2021-02-28,143,1,141,1,1,0,0
JD_11358331,2021-02-28,124,0,123,1,0,0,0
JD_11358330,2021-02-28,44,0,42,1,1,0,0
JD_11358328,2021-02-28,165,1,161,4,0,0,0
JD_11358326,2021-02-28,42,0,41,0,1,0,0
JD_11358324,2021-02-28,6063,932,5773,61,12,1,3
JD_11358322,2021-02-28,46,5,43,1,0,0,0
JD_11358319,2021-02-28,49,0,47,2,0,0,0
JD_11358318,2021-02-28,40,0,38,2,0,0,0
JD_11358315,2021-02-28,7,3,5,1,0,0,0
JD_11358314,2021-02-28,0,0,0,0,0,0,0
JD_11358313,2021-02-28,1827,937,1477,6,1,2,14
JD_11358312,2021-02-28,22,17,11,1,0,0,0
JD_11358310,2021-02-28,16,8,10,0,0,0,0
JD_11358308,2021-02-28,8,6,5,0,0,0,0
JD_11358307,2021-02-28,5,0,5,0,0,0,0
JD_11358305,2021-02-28,71,32,48,0,0,0,0
JD_11358303,2021-02-28,70,8,66,1,0,0,0
JD_11358302,2021-02-28,10,1,10,0,0,0,0
JD_11358300,2021-02-28,31,16,15,0,0,0,0
JD_11358299,2021-02-28,7,2,5,0,1,0,0
JD_11358298,2021-02-28,34,10,32,0,0,0,0
JD_11358296,2021-02-28,12,2,11,1,0,0,0
JD_11358295,2021-02-28,91,33,81,1,1,0,1
JD_11358293,2021-02-28,34,10,24,0,0,0,0
