JD_11467097,2021-02-28,1,1,0,0,0,0,0
JD_11467096,2021-02-28,15,5,13,0,0,0,0
JD_11467094,2021-02-28,5,1,5,0,0,0,0
JD_11467091,2021-02-28,152,28,150,1,0,0,0
JD_11467090,2021-02-28,23,17,15,1,0,0,0
JD_11467088,2021-02-28,6,0,5,1,0,0,0
JD_11467087,2021-02-28,4,1,4,0,0,0,0
JD_11467085,2021-02-28,140,99,73,1,0,0,0
JD_11467084,2021-02-28,17,13,14,0,0,0,0
JD_11467083,2021-02-28,18,15,9,0,0,0,0
JD_11467082,2021-02-28,112,57,84,1,3,0,0
JD_11467081,2021-02-28,56,22,52,1,0,0,1
JD_11467080,2021-02-28,75,8,64,2,1,0,0
JD_11467079,2021-02-28,85,3,75,8,2,0,0
JD_11467078,2021-02-28,83,0,81,2,0,0,0
JD_11467077,2021-02-28,1,0,1,0,0,0,0
JD_11467076,2021-02-28,40,25,19,0,0,0,1
JD_11467075,2021-02-28,3,1,3,0,0,0,0
JD_11467073,2021-02-28,6,2,6,0,0,0,0
JD_11467072,2021-02-28,1,0,1,0,0,0,0
JD_11467071,2021-02-28,1,0,1,0,0,0,0
JD_11467070,2021-02-28,28,20,12,1,0,0,0
JD_11467069,2021-02-28,3,0,2,1,0,0,0
JD_11467068,2021-02-28,12,6,10,0,0,0,0
JD_11467067,2021-02-28,178,109,138,1,1,0,0
JD_11467066,2021-02-28,28,14,22,0,0,0,0
JD_11467065,2021-02-28,8,4,7,0,0,0,0
JD_11467064,2021-02-28,1,0,0,1,0,0,0
JD_11467063,2021-02-28,5,4,3,0,0,0,0
JD_11467062,2021-02-28,115,85,62,0,0,0,0
JD_11467061,2021-02-28,17,9,10,0,0,0,0
JD_11467060,2021-02-28,19,2,19,0,0,0,0
JD_11467059,2021-02-28,98,3,92,4,2,0,0
JD_11467058,2021-02-28,26,3,23,1,2,0,0
JD_11467057,2021-02-28,223,114,135,2,0,0,0
JD_11467056,2021-02-28,145,63,109,0,0,0,0
JD_11467055,2021-02-28,79,5,73,4,1,0,0
JD_11467054,2021-02-28,250,131,174,2,1,0,0
JD_11467053,2021-02-28,9,1,7,0,2,0,0
JD_11467052,2021-02-28,145,67,106,0,0,0,0
JD_11467051,2021-02-28,17,2,16,0,1,0,0
JD_11467050,2021-02-28,23,0,21,1,1,0,0
JD_11467049,2021-02-28,76,49,53,2,0,1,0
JD_11467048,2021-02-28,155,73,102,2,0,0,0
JD_11467047,2021-02-28,255,154,163,1,0,0,0
JD_11467046,2021-02-28,93,69,53,1,0,0,0
JD_11467045,2021-02-28,6338,4674,3820,10,4,6,19
JD_11467044,2021-02-28,94,0,91,3,0,0,0
JD_11467043,2021-02-28,27,12,26,0,1,0,0
JD_11467042,2021-02-28,45,26,37,0,0,0,0
JD_11467041,2021-02-28,38,0,37,1,0,0,0
JD_11467040,2021-02-28,4,4,3,0,0,0,0
JD_11467039,2021-02-28,4,4,2,0,0,0,0
JD_11467038,2021-02-28,473,230,450,2,1,0,2
JD_11467037,2021-02-28,11,0,10,0,1,0,0
JD_11467036,2021-02-28,13,6,9,0,0,0,0
JD_11467035,2021-02-28,4,2,3,0,0,0,0
JD_11467033,2021-02-28,148,99,80,1,1,0,1
JD_11467032,2021-02-28,4,2,3,0,0,0,0
JD_11467031,2021-02-28,19,4,17,0,2,0,0
JD_11467028,2021-02-28,1,0,1,0,0,0,0
JD_11467027,2021-02-28,4,3,2,0,0,0,0
JD_11467026,2021-02-28,4,2,3,0,0,0,0
JD_11467025,2021-02-28,1,0,1,0,0,0,0
JD_11467022,2021-02-28,4,1,4,0,0,0,0
JD_11467021,2021-02-28,5,3,3,0,0,0,0
JD_11467019,2021-02-28,0,0,0,0,0,0,0
JD_11467016,2021-02-28,8,5,8,0,0,0,0
JD_11467015,2021-02-28,1,1,1,0,0,0,0
JD_11467014,2021-02-28,4,1,5,0,0,0,0
