JD_11429753,2021-02-28,1,0,1,0,0,0,0
JD_11429751,2021-02-28,0,0,0,0,0,0,0
JD_11429750,2021-02-28,7,0,7,0,0,0,0
JD_11429749,2021-02-28,0,0,0,0,0,0,0
JD_11429747,2021-02-28,3,1,3,0,0,0,0
JD_11429745,2021-02-28,0,0,0,0,0,0,0
JD_11429744,2021-02-28,0,0,0,0,0,0,0
JD_11429743,2021-02-28,3,3,1,0,0,0,0
JD_11429740,2021-02-28,0,0,0,0,0,0,0
JD_11429739,2021-02-28,15,6,14,0,0,0,0
JD_11429738,2021-02-28,0,0,0,0,0,0,0
JD_11429737,2021-02-28,3,0,3,0,0,0,0
JD_11429736,2021-02-28,6,5,3,0,0,0,0
JD_11429735,2021-02-28,3,3,2,0,0,0,0
JD_11429734,2021-02-28,1,1,0,0,0,0,0
JD_11429731,2021-02-28,0,0,0,0,0,0,0
JD_11429730,2021-02-28,1,0,1,0,0,0,0
JD_11429729,2021-02-28,0,0,0,0,0,0,0
JD_11429728,2021-02-28,22,14,11,0,0,0,0
JD_11429727,2021-02-28,57,40,39,0,0,0,0
JD_11429726,2021-02-28,0,0,0,0,0,0,0
JD_11429725,2021-02-28,10,7,8,0,0,0,0
JD_11429723,2021-02-28,0,0,0,0,0,0,0
JD_11429722,2021-02-28,9,7,2,0,0,0,1
JD_11429717,2021-02-28,1,1,0,0,0,0,0
JD_11429715,2021-02-28,13,9,5,0,0,0,0
JD_11429714,2021-02-28,12,9,7,0,0,0,0
JD_11429713,2021-02-28,1,1,1,0,0,0,0
JD_11429710,2021-02-28,1,0,1,0,0,0,0
JD_11429709,2021-02-28,8,3,7,1,0,0,0
JD_11429708,2021-02-28,0,0,0,0,0,0,0
JD_11429707,2021-02-28,2,0,2,0,0,0,0
JD_11429706,2021-02-28,20,1,20,0,0,0,0
JD_11429705,2021-02-28,0,0,0,0,0,0,0
JD_11429704,2021-02-28,0,0,0,0,0,0,0
JD_11429703,2021-02-28,0,0,0,0,0,0,0
JD_11429702,2021-02-28,2,2,1,0,0,0,0
JD_11429701,2021-02-28,6,1,5,0,0,0,0
JD_11429700,2021-02-28,82,56,78,0,1,1,0
JD_11429699,2021-02-28,3,2,2,0,0,0,0
JD_11429698,2021-02-28,1,1,1,0,0,0,0
JD_11429697,2021-02-28,2,0,2,0,0,0,0
JD_11429696,2021-02-28,8,8,8,0,0,0,0
JD_11429693,2021-02-28,2,0,2,0,0,0,0
JD_11429692,2021-02-28,11,10,8,0,0,0,0
JD_11429691,2021-02-28,11,8,6,0,0,0,0
JD_11429689,2021-02-28,3,0,3,0,0,0,0
JD_11429688,2021-02-28,4,2,3,0,0,0,1
JD_11429686,2021-02-28,0,0,0,0,0,0,0
JD_11429685,2021-02-28,1,1,1,0,0,0,0
JD_11429683,2021-02-28,0,0,0,0,0,0,0
JD_11429679,2021-02-28,0,0,0,0,0,0,0
JD_11429678,2021-02-28,0,0,0,0,0,0,0
JD_11429676,2021-02-28,0,0,0,0,0,0,0
JD_11429675,2021-02-28,0,0,0,0,0,0,0
JD_11429673,2021-02-28,81,0,78,3,0,0,0
JD_11429672,2021-02-28,100,7,94,4,1,0,0
JD_11429671,2021-02-28,68,44,37,0,0,0,0
JD_11429663,2021-02-28,0,0,0,0,0,0,0
JD_11429660,2021-02-28,13,2,11,1,0,0,0
JD_11429659,2021-02-28,9,0,9,0,0,0,0
JD_11429652,2021-02-28,253,160,198,0,0,0,0
JD_11429651,2021-02-28,52,19,41,0,0,0,0
JD_11429650,2021-02-28,33,1,32,0,1,0,0
JD_11429648,2021-02-28,233,85,229,3,0,0,1
JD_11429647,2021-02-28,2601,1845,1582,5,4,1,7
JD_11429645,2021-02-28,101,0,101,0,0,0,0
JD_11429642,2021-02-28,26,8,19,0,0,0,0
JD_11429638,2021-02-28,47,18,38,1,0,0,0
JD_11429637,2021-02-28,1588,892,1142,1,1,2,1
