JD_11371299,2021-02-28,225,155,138,6,1,0,0
JD_11371298,2021-02-28,75,61,41,0,2,0,0
JD_11371297,2021-02-28,62,8,57,1,1,0,0
JD_11371296,2021-02-28,7,2,7,0,0,0,0
JD_11371295,2021-02-28,104,1,98,3,3,0,1
JD_11371289,2021-02-28,2,1,2,0,0,0,0
JD_11371285,2021-02-28,3,1,3,0,0,0,0
JD_11371283,2021-02-28,0,0,0,0,0,0,0
JD_11371281,2021-02-28,0,0,0,0,0,0,0
JD_11371277,2021-02-28,5,3,2,0,0,0,0
JD_11371271,2021-02-28,0,0,0,0,0,0,0
JD_11371268,2021-02-28,0,0,0,0,0,0,0
JD_11371266,2021-02-28,0,0,0,0,0,0,0
JD_11371257,2021-02-28,1,1,1,0,0,0,0
JD_11371256,2021-02-28,0,0,0,0,0,0,0
JD_11371255,2021-02-28,0,0,0,0,0,0,0
JD_11371254,2021-02-28,0,0,0,0,0,0,0
JD_11371246,2021-02-28,0,0,0,0,0,0,0
JD_11371243,2021-02-28,0,0,0,0,0,0,0
JD_11371235,2021-02-28,0,0,0,0,0,0,0
JD_11371231,2021-02-28,0,0,0,0,0,0,0
JD_11371229,2021-02-28,0,0,0,0,0,0,0
JD_11371228,2021-02-28,0,0,0,0,0,0,0
JD_11371227,2021-02-28,0,0,0,0,0,0,0
JD_11371226,2021-02-28,0,0,0,0,0,0,0
JD_11371224,2021-02-28,0,0,0,0,0,0,0
JD_11371222,2021-02-28,0,0,0,0,0,0,0
JD_11371220,2021-02-28,0,0,0,0,0,0,0
JD_11371217,2021-02-28,0,0,0,0,0,0,0
JD_11371215,2021-02-28,3,2,1,0,0,0,0
JD_11371211,2021-02-28,0,0,0,0,0,0,0
JD_11371210,2021-02-28,0,0,0,0,0,0,0
JD_11371209,2021-02-28,0,0,0,0,0,0,0
JD_11371206,2021-02-28,0,0,0,0,0,0,0
JD_11371202,2021-02-28,169,111,96,0,1,1,0
JD_11371201,2021-02-28,6,4,5,0,0,0,0
JD_11371200,2021-02-28,0,0,0,0,0,0,0
JD_11371198,2021-02-28,0,0,0,0,0,0,0
JD_11371197,2021-02-28,0,0,0,0,0,0,0
JD_11371195,2021-02-28,0,0,0,0,0,0,0
JD_11371193,2021-02-28,24,9,23,1,0,0,0
JD_11371191,2021-02-28,1,1,0,0,0,0,0
JD_11371190,2021-02-28,1,1,0,0,0,0,0
JD_11371189,2021-02-28,0,0,0,0,0,0,0
JD_11371188,2021-02-28,0,0,0,0,0,0,0
JD_11371187,2021-02-28,0,0,0,0,0,0,0
JD_11371186,2021-02-28,1,1,1,0,0,0,0
JD_11371185,2021-02-28,4,2,3,0,0,0,0
JD_11371184,2021-02-28,7,5,4,0,0,0,0
JD_11371183,2021-02-28,60,50,28,0,0,0,0
JD_11371182,2021-02-28,3,2,1,0,0,0,0
JD_11371181,2021-02-28,0,0,0,0,0,0,0
JD_11371179,2021-02-28,2,1,1,0,0,0,0
JD_11371178,2021-02-28,16,10,10,0,0,0,0
JD_11371177,2021-02-28,1,1,0,0,0,0,0
JD_11371172,2021-02-28,2,1,2,0,0,0,0
JD_11371161,2021-02-28,0,0,0,0,0,0,0
JD_11371160,2021-02-28,2,2,0,0,0,0,0
JD_11371159,2021-02-28,16,0,15,1,0,0,0
JD_11371151,2021-02-28,104,70,38,0,0,0,0
JD_11371149,2021-02-28,2,1,1,0,0,0,0
JD_11371147,2021-02-28,21,9,17,0,0,0,0
JD_11371136,2021-02-28,0,0,0,0,0,0,0
JD_11371121,2021-02-28,0,0,0,0,0,0,0
JD_11371119,2021-02-28,0,0,0,0,0,0,0
JD_11371118,2021-02-28,0,0,0,0,0,0,0
JD_11371116,2021-02-28,2,0,2,0,0,0,0
JD_11371115,2021-02-28,0,0,0,0,0,0,0
JD_11371112,2021-02-28,8,4,5,0,0,0,0
JD_11371111,2021-02-28,117,80,55,1,0,0,1
