JD_11312696,2021-02-28,14,6,14,0,0,0,0
JD_11312692,2021-02-28,5,3,3,0,0,0,0
JD_11312689,2021-02-28,56,33,49,0,0,0,0
JD_11312688,2021-02-28,0,0,0,0,0,0,0
JD_11312687,2021-02-28,20,13,19,0,0,0,0
JD_11312685,2021-02-28,22,14,21,0,0,0,0
JD_11312682,2021-02-28,0,0,0,0,0,0,0
JD_11312681,2021-02-28,21,17,14,0,0,0,0
JD_11312666,2021-02-28,8,0,8,0,0,0,0
JD_11312665,2021-02-28,0,0,0,0,0,0,0
JD_11312658,2021-02-28,1,1,0,0,0,0,0
JD_11312657,2021-02-28,0,0,0,0,0,0,0
JD_11312656,2021-02-28,1,0,1,0,0,0,0
JD_11312655,2021-02-28,0,0,0,0,0,0,0
JD_11312654,2021-02-28,5,3,2,0,0,0,0
JD_11312651,2021-02-28,0,0,0,0,0,0,0
JD_11312650,2021-02-28,1,1,1,0,0,0,0
JD_11312649,2021-02-28,0,0,0,0,0,0,0
JD_11312646,2021-02-28,2,0,2,0,0,0,0
JD_11312644,2021-02-28,0,0,0,0,0,0,0
JD_11312642,2021-02-28,30,16,28,0,0,0,0
JD_11312641,2021-02-28,112,63,107,0,0,0,1
JD_11312640,2021-02-28,0,0,0,0,0,0,0
JD_11312638,2021-02-28,49,29,45,1,0,0,0
JD_11312637,2021-02-28,34,12,32,1,0,0,0
JD_11312636,2021-02-28,0,0,0,0,0,0,0
JD_11312635,2021-02-28,0,0,0,0,0,0,0
JD_11312634,2021-02-28,45,7,40,2,3,0,0
JD_11312633,2021-02-28,3,3,0,0,0,0,0
JD_11312632,2021-02-28,0,0,0,0,0,0,0
JD_11312630,2021-02-28,0,0,0,0,0,0,0
JD_11312629,2021-02-28,0,0,0,0,0,0,0
JD_11312627,2021-02-28,0,0,0,0,0,0,0
JD_11312626,2021-02-28,0,0,0,0,0,0,0
JD_11312624,2021-02-28,0,0,0,0,0,0,0
JD_11312623,2021-02-28,0,0,0,0,0,0,0
JD_11312622,2021-02-28,0,0,0,0,0,0,0
JD_11312618,2021-02-28,1,1,1,0,0,0,0
JD_11312617,2021-02-28,13,0,13,0,0,0,0
JD_11312616,2021-02-28,0,0,0,0,0,0,0
JD_11312614,2021-02-28,5,3,3,0,0,0,0
JD_11312610,2021-02-28,3,3,1,0,0,0,0
JD_11312607,2021-02-28,0,0,0,0,0,0,0
JD_11312605,2021-02-28,2,0,2,0,0,0,0
JD_11312603,2021-02-28,5,1,4,0,0,0,0
JD_11312598,2021-02-28,3,2,1,0,0,0,0
JD_11312595,2021-02-28,35,5,29,1,0,0,0
JD_11312593,2021-02-28,0,0,0,0,0,0,0
JD_11312592,2021-02-28,3,0,3,0,0,0,0
JD_11312591,2021-02-28,5,2,4,0,1,0,0
JD_11312590,2021-02-28,1,1,1,0,0,0,0
JD_11312587,2021-02-28,0,0,0,0,0,0,0
JD_11312586,2021-02-28,56,38,48,1,0,0,0
JD_11312585,2021-02-28,70,40,70,0,0,0,0
JD_11312584,2021-02-28,343,197,325,3,0,0,3
JD_11312583,2021-02-28,48,29,48,0,0,0,1
JD_11312581,2021-02-28,3,1,3,0,0,0,0
JD_11312579,2021-02-28,77,39,73,1,0,0,0
JD_11312578,2021-02-28,2,1,2,0,0,0,0
JD_11312572,2021-02-28,0,0,0,0,0,0,0
JD_11312570,2021-02-28,0,0,0,0,0,0,0
JD_11312569,2021-02-28,0,0,0,0,0,0,0
JD_11312567,2021-02-28,0,0,0,0,0,0,0
JD_11312566,2021-02-28,0,0,0,0,0,0,0
JD_11312565,2021-02-28,1,1,0,0,0,0,0
JD_11312562,2021-02-28,0,0,0,0,0,0,0
JD_11312561,2021-02-28,10,6,5,1,0,0,0
JD_11312560,2021-02-28,0,0,0,0,0,0,0
JD_11312559,2021-02-28,108,65,108,0,0,1,2
JD_11312558,2021-02-28,0,0,0,0,0,0,0
