JD_11292278,2021-02-28,31,19,17,0,0,0,0
JD_11292276,2021-02-28,8,7,2,0,0,0,0
JD_11292275,2021-02-28,19,14,7,0,0,0,0
JD_11292274,2021-02-28,6,3,5,0,0,0,0
JD_11292271,2021-02-28,5,5,4,0,0,0,0
JD_11292270,2021-02-28,6,4,5,0,0,0,0
JD_11292269,2021-02-28,5,3,5,0,0,0,0
JD_11292268,2021-02-28,81,2,78,3,0,0,0
JD_11292267,2021-02-28,19,15,10,0,0,0,0
JD_11292265,2021-02-28,130,101,95,0,0,0,0
JD_11292264,2021-02-28,0,0,0,0,0,0,0
JD_11292263,2021-02-28,0,0,0,0,0,0,0
JD_11292253,2021-02-28,0,0,0,0,0,0,0
JD_11292252,2021-02-28,6,2,5,0,0,0,0
JD_11292251,2021-02-28,2,0,2,0,0,0,0
JD_11292245,2021-02-28,0,0,0,0,0,0,0
JD_11292244,2021-02-28,214,95,212,1,0,0,2
JD_11292243,2021-02-28,19,4,14,1,0,0,0
JD_11292242,2021-02-28,7,0,7,0,0,0,0
JD_11292240,2021-02-28,783,13,770,10,1,0,0
JD_11292239,2021-02-28,38,5,38,0,0,0,0
JD_11292238,2021-02-28,48,24,28,0,0,0,0
JD_11292237,2021-02-28,87,53,54,0,0,0,0
JD_11292236,2021-02-28,63,36,45,0,0,0,0
JD_11292235,2021-02-28,643,54,624,11,5,0,2
JD_11292231,2021-02-28,1070,867,546,1,0,0,0
JD_11292230,2021-02-28,377,302,135,0,0,0,0
JD_11292229,2021-02-28,604,463,250,1,0,0,0
JD_11292228,2021-02-28,405,309,186,1,0,1,0
JD_11292227,2021-02-28,1864,1382,1110,3,0,0,2
JD_11292226,2021-02-28,2594,1950,1463,2,4,5,4
JD_11292220,2021-02-28,2,2,0,0,0,0,0
JD_11292218,2021-02-28,3,0,3,0,0,0,0
JD_11292216,2021-02-28,217,29,207,3,1,0,0
JD_11292215,2021-02-28,441,276,240,2,1,0,0
JD_11292214,2021-02-28,340,164,312,0,0,0,1
JD_11292213,2021-02-28,311,177,134,0,0,0,0
JD_11292212,2021-02-28,129,6,129,0,0,0,0
JD_11292210,2021-02-28,16,5,12,0,0,0,0
JD_11292209,2021-02-28,6,2,5,0,0,0,0
JD_11292207,2021-02-28,10,4,7,0,0,0,0
JD_11292199,2021-02-28,10,1,9,1,0,0,0
JD_11292198,2021-02-28,25,1,22,2,0,0,0
JD_11292196,2021-02-28,10,0,9,1,0,0,0
JD_11292195,2021-02-28,3,1,1,1,0,0,0
JD_11292194,2021-02-28,4,2,3,1,0,0,0
JD_11292193,2021-02-28,4,0,3,1,0,0,0
JD_11292192,2021-02-28,11,0,10,1,0,0,0
JD_11292190,2021-02-28,1,1,0,0,0,0,0
JD_11292189,2021-02-28,1,0,1,0,0,0,0
JD_11292188,2021-02-28,1,1,1,0,0,0,0
JD_11292187,2021-02-28,1,1,0,0,0,0,0
JD_11292186,2021-02-28,3,3,1,0,0,0,0
JD_11292183,2021-02-28,7,5,5,0,0,0,0
JD_11292182,2021-02-28,2,2,1,0,0,0,0
JD_11292181,2021-02-28,6,1,6,0,0,0,0
JD_11292180,2021-02-28,15,7,14,0,0,0,0
JD_11292179,2021-02-28,19,8,17,0,0,0,0
JD_11292178,2021-02-28,5,2,3,0,0,0,0
JD_11292177,2021-02-28,9,5,7,0,0,0,0
JD_11292176,2021-02-28,17,7,17,0,0,0,0
JD_11292175,2021-02-28,6,3,4,0,0,0,0
JD_11292173,2021-02-28,2,1,1,0,0,0,0
JD_11292172,2021-02-28,25,18,14,1,0,0,0
JD_11292171,2021-02-28,0,0,0,0,0,0,0
JD_11292170,2021-02-28,8,8,4,0,0,0,0
JD_11292169,2021-02-28,41,30,19,1,0,0,0
JD_11292168,2021-02-28,0,0,0,0,0,0,0
JD_11292167,2021-02-28,3,1,2,0,0,0,0
JD_11292166,2021-02-28,0,0,0,0,0,0,0
