JD_12529850,2021-02-28,2,1,1,0,0,0,0
JD_12529849,2021-02-28,14,10,4,0,0,0,0
JD_12529848,2021-02-28,9,7,1,1,0,0,0
JD_12529847,2021-02-28,73,63,9,1,0,0,1
JD_12529846,2021-02-28,173,141,44,0,0,0,0
JD_12529845,2021-02-28,4,3,1,0,0,0,0
JD_12529844,2021-02-28,9,7,1,1,0,0,0
JD_12529843,2021-02-28,13,11,2,0,0,0,0
JD_12529842,2021-02-28,637,528,113,1,0,0,1
JD_12529841,2021-02-28,33,27,6,0,0,0,0
JD_12529840,2021-02-28,7,7,0,0,0,0,0
JD_12529839,2021-02-28,113,96,17,0,0,0,0
JD_12529838,2021-02-28,11,10,1,0,0,0,0
JD_12529837,2021-02-28,16,16,0,0,0,0,0
JD_12529836,2021-02-28,5,2,3,0,0,0,0
JD_12529835,2021-02-28,159,138,21,0,0,0,1
JD_12529834,2021-02-28,119,95,22,0,2,0,1
JD_12529833,2021-02-28,44,36,8,0,0,0,0
JD_12529832,2021-02-28,33,26,7,0,0,0,0
JD_12529831,2021-02-28,35,29,6,0,0,0,0
JD_12529830,2021-02-28,146,122,35,0,0,0,0
JD_12529829,2021-02-28,2949,2584,364,0,1,5,2
JD_12529828,2021-02-28,148,119,31,0,1,0,1
JD_12529827,2021-02-28,855,731,124,0,0,2,1
JD_12529826,2021-02-28,129,105,24,0,0,0,0
JD_12529825,2021-02-28,39,36,3,0,0,0,0
JD_12529824,2021-02-28,92,82,11,0,0,0,0
JD_12529823,2021-02-28,25,22,3,0,0,0,0
JD_12529822,2021-02-28,108,79,34,0,0,0,0
JD_12529821,2021-02-28,868,760,108,0,0,0,0
JD_12529820,2021-02-28,210,163,47,3,0,0,1
JD_12529819,2021-02-28,2180,1876,301,3,0,4,1
JD_12529818,2021-02-28,79,65,14,0,0,0,0
JD_12529817,2021-02-28,1789,1569,219,1,0,3,0
JD_12529816,2021-02-28,15,9,6,0,0,0,0
JD_12529815,2021-02-28,465,375,90,0,0,0,3
JD_12529814,2021-02-28,224,193,31,0,1,0,0
JD_12529813,2021-02-28,221,183,38,0,0,0,0
JD_12529812,2021-02-28,219,194,26,0,0,0,0
JD_12529811,2021-02-28,14,13,1,0,0,0,0
JD_12529810,2021-02-28,91,79,12,0,0,0,0
JD_12529809,2021-02-28,13092,11033,2049,6,4,4,17
JD_12529808,2021-02-28,260,221,40,0,0,0,1
JD_12529807,2021-02-28,1264,997,261,2,4,53,13
JD_12529806,2021-02-28,18,16,2,0,0,0,1
JD_12529805,2021-02-28,6,5,1,0,0,0,0
JD_12529804,2021-02-28,4643,3939,706,3,1,4,3
JD_12529733,2021-02-28,92,84,8,0,0,0,0
JD_12529732,2021-02-28,317,251,68,0,0,0,0
JD_12529731,2021-02-28,31,29,2,0,0,0,0
JD_12529730,2021-02-28,91,66,26,0,1,0,0
JD_12529729,2021-02-28,10,9,1,0,0,0,0
JD_12529728,2021-02-28,148,102,48,1,1,0,0
JD_12529727,2021-02-28,47,34,12,1,0,0,1
JD_12529726,2021-02-28,170,135,47,0,0,0,0
JD_12529725,2021-02-28,16,12,4,0,0,0,0
JD_12529724,2021-02-28,14,11,3,0,0,0,0
JD_12529723,2021-02-28,2487,1953,531,2,1,5,8
JD_12529722,2021-02-28,143,112,34,0,0,0,1
JD_12529721,2021-02-28,667,587,79,1,0,1,1
JD_12529720,2021-02-28,72,60,12,0,0,0,0
JD_12529719,2021-02-28,23,19,4,0,0,0,0
JD_12529718,2021-02-28,49,42,8,0,0,0,0
JD_12529717,2021-02-28,534,454,79,1,0,0,0
JD_12529716,2021-02-28,96,77,18,1,0,0,0
JD_12529715,2021-02-28,2202,2030,169,3,0,1,2
JD_12529714,2021-02-28,165,131,37,0,1,0,0
JD_12529713,2021-02-28,872,726,146,0,0,0,0
JD_12529712,2021-02-28,142,115,29,0,0,0,0
JD_12529711,2021-02-28,625,533,91,1,0,1,1
