JD_11447625,2021-02-28,24,14,24,0,0,0,0
JD_11447624,2021-02-28,19,6,13,2,0,0,0
JD_11447623,2021-02-28,47,20,34,3,0,0,0
JD_11447622,2021-02-28,19,11,14,1,0,0,0
JD_11447621,2021-02-28,53,27,32,0,0,0,0
JD_11447620,2021-02-28,72,43,46,2,0,0,1
JD_11447619,2021-02-28,65,48,22,0,0,0,0
JD_11447618,2021-02-28,55,20,48,2,0,0,1
JD_11447617,2021-02-28,57,25,52,0,1,0,1
JD_11447616,2021-02-28,34,22,18,0,1,0,0
JD_11447615,2021-02-28,104,74,55,0,1,1,1
JD_11447614,2021-02-28,91,71,31,1,0,0,0
JD_11447612,2021-02-28,48,28,24,2,0,0,0
JD_11447611,2021-02-28,19,14,19,0,0,0,0
JD_11447610,2021-02-28,31,15,22,0,0,0,0
JD_11447609,2021-02-28,26,15,16,0,1,0,0
JD_11447608,2021-02-28,5,4,5,0,0,0,0
JD_11447607,2021-02-28,2,1,2,0,0,0,0
JD_11447606,2021-02-28,7,2,6,0,1,0,0
JD_11447605,2021-02-28,2,1,2,0,0,0,0
JD_11447604,2021-02-28,5,2,3,0,0,0,0
JD_11447603,2021-02-28,3,0,2,0,1,0,0
JD_11447602,2021-02-28,4,0,3,1,0,0,0
JD_11447601,2021-02-28,30,25,21,0,0,0,0
JD_11447600,2021-02-28,42,34,29,0,0,0,0
JD_11447599,2021-02-28,6,1,6,0,0,0,0
JD_11447598,2021-02-28,10,8,7,0,0,0,0
JD_11447597,2021-02-28,4,1,4,0,0,0,0
JD_11447596,2021-02-28,1,0,1,0,0,0,0
JD_11447593,2021-02-28,18,11,18,0,0,0,0
JD_11447591,2021-02-28,3,3,3,0,0,0,0
JD_11447588,2021-02-28,0,0,0,0,0,0,0
JD_11447587,2021-02-28,0,0,0,0,0,0,0
JD_11447586,2021-02-28,0,0,0,0,0,0,0
JD_11447585,2021-02-28,1,1,1,0,0,0,0
JD_11447584,2021-02-28,2,1,1,0,0,0,0
JD_11447580,2021-02-28,0,0,0,0,0,0,0
JD_11447571,2021-02-28,0,0,0,0,0,0,0
JD_11447569,2021-02-28,2,1,2,0,0,0,0
JD_11447568,2021-02-28,0,0,0,0,0,0,0
JD_11447567,2021-02-28,2,0,2,0,0,0,0
JD_11447566,2021-02-28,0,0,0,0,0,0,0
JD_11447560,2021-02-28,13,6,11,0,0,0,0
JD_11447559,2021-02-28,17,9,9,0,0,0,0
JD_11447558,2021-02-28,19,13,10,0,0,0,0
JD_11447557,2021-02-28,0,0,0,0,0,0,0
JD_11447556,2021-02-28,7,6,3,0,0,0,0
JD_11447554,2021-02-28,13,9,7,0,0,0,0
JD_11447553,2021-02-28,37,27,32,0,0,0,0
JD_11447552,2021-02-28,6,3,4,0,0,0,0
JD_11447550,2021-02-28,2,1,1,0,0,0,0
JD_11447549,2021-02-28,0,0,0,0,0,0,0
JD_11447548,2021-02-28,0,0,0,0,0,0,0
JD_11447547,2021-02-28,2,2,2,0,0,0,0
JD_11447545,2021-02-28,0,0,0,0,0,0,0
JD_11447542,2021-02-28,0,0,0,0,0,0,0
JD_11447541,2021-02-28,4,0,3,0,1,0,0
JD_11447539,2021-02-28,0,0,0,0,0,0,0
JD_11447538,2021-02-28,0,0,0,0,0,0,0
JD_11447537,2021-02-28,0,0,0,0,0,0,0
JD_11447536,2021-02-28,0,0,0,0,0,0,0
JD_11447535,2021-02-28,1,1,1,0,0,0,0
JD_11447533,2021-02-28,11,0,11,0,0,0,0
JD_11447532,2021-02-28,12,7,6,0,0,0,0
JD_11447531,2021-02-28,1,1,1,0,0,0,0
JD_11447529,2021-02-28,0,0,0,0,0,0,0
JD_11447527,2021-02-28,3,2,1,0,0,0,0
JD_11447526,2021-02-28,1,0,1,0,0,0,0
JD_11447525,2021-02-28,14,0,14,0,0,0,0
JD_11447524,2021-02-28,26,17,21,0,0,1,0
