JD_11472681,2021-02-28,1,0,1,0,0,0,0
JD_11472679,2021-02-28,3,3,2,0,0,0,0
JD_11472678,2021-02-28,0,0,0,0,0,0,0
JD_11472677,2021-02-28,3,2,3,0,0,0,0
JD_11472674,2021-02-28,1701,73,1642,48,11,0,2
JD_11472672,2021-02-28,10,0,10,0,0,0,0
JD_11472666,2021-02-28,9,0,8,1,0,0,0
JD_11472665,2021-02-28,1,0,1,0,0,0,0
JD_11472660,2021-02-28,0,0,0,0,0,0,0
JD_11472651,2021-02-28,0,0,0,0,0,0,0
JD_11472649,2021-02-28,101,0,100,1,0,0,0
JD_11472641,2021-02-28,469,0,457,9,3,0,0
JD_11472638,2021-02-28,334,0,327,4,3,0,0
JD_11472636,2021-02-28,0,0,0,0,0,0,0
JD_11472633,2021-02-28,398,0,388,6,4,0,0
JD_11472629,2021-02-28,0,0,0,0,0,0,0
JD_11472626,2021-02-28,15,12,7,0,0,0,0
JD_11472625,2021-02-28,2,2,1,0,0,0,0
JD_11472623,2021-02-28,130,71,92,0,1,2,0
JD_11472621,2021-02-28,12,8,11,0,0,0,0
JD_11472620,2021-02-28,34,27,18,0,0,0,0
JD_11472619,2021-02-28,6900,4756,6869,20,11,4,17
JD_11472618,2021-02-28,753,79,735,12,6,0,0
JD_11472617,2021-02-28,62,38,56,0,0,0,0
JD_11472615,2021-02-28,4,2,3,0,0,0,0
JD_11472614,2021-02-28,17,12,11,0,0,0,0
JD_11472613,2021-02-28,12,10,11,0,0,0,0
JD_11472612,2021-02-28,175,113,118,1,1,0,0
JD_11472611,2021-02-28,25,11,14,0,0,0,0
JD_11472610,2021-02-28,11,6,9,0,0,0,0
JD_11472609,2021-02-28,168,59,164,3,1,0,1
JD_11472608,2021-02-28,7,5,2,0,1,0,0
JD_11472607,2021-02-28,0,0,0,0,0,0,0
JD_11472606,2021-02-28,0,0,0,0,0,0,0
JD_11472605,2021-02-28,2,1,2,0,0,0,0
JD_11472604,2021-02-28,1,1,0,0,0,0,0
JD_11472601,2021-02-28,124,28,104,8,2,0,0
JD_11472600,2021-02-28,21,0,18,2,1,0,0
JD_11472599,2021-02-28,0,0,0,0,0,0,0
JD_11472598,2021-02-28,3,3,1,0,0,0,0
JD_11472596,2021-02-28,0,0,0,0,0,0,0
JD_11472595,2021-02-28,2,1,1,0,0,0,0
JD_11472594,2021-02-28,9,6,3,0,0,0,0
JD_11472593,2021-02-28,4,2,3,0,0,0,0
JD_11472592,2021-02-28,23,19,17,0,0,0,0
JD_11472589,2021-02-28,31,0,31,0,0,0,0
JD_11472586,2021-02-28,9,1,8,0,0,0,0
JD_11472585,2021-02-28,19,2,17,1,0,0,0
JD_11472584,2021-02-28,19,1,19,0,0,0,0
JD_11472583,2021-02-28,12,2,11,0,0,0,0
JD_11472582,2021-02-28,8,3,4,2,0,0,0
JD_11472580,2021-02-28,0,0,0,0,0,0,0
JD_11472578,2021-02-28,65,6,63,1,1,0,0
JD_11472577,2021-02-28,90,75,40,0,0,0,2
JD_11472576,2021-02-28,30,12,23,0,0,0,0
JD_11472575,2021-02-28,1,1,0,0,0,0,0
JD_11472572,2021-02-28,6,6,2,0,0,0,0
JD_11472571,2021-02-28,11,4,11,0,0,0,0
JD_11472570,2021-02-28,104,1,101,2,1,0,0
JD_11472569,2021-02-28,95,5,88,6,1,0,0
JD_11472565,2021-02-28,446,43,420,12,2,0,1
JD_11472561,2021-02-28,42,27,21,0,0,0,0
JD_11472560,2021-02-28,51,5,50,1,0,0,0
JD_11472557,2021-02-28,0,0,0,0,0,0,0
JD_11472556,2021-02-28,41,20,37,0,0,0,1
JD_11472555,2021-02-28,0,0,0,0,0,0,0
JD_11472552,2021-02-28,0,0,0,0,0,0,0
JD_11472551,2021-02-28,38,26,24,1,0,1,0
JD_11472548,2021-02-28,693,488,501,3,2,1,3
JD_11472547,2021-02-28,14,11,3,0,0,0,0
