JD_12733364,2021-02-28,6,5,1,0,0,0,0
JD_12733363,2021-02-28,86,82,4,0,0,0,0
JD_12733362,2021-02-28,90,80,10,0,0,0,0
JD_12733361,2021-02-28,1,1,0,0,0,0,0
JD_12733360,2021-02-28,2254,1981,270,2,1,1,2
JD_12733359,2021-02-28,2,0,2,0,0,0,0
JD_12733358,2021-02-28,388,327,61,0,0,0,2
JD_12733357,2021-02-28,6,5,1,0,0,0,0
JD_12733356,2021-02-28,98,84,12,1,1,0,0
JD_12733355,2021-02-28,56,46,10,0,0,0,0
JD_12733354,2021-02-28,8,8,0,0,0,0,0
JD_12733353,2021-02-28,7,4,3,0,0,0,1
JD_12733352,2021-02-28,19,17,2,0,0,0,0
JD_12733350,2021-02-28,12,11,1,0,0,0,0
JD_12733349,2021-02-28,57,53,4,0,0,0,0
JD_12733348,2021-02-28,12,10,2,0,0,0,0
JD_12733347,2021-02-28,4,4,0,0,0,0,0
JD_12733346,2021-02-28,837,669,168,0,0,7,3
JD_12733345,2021-02-28,1,1,0,0,0,0,0
JD_12733343,2021-02-28,0,0,0,0,0,0,0
JD_12733342,2021-02-28,108,94,14,0,0,0,0
JD_12733341,2021-02-28,3,1,2,0,0,0,0
JD_12733334,2021-02-28,301,222,78,1,0,1,0
JD_12733329,2021-02-28,21,20,1,0,0,0,0
JD_12733328,2021-02-28,1317,1123,191,3,0,2,1
JD_12733327,2021-02-28,81,72,9,0,0,0,0
JD_12733326,2021-02-28,133,119,14,0,0,0,0
JD_12733325,2021-02-28,1,1,0,0,0,0,0
JD_12733324,2021-02-28,0,0,0,0,0,0,0
JD_12733323,2021-02-28,29,24,5,0,0,0,0
JD_12733320,2021-02-28,6,6,0,0,0,0,0
JD_12733313,2021-02-28,0,0,0,0,0,0,0
JD_12733095,2021-02-28,3,2,1,0,0,0,0
JD_12733094,2021-02-28,92,68,21,3,0,0,1
JD_12733093,2021-02-28,17,16,1,0,0,0,0
JD_12733092,2021-02-28,417,359,57,1,0,0,0
JD_12733091,2021-02-28,205,174,30,1,0,0,0
JD_12733090,2021-02-28,1855,1539,304,5,7,2,9
JD_12733089,2021-02-28,0,0,0,0,0,0,0
JD_12733087,2021-02-28,0,0,0,0,0,0,0
JD_12733086,2021-02-28,67,49,18,0,0,0,0
JD_12733085,2021-02-28,3,2,1,0,0,0,0
JD_12733084,2021-02-28,6098,5011,1073,6,8,13,16
JD_12733083,2021-02-28,102,97,5,0,0,0,0
JD_12733082,2021-02-28,2727,2341,382,4,0,4,2
JD_12733081,2021-02-28,7,5,2,0,0,0,1
JD_12733080,2021-02-28,1265,1102,158,4,1,2,1
JD_12733079,2021-02-28,16,15,1,0,0,0,0
JD_12733078,2021-02-28,253,217,36,0,0,0,0
JD_12733077,2021-02-28,4,4,0,0,0,0,0
JD_12733076,2021-02-28,363,294,68,0,1,1,0
JD_12733068,2021-02-28,466,386,79,1,0,0,0
JD_12733067,2021-02-28,0,0,0,0,0,0,0
JD_12733066,2021-02-28,19,16,3,0,0,0,0
JD_12733065,2021-02-28,23,21,2,0,0,0,0
JD_12733062,2021-02-28,77,68,9,0,0,0,0
JD_12733061,2021-02-28,2,1,1,0,0,0,0
JD_12733060,2021-02-28,56,47,7,1,1,0,0
JD_12733059,2021-02-28,1,1,0,0,0,0,0
JD_12733058,2021-02-28,28,26,2,0,0,0,0
JD_12733057,2021-02-28,4,3,1,0,0,0,0
JD_12733056,2021-02-28,99,88,11,0,0,0,0
JD_12733055,2021-02-28,19,16,3,0,0,0,0
JD_12733054,2021-02-28,8,7,1,0,0,0,0
JD_12733053,2021-02-28,1,1,0,0,0,0,0
JD_12733052,2021-02-28,26,23,3,0,0,0,0
JD_12733051,2021-02-28,0,0,0,0,0,0,0
JD_12733050,2021-02-28,1525,1282,236,4,3,0,3
JD_12733049,2021-02-28,2,1,1,0,0,0,0
JD_12733048,2021-02-28,24,19,5,0,0,0,0
