JD_11359552,2021-02-28,0,0,0,0,0,0,0
JD_11359551,2021-02-28,0,0,0,0,0,0,0
JD_11359550,2021-02-28,0,0,0,0,0,0,0
JD_11359549,2021-02-28,0,0,0,0,0,0,0
JD_11359548,2021-02-28,0,0,0,0,0,0,0
JD_11359547,2021-02-28,0,0,0,0,0,0,0
JD_11359546,2021-02-28,0,0,0,0,0,0,0
JD_11359544,2021-02-28,0,0,0,0,0,0,0
JD_11359542,2021-02-28,0,0,0,0,0,0,0
JD_11359541,2021-02-28,0,0,0,0,0,0,0
JD_11359540,2021-02-28,0,0,0,0,0,0,0
JD_11359539,2021-02-28,0,0,0,0,0,0,0
JD_11359538,2021-02-28,0,0,0,0,0,0,0
JD_11359537,2021-02-28,108,0,105,2,1,0,0
JD_11359535,2021-02-28,24,14,21,0,0,0,0
JD_11359534,2021-02-28,19,9,10,0,0,0,0
JD_11359529,2021-02-28,40,18,35,0,0,0,0
JD_11359528,2021-02-28,14,8,12,0,0,0,0
JD_11359526,2021-02-28,245,69,219,5,1,0,0
JD_11359517,2021-02-28,0,0,0,0,0,0,0
JD_11359514,2021-02-28,30,0,28,1,1,0,0
JD_11359513,2021-02-28,3,0,3,0,0,0,0
JD_11359497,2021-02-28,0,0,0,0,0,0,0
JD_11359496,2021-02-28,0,0,0,0,0,0,0
JD_11359495,2021-02-28,0,0,0,0,0,0,0
JD_11359490,2021-02-28,218,0,201,12,5,0,0
JD_11359489,2021-02-28,125,0,120,3,2,0,0
JD_11359480,2021-02-28,103,21,99,3,1,0,0
JD_11359479,2021-02-28,26,13,15,1,1,0,0
JD_11359478,2021-02-28,2,2,1,0,0,0,0
JD_11359477,2021-02-28,36,16,20,0,0,1,0
JD_11359476,2021-02-28,3,1,3,0,0,0,0
JD_11359475,2021-02-28,1,1,1,0,0,0,0
JD_11359473,2021-02-28,185,79,155,1,0,0,0
JD_11359472,2021-02-28,1,0,1,0,0,0,0
JD_11359471,2021-02-28,2,1,1,0,0,0,0
JD_11359470,2021-02-28,0,0,0,0,0,0,0
JD_11359469,2021-02-28,0,0,0,0,0,0,0
JD_11359468,2021-02-28,1,0,0,0,1,0,0
JD_11359467,2021-02-28,8,5,6,0,0,0,0
JD_11359465,2021-02-28,2,1,2,0,0,0,0
JD_11359464,2021-02-28,267,108,261,5,1,0,2
JD_11359463,2021-02-28,2,1,2,0,0,0,0
JD_11359462,2021-02-28,3,2,1,1,0,0,0
JD_11359460,2021-02-28,5,5,5,0,0,0,0
JD_11359459,2021-02-28,0,0,0,0,0,0,0
JD_11359458,2021-02-28,0,0,0,0,0,0,0
JD_11359457,2021-02-28,3,3,2,0,0,0,0
JD_11359456,2021-02-28,3,1,2,0,0,0,0
JD_11359454,2021-02-28,73,41,69,0,2,0,1
JD_11359451,2021-02-28,4,2,4,0,0,0,0
JD_11359450,2021-02-28,11,2,9,1,0,0,0
JD_11359449,2021-02-28,15,5,10,2,1,0,0
JD_11359448,2021-02-28,4,3,1,0,0,0,0
JD_11359445,2021-02-28,524,324,318,2,4,1,2
JD_11359444,2021-02-28,98,4,94,3,1,0,1
JD_11359443,2021-02-28,146,71,107,2,1,0,1
JD_11359442,2021-02-28,395,234,378,2,2,0,0
JD_11359441,2021-02-28,33,11,27,1,0,0,0
JD_11359440,2021-02-28,61,20,54,2,0,0,1
JD_11359439,2021-02-28,13,4,9,1,1,0,0
JD_11359438,2021-02-28,166,0,150,15,1,0,0
JD_11359437,2021-02-28,87,21,84,3,0,0,1
JD_11359435,2021-02-28,15,7,13,0,0,0,0
JD_11359434,2021-02-28,17,6,14,0,0,0,0
JD_11359433,2021-02-28,5,2,4,0,0,0,0
JD_11359432,2021-02-28,13,8,11,0,0,0,0
JD_11359431,2021-02-28,10,4,8,0,0,0,0
JD_11359430,2021-02-28,36,9,33,0,0,0,0
JD_11359429,2021-02-28,71,4,64,4,0,0,0
