JD_11545441,2021-02-28,1,1,1,0,0,0,0
JD_11545440,2021-02-28,1,1,1,0,0,0,0
JD_11545439,2021-02-28,4,0,4,0,0,0,0
JD_11545438,2021-02-28,2,2,1,0,0,0,0
JD_11545437,2021-02-28,1,1,0,0,0,0,0
JD_11545436,2021-02-28,0,0,0,0,0,0,0
JD_11545435,2021-02-28,0,0,0,0,0,0,0
JD_11545433,2021-02-28,0,0,0,0,0,0,0
JD_11545432,2021-02-28,3,3,2,0,0,0,0
JD_11545431,2021-02-28,9,7,5,1,0,0,0
JD_11545430,2021-02-28,2,1,1,0,0,0,0
JD_11545429,2021-02-28,1,1,1,0,0,0,0
JD_11545428,2021-02-28,0,0,0,0,0,0,0
JD_11545427,2021-02-28,2,0,2,0,0,0,0
JD_11545426,2021-02-28,2,1,1,0,0,0,0
JD_11545425,2021-02-28,2,2,0,0,0,0,0
JD_11545424,2021-02-28,2,1,1,0,0,0,0
JD_11545423,2021-02-28,0,0,0,0,0,0,0
JD_11545422,2021-02-28,479,368,215,0,0,0,3
JD_11545421,2021-02-28,0,0,0,0,0,0,0
JD_11545420,2021-02-28,0,0,0,0,0,0,0
JD_11545419,2021-02-28,2,0,2,0,0,0,0
JD_11545418,2021-02-28,1,1,0,0,0,0,0
JD_11545417,2021-02-28,0,0,0,0,0,0,0
JD_11545416,2021-02-28,0,0,0,0,0,0,0
JD_11545415,2021-02-28,29,15,19,0,1,0,0
JD_11545412,2021-02-28,0,0,0,0,0,0,0
JD_11545411,2021-02-28,24,12,16,0,1,0,0
JD_11545410,2021-02-28,157,0,147,5,5,0,0
JD_11545409,2021-02-28,141,3,137,2,1,0,0
JD_11545408,2021-02-28,150,5,146,1,2,0,0
JD_11545407,2021-02-28,0,0,0,0,0,0,0
JD_11545406,2021-02-28,5,2,4,0,0,0,0
JD_11545405,2021-02-28,10,5,10,0,0,0,0
JD_11545404,2021-02-28,116,0,113,2,1,0,0
JD_11545403,2021-02-28,50,0,49,1,0,0,0
JD_11545402,2021-02-28,18,9,11,1,1,0,0
JD_11545401,2021-02-28,0,0,0,0,0,0,0
JD_11545399,2021-02-28,1,0,1,0,0,0,0
JD_11545398,2021-02-28,0,0,0,0,0,0,0
JD_11545397,2021-02-28,6,5,6,0,0,0,0
JD_11545396,2021-02-28,2,0,2,0,0,0,0
JD_11545395,2021-02-28,0,0,0,0,0,0,0
JD_11545394,2021-02-28,123,91,64,0,0,1,1
JD_11545393,2021-02-28,0,0,0,0,0,0,0
JD_11545392,2021-02-28,0,0,0,0,0,0,0
JD_11545391,2021-02-28,11,8,8,0,0,0,0
JD_11545390,2021-02-28,4,2,3,0,0,0,0
JD_11545389,2021-02-28,1,0,1,0,0,0,0
JD_11545388,2021-02-28,1,1,1,0,0,0,0
JD_11545387,2021-02-28,1,1,0,0,0,0,0
JD_11545385,2021-02-28,32,16,31,0,0,0,0
JD_11545384,2021-02-28,0,0,0,0,0,0,0
JD_11545383,2021-02-28,3,2,2,0,0,0,0
JD_11545382,2021-02-28,0,0,0,0,0,0,0
JD_11545381,2021-02-28,258,174,210,3,0,2,1
JD_11545380,2021-02-28,682,520,415,4,1,0,2
JD_11545379,2021-02-28,52,32,33,0,0,0,0
JD_11545378,2021-02-28,360,234,356,3,0,1,0
JD_11545377,2021-02-28,15,6,14,1,0,0,0
JD_11545376,2021-02-28,1242,494,1111,21,11,0,3
JD_11545375,2021-02-28,94,64,64,1,1,0,0
JD_11545374,2021-02-28,20,15,14,0,0,0,0
JD_11545373,2021-02-28,264,15,253,7,0,0,0
JD_11545372,2021-02-28,162,115,98,0,0,0,0
JD_11545371,2021-02-28,250,95,224,7,6,0,2
JD_11545370,2021-02-28,15,3,14,0,0,0,0
JD_11545369,2021-02-28,179,5,175,2,1,0,0
JD_11545368,2021-02-28,11,1,9,1,1,0,0
JD_11545367,2021-02-28,28,6,22,2,0,0,0
