JD_11562867,2021-02-28,0,0,0,0,0,0,0
JD_11562866,2021-02-28,0,0,0,0,0,0,0
JD_11562865,2021-02-28,26,0,26,0,0,0,0
JD_11562864,2021-02-28,9,9,2,0,0,0,0
JD_11562862,2021-02-28,0,0,0,0,0,0,0
JD_11562861,2021-02-28,50,0,44,5,1,0,0
JD_11562860,2021-02-28,11,1,11,0,0,0,0
JD_11562859,2021-02-28,16,1,15,0,0,0,0
JD_11562858,2021-02-28,33,13,31,0,0,0,0
JD_11562857,2021-02-28,131,45,130,1,0,0,0
JD_11562856,2021-02-28,123,35,119,4,0,0,0
JD_11562855,2021-02-28,1,0,1,0,0,0,0
JD_11562854,2021-02-28,1338,545,1247,8,1,0,2
JD_11562853,2021-02-28,118,39,114,2,0,0,0
JD_11562852,2021-02-28,111,33,109,0,0,0,0
JD_11562851,2021-02-28,2,0,2,0,0,0,0
JD_11562850,2021-02-28,0,0,0,0,0,0,0
JD_11562849,2021-02-28,0,0,0,0,0,0,0
JD_11562848,2021-02-28,20,10,11,2,0,0,0
JD_11562847,2021-02-28,1,0,0,1,0,0,0
JD_11562845,2021-02-28,0,0,0,0,0,0,0
JD_11562844,2021-02-28,2,2,2,0,0,0,0
JD_11562843,2021-02-28,6,3,4,0,0,0,0
JD_11562841,2021-02-28,2,0,3,0,0,0,0
JD_11562840,2021-02-28,48,32,28,1,0,0,0
JD_11562838,2021-02-28,1,0,1,0,0,0,0
JD_11562837,2021-02-28,1,1,0,0,0,0,0
JD_11562833,2021-02-28,5,2,3,0,0,0,0
JD_11562832,2021-02-28,0,0,0,0,0,0,0
JD_11562831,2021-02-28,3,3,0,0,0,0,0
JD_11562830,2021-02-28,0,0,0,0,0,0,0
JD_11562827,2021-02-28,0,0,0,0,0,0,0
JD_11562823,2021-02-28,0,0,0,0,0,0,0
JD_11562822,2021-02-28,0,0,0,0,0,0,0
JD_11562815,2021-02-28,0,0,0,0,0,0,0
JD_11562813,2021-02-28,9,6,5,0,0,0,0
JD_11562812,2021-02-28,12,7,7,0,0,0,0
JD_11562811,2021-02-28,4,3,2,0,0,0,0
JD_11562810,2021-02-28,14,5,12,0,0,0,0
JD_11562809,2021-02-28,38,25,15,0,0,0,1
JD_11562506,2021-02-28,8,6,5,0,0,0,0
JD_11562505,2021-02-28,1,0,1,0,0,0,0
JD_11562504,2021-02-28,33,24,16,0,0,0,0
JD_11562502,2021-02-28,5,5,2,0,0,0,0
JD_11562501,2021-02-28,260,173,171,3,1,0,2
JD_11562499,2021-02-28,5,3,3,0,0,0,0
JD_11562498,2021-02-28,123,78,72,1,0,0,0
JD_11562497,2021-02-28,442,299,329,1,1,0,2
JD_11562496,2021-02-28,15,13,4,0,0,0,0
JD_11562495,2021-02-28,32,20,22,0,0,0,0
JD_11562494,2021-02-28,100,63,64,2,3,0,0
JD_11562493,2021-02-28,15,4,10,1,0,0,0
JD_11562492,2021-02-28,41,9,39,0,1,0,0
JD_11562489,2021-02-28,65,29,63,0,1,0,0
JD_11562488,2021-02-28,69,26,66,2,0,0,0
JD_11562486,2021-02-28,79,25,77,1,1,0,0
JD_11562485,2021-02-28,69,30,64,0,1,0,0
JD_11562484,2021-02-28,87,25,85,1,0,0,0
JD_11562483,2021-02-28,4032,2522,3997,22,12,1,15
JD_11562482,2021-02-28,904,448,892,5,3,0,1
JD_11562481,2021-02-28,1493,823,1484,4,4,1,2
JD_11562479,2021-02-28,1851,944,1834,12,5,2,3
JD_11562478,2021-02-28,8848,2744,8715,101,32,4,33
JD_11562477,2021-02-28,4,4,3,0,0,0,0
JD_11562473,2021-02-28,14,12,7,1,0,0,0
JD_11562472,2021-02-28,39,14,35,1,1,0,0
JD_11562469,2021-02-28,48,35,21,0,0,0,0
JD_11562468,2021-02-28,17,14,11,0,0,0,0
JD_11562467,2021-02-28,68,38,43,2,0,0,0
JD_11562465,2021-02-28,9,6,3,0,0,0,0
