JD_11430908,2021-02-28,24,3,23,1,0,0,1
JD_11430907,2021-02-28,119,39,91,5,0,0,2
JD_11430906,2021-02-28,0,0,0,0,0,0,0
JD_11430905,2021-02-28,311,202,180,0,1,0,0
JD_11430904,2021-02-28,14,10,8,0,0,0,0
JD_11430902,2021-02-28,313,205,201,4,2,0,1
JD_11430901,2021-02-28,0,0,0,0,0,0,0
JD_11430899,2021-02-28,52,1,51,1,0,0,0
JD_11430896,2021-02-28,9,6,9,0,0,0,0
JD_11430885,2021-02-28,0,0,0,0,0,0,0
JD_11430884,2021-02-28,14,4,14,0,0,0,0
JD_11430883,2021-02-28,13,6,13,0,0,0,0
JD_11430881,2021-02-28,0,0,0,0,0,0,0
JD_11430880,2021-02-28,0,0,0,0,0,0,0
JD_11430879,2021-02-28,10,7,7,0,0,0,0
JD_11430876,2021-02-28,17,8,13,0,1,0,0
JD_11430875,2021-02-28,11,10,3,0,0,0,0
JD_11430872,2021-02-28,0,0,0,0,0,0,0
JD_11430870,2021-02-28,9,8,4,0,0,0,0
JD_11430869,2021-02-28,35,4,34,1,0,0,0
JD_11430867,2021-02-28,0,0,0,0,0,0,0
JD_11430865,2021-02-28,31,23,20,0,0,0,0
JD_11430858,2021-02-28,0,0,0,0,0,0,0
JD_11430857,2021-02-28,2,2,1,0,0,0,0
JD_11430856,2021-02-28,4,3,2,0,0,0,0
JD_11430850,2021-02-28,2,0,0,1,1,0,0
JD_11430849,2021-02-28,0,0,0,0,0,0,0
JD_11430848,2021-02-28,1,1,1,0,0,0,0
JD_11430844,2021-02-28,0,0,0,0,0,0,0
JD_11430843,2021-02-28,0,0,0,0,0,0,0
JD_11430841,2021-02-28,0,0,0,0,0,0,0
JD_11430838,2021-02-28,0,0,0,0,0,0,0
JD_11430836,2021-02-28,10,8,7,0,0,0,0
JD_11430835,2021-02-28,1,0,1,0,0,0,0
JD_11430833,2021-02-28,42,19,35,0,0,0,0
JD_11430831,2021-02-28,38,26,20,0,1,0,0
JD_11430830,2021-02-28,0,0,0,0,0,0,0
JD_11430829,2021-02-28,8,6,3,0,0,0,0
JD_11430827,2021-02-28,5,3,5,0,0,0,0
JD_11430826,2021-02-28,1,0,1,0,0,0,0
JD_11430822,2021-02-28,11,4,9,0,0,0,1
JD_11430820,2021-02-28,0,0,0,0,0,0,0
JD_11430819,2021-02-28,0,0,0,0,0,0,0
JD_11430818,2021-02-28,5,2,4,0,0,0,0
JD_11430817,2021-02-28,1,0,1,0,0,0,0
JD_11430816,2021-02-28,2,1,1,0,0,0,0
JD_11430815,2021-02-28,37,21,24,0,1,0,0
JD_11430813,2021-02-28,12,6,8,0,0,0,0
JD_11430812,2021-02-28,8,5,3,0,0,0,0
JD_11430811,2021-02-28,1,0,1,0,0,0,0
JD_11430810,2021-02-28,1,0,1,0,0,0,0
JD_11430806,2021-02-28,20,7,17,0,0,0,1
JD_11430805,2021-02-28,0,0,0,0,0,0,0
JD_11430804,2021-02-28,2,0,2,0,0,0,0
JD_11430802,2021-02-28,16,10,6,0,0,0,0
JD_11430801,2021-02-28,2,2,1,0,0,0,0
JD_11430800,2021-02-28,0,0,0,0,0,0,0
JD_11430790,2021-02-28,6,1,6,0,0,0,0
JD_11430789,2021-02-28,3,3,2,0,0,0,0
JD_11430788,2021-02-28,17,3,17,0,0,0,0
JD_11430787,2021-02-28,295,124,246,3,2,0,1
JD_11430784,2021-02-28,11,8,6,0,0,0,0
JD_11430783,2021-02-28,6,4,4,0,0,0,0
JD_11430782,2021-02-28,16,6,13,0,0,0,0
JD_11430781,2021-02-28,7,2,6,0,0,0,0
JD_11430780,2021-02-28,7,3,7,0,0,0,0
JD_11430778,2021-02-28,76,46,49,0,0,0,0
JD_11430774,2021-02-28,88,38,67,0,2,0,1
JD_11430773,2021-02-28,39,17,37,1,0,0,1
JD_11430772,2021-02-28,94,49,85,2,0,0,0
