JD_11882824,2021-02-28,8,7,2,0,0,0,0
JD_11882823,2021-02-28,0,0,0,0,0,0,0
JD_11882822,2021-02-28,3,3,0,0,0,0,0
JD_11882821,2021-02-28,7999,5227,5168,25,7,4,16
JD_11882820,2021-02-28,4,0,4,0,0,0,1
JD_11882819,2021-02-28,221,119,139,0,0,1,0
JD_11882818,2021-02-28,0,0,0,0,0,0,0
JD_11882817,2021-02-28,459,255,309,2,0,0,2
JD_11882816,2021-02-28,5,1,4,0,0,0,0
JD_11882815,2021-02-28,4513,48,4464,29,20,0,7
JD_11882814,2021-02-28,0,0,0,0,0,0,0
JD_11882813,2021-02-28,3,2,2,0,0,0,0
JD_11882812,2021-02-28,0,0,0,0,0,0,0
JD_11882810,2021-02-28,0,0,0,0,0,0,0
JD_11882808,2021-02-28,22,14,13,0,0,0,0
JD_11882807,2021-02-28,33,14,32,0,0,0,0
JD_11882806,2021-02-28,0,0,0,0,0,0,0
JD_11882805,2021-02-28,5,2,3,0,0,0,0
JD_11882804,2021-02-28,0,0,0,0,0,0,0
JD_11882803,2021-02-28,28,0,28,0,0,0,0
JD_11882802,2021-02-28,869,471,864,3,2,0,3
JD_11882801,2021-02-28,5,2,4,0,0,0,0
JD_11882800,2021-02-28,0,0,0,0,0,0,0
JD_11882799,2021-02-28,43,0,41,2,0,0,0
JD_11882798,2021-02-28,0,0,0,0,0,0,0
JD_11882797,2021-02-28,184,127,68,0,1,0,0
JD_11882796,2021-02-28,1,0,1,0,0,0,0
JD_11882795,2021-02-28,113,81,66,0,2,0,1
JD_11882793,2021-02-28,117,72,100,0,0,0,0
JD_11882791,2021-02-28,20,16,9,0,0,0,0
JD_11882789,2021-02-28,24,7,23,1,0,0,0
JD_11882787,2021-02-28,10,3,9,0,0,0,0
JD_11882786,2021-02-28,24,21,13,0,0,0,0
JD_11882785,2021-02-28,209,119,143,2,3,0,1
JD_11882784,2021-02-28,0,0,0,0,0,0,0
JD_11882783,2021-02-28,29,9,29,0,0,0,0
JD_11882782,2021-02-28,175,138,79,0,0,0,0
JD_11882781,2021-02-28,462,335,203,2,2,0,1
JD_11882780,2021-02-28,2,2,0,0,0,0,0
JD_11882779,2021-02-28,0,0,0,0,0,0,0
JD_11882778,2021-02-28,7,3,6,0,0,0,0
JD_11882777,2021-02-28,0,0,0,0,0,0,0
JD_11882776,2021-02-28,9,6,6,0,0,0,0
JD_11882775,2021-02-28,17,15,11,0,0,0,0
JD_11882774,2021-02-28,5,3,5,0,0,0,0
JD_11882773,2021-02-28,41,20,36,0,0,0,0
JD_11881205,2021-02-28,55,26,47,1,0,0,1
JD_11881203,2021-02-28,1,1,0,0,0,0,0
JD_11881202,2021-02-28,3,2,2,0,0,0,0
JD_11881201,2021-02-28,41,30,24,0,0,0,0
JD_11881199,2021-02-28,0,0,0,0,0,0,0
JD_11881197,2021-02-28,2,1,1,0,0,0,0
JD_11881195,2021-02-28,13,11,4,0,0,0,0
JD_11881193,2021-02-28,319,254,219,0,2,1,0
JD_11881191,2021-02-28,0,0,0,0,0,0,0
JD_11881190,2021-02-28,446,208,437,6,0,1,1
JD_11881189,2021-02-28,5,3,4,0,0,0,0
JD_11881187,2021-02-28,36,28,18,0,0,0,0
JD_11881185,2021-02-28,3,2,3,0,0,0,0
JD_11881183,2021-02-28,1,0,1,0,0,0,0
JD_11881181,2021-02-28,68,0,67,0,1,0,1
JD_11881179,2021-02-28,19,5,19,0,0,0,0
JD_11881178,2021-02-28,0,0,0,0,0,0,0
JD_11881177,2021-02-28,1,0,1,0,0,0,0
JD_11881175,2021-02-28,3,3,0,0,0,0,0
JD_11881173,2021-02-28,1,1,0,0,0,0,0
JD_11881171,2021-02-28,10,8,3,0,0,0,0
JD_11881169,2021-02-28,21,18,3,0,0,0,0
JD_11881166,2021-02-28,2,2,2,0,0,0,0
JD_11881165,2021-02-28,20,19,6,0,0,0,0
