JD_11511569,2021-02-28,171,0,163,5,3,0,0
JD_11511567,2021-02-28,19,8,19,0,0,0,0
JD_11511566,2021-02-28,8,1,7,1,0,0,0
JD_11511565,2021-02-28,25,14,24,0,0,0,0
JD_11511564,2021-02-28,58,15,50,1,0,0,1
JD_11511563,2021-02-28,34,4,30,0,0,0,0
JD_11511562,2021-02-28,13,6,11,0,0,0,0
JD_11511561,2021-02-28,19,11,12,0,0,0,0
JD_11511560,2021-02-28,4,3,3,0,0,0,0
JD_11511559,2021-02-28,8,1,8,0,0,0,0
JD_11511558,2021-02-28,13,3,13,0,0,0,0
JD_11511557,2021-02-28,168,83,163,3,2,0,0
JD_11511556,2021-02-28,13,0,13,0,0,0,0
JD_11511555,2021-02-28,15936,10062,11453,44,21,10,36
JD_11511554,2021-02-28,62,23,61,1,0,0,0
JD_11511553,2021-02-28,174,112,93,2,2,0,0
JD_11511552,2021-02-28,83,4,80,1,2,0,0
JD_11511551,2021-02-28,3,2,2,0,0,0,0
JD_11511550,2021-02-28,653,133,605,14,8,2,0
JD_11511549,2021-02-28,5,1,5,0,0,0,0
JD_11511548,2021-02-28,234,176,128,0,0,0,0
JD_11511547,2021-02-28,8,5,4,0,0,0,0
JD_11511546,2021-02-28,7,2,7,0,0,0,1
JD_11511545,2021-02-28,6,0,6,0,0,0,0
JD_11511543,2021-02-28,12,3,12,0,0,0,0
JD_11511542,2021-02-28,3,0,2,0,1,0,0
JD_11511541,2021-02-28,5,1,4,0,0,0,0
JD_11511540,2021-02-28,268,52,259,5,4,1,2
JD_11511539,2021-02-28,18,8,11,1,1,0,0
JD_11511538,2021-02-28,70,54,55,1,0,0,1
JD_11511537,2021-02-28,4,2,3,0,0,0,0
JD_11511535,2021-02-28,347,181,179,6,1,0,0
JD_11511534,2021-02-28,16,1,14,1,0,0,0
JD_11511533,2021-02-28,1,1,0,0,0,0,0
JD_11511532,2021-02-28,136,25,127,1,2,0,0
JD_11511529,2021-02-28,141,98,102,0,0,0,0
JD_11511528,2021-02-28,104,74,58,0,0,0,0
JD_11511527,2021-02-28,63,35,46,0,0,0,0
JD_11511525,2021-02-28,77,34,74,1,1,0,0
JD_11511524,2021-02-28,7,4,3,0,0,0,0
JD_11511523,2021-02-28,49,34,35,0,0,0,0
JD_11511522,2021-02-28,64,49,48,1,0,0,0
JD_11511521,2021-02-28,39,21,35,1,0,0,0
JD_11511519,2021-02-28,15,8,11,0,0,0,0
JD_11511518,2021-02-28,13,10,8,0,0,0,0
JD_11511515,2021-02-28,56,32,38,0,0,1,0
JD_11511514,2021-02-28,194,132,97,2,0,0,0
JD_11511513,2021-02-28,1,1,0,0,0,0,0
JD_11511511,2021-02-28,28,0,28,0,0,0,0
JD_11511510,2021-02-28,0,0,0,0,0,0,0
JD_11511508,2021-02-28,5,0,4,1,0,0,0
JD_11511506,2021-02-28,11,7,5,1,0,0,0
JD_11511505,2021-02-28,1,1,1,0,0,0,0
JD_11511503,2021-02-28,0,0,0,0,0,0,0
JD_11511502,2021-02-28,0,0,0,0,0,0,0
JD_11511500,2021-02-28,1,0,1,0,0,0,0
JD_11511499,2021-02-28,6,0,6,0,0,0,0
JD_11511498,2021-02-28,3,0,3,0,0,0,0
JD_11511495,2021-02-28,7,3,5,0,0,0,0
JD_11511494,2021-02-28,2,0,2,0,0,0,0
JD_11511492,2021-02-28,19,9,13,0,0,0,0
JD_11511491,2021-02-28,0,0,0,0,0,0,0
JD_11511489,2021-02-28,1,1,0,0,0,0,0
JD_11511487,2021-02-28,0,0,0,0,0,0,0
JD_11511486,2021-02-28,0,0,0,0,0,0,0
JD_11511485,2021-02-28,2,0,2,0,0,0,0
JD_11511484,2021-02-28,0,0,0,0,0,0,0
JD_11511483,2021-02-28,3,3,1,0,0,0,0
JD_11511482,2021-02-28,6,5,6,0,0,0,0
JD_11511479,2021-02-28,0,0,0,0,0,0,0
