JD_12311145,2021-02-28,6533,4815,5965,2,1,35,14
JD_12311144,2021-02-28,1,1,0,0,0,0,0
JD_12311143,2021-02-28,9,6,10,0,0,0,0
JD_12311141,2021-02-28,17,13,9,0,0,0,0
JD_12311139,2021-02-28,55,36,33,0,0,0,0
JD_12311138,2021-02-28,63,42,36,1,0,0,0
JD_12311137,2021-02-28,2,2,0,0,0,0,0
JD_12311136,2021-02-28,14,10,6,0,0,0,0
JD_12311135,2021-02-28,97,82,63,0,0,0,0
JD_12311134,2021-02-28,0,0,0,0,0,0,0
JD_12311133,2021-02-28,0,0,0,0,0,0,0
JD_12311132,2021-02-28,5,5,2,0,0,0,0
JD_12311131,2021-02-28,0,0,0,0,0,0,0
JD_12311130,2021-02-28,1,0,1,0,0,0,0
JD_12311129,2021-02-28,0,0,0,0,0,0,0
JD_12311128,2021-02-28,20,17,8,0,0,0,0
JD_12311127,2021-02-28,0,0,0,0,0,0,0
JD_12311126,2021-02-28,1,0,1,0,0,0,0
JD_12311125,2021-02-28,4,3,4,0,0,0,0
JD_12311124,2021-02-28,4,3,1,0,0,0,1
JD_12311123,2021-02-28,31,27,7,0,0,0,0
JD_12311122,2021-02-28,2,2,2,0,0,0,0
JD_12311121,2021-02-28,0,0,0,0,0,0,0
JD_12311120,2021-02-28,1,1,0,0,0,0,0
JD_12311119,2021-02-28,14,12,11,0,0,0,0
JD_12311118,2021-02-28,7,7,4,0,0,0,0
JD_12311117,2021-02-28,1,1,0,0,0,0,0
JD_12311116,2021-02-28,2246,1940,851,2,0,3,0
JD_12311115,2021-02-28,5931,4367,4005,9,8,8,23
JD_12311114,2021-02-28,77,60,77,0,0,0,0
JD_12311113,2021-02-28,3,3,2,0,0,0,0
JD_12311112,2021-02-28,0,0,0,0,0,0,0
JD_12305031,2021-02-28,1391,1091,764,0,0,3,5
JD_12305030,2021-02-28,10565,9074,5521,15,4,8,12
JD_12305029,2021-02-28,326,235,287,0,0,0,1
JD_12305028,2021-02-28,2,1,2,0,0,0,0
JD_12305027,2021-02-28,417,303,374,0,0,0,1
JD_12305026,2021-02-28,645,551,181,1,0,2,4
JD_12305025,2021-02-28,306,225,248,0,0,0,1
JD_12305024,2021-02-28,137,124,91,1,0,0,0
JD_12305023,2021-02-28,860,713,308,2,0,0,3
JD_12305022,2021-02-28,8,4,6,0,0,0,0
JD_12305021,2021-02-28,449,342,224,0,0,0,1
JD_12305020,2021-02-28,0,0,0,0,0,0,0
JD_12305019,2021-02-28,118,94,117,0,0,1,0
JD_12305018,2021-02-28,0,0,0,0,0,0,0
JD_12305017,2021-02-28,124,76,78,0,1,1,1
JD_12305016,2021-02-28,17,14,9,0,0,0,0
JD_12305015,2021-02-28,5,3,5,0,0,0,0
JD_12305014,2021-02-28,112,82,53,0,1,0,1
JD_12305013,2021-02-28,9,6,7,0,0,0,0
JD_12305012,2021-02-28,164,140,35,0,0,0,0
JD_12305011,2021-02-28,11,8,11,0,0,0,0
JD_12305010,2021-02-28,80,71,22,0,0,0,0
JD_12305009,2021-02-28,148,99,122,0,0,2,0
JD_12305008,2021-02-28,500,384,228,3,3,0,3
JD_12305007,2021-02-28,388,292,201,3,0,0,1
JD_12305006,2021-02-28,77,57,58,1,0,0,0
JD_12305005,2021-02-28,280,198,169,1,1,0,0
JD_12305004,2021-02-28,12,11,3,0,0,0,0
JD_12305003,2021-02-28,2,2,1,0,0,0,0
JD_12305002,2021-02-28,7,5,3,0,0,0,0
JD_12305001,2021-02-28,5,4,2,0,0,0,0
JD_12305000,2021-02-28,73,59,20,1,0,2,0
JD_12304999,2021-02-28,85,63,35,0,0,1,1
JD_12304998,2021-02-28,4,3,2,0,0,0,0
JD_12304997,2021-02-28,631,490,431,2,0,0,1
JD_12304996,2021-02-28,69,58,25,0,0,0,0
JD_12304995,2021-02-28,511,394,167,2,1,0,0
JD_12304994,2021-02-28,28,25,19,0,0,0,0
