JD_11350289,2021-02-28,1,0,0,1,0,0,0
JD_11350288,2021-02-28,4,0,3,1,0,0,0
JD_11350287,2021-02-28,119,81,71,1,0,0,0
JD_11350286,2021-02-28,16,5,13,1,0,0,0
JD_11350285,2021-02-28,25,12,17,0,0,0,0
JD_11350284,2021-02-28,75,61,56,2,0,0,0
JD_11350282,2021-02-28,438,158,431,3,4,1,0
JD_11350281,2021-02-28,16,11,14,1,0,0,0
JD_11350280,2021-02-28,23,14,15,0,0,0,0
JD_11350279,2021-02-28,30,0,30,0,0,0,0
JD_11350278,2021-02-28,14,4,12,0,0,0,0
JD_11350277,2021-02-28,28,0,28,0,0,0,0
JD_11350276,2021-02-28,3,0,3,0,0,0,0
JD_11350275,2021-02-28,0,0,0,0,0,0,0
JD_11350273,2021-02-28,0,0,0,0,0,0,0
JD_11350271,2021-02-28,521,18,506,10,2,0,0
JD_11350270,2021-02-28,361,61,350,7,4,0,0
JD_11350268,2021-02-28,0,0,0,0,0,0,0
JD_11350267,2021-02-28,52,3,51,0,0,0,0
JD_11350266,2021-02-28,100,30,91,2,0,0,0
JD_11350263,2021-02-28,0,0,0,0,0,0,0
JD_11350262,2021-02-28,0,0,0,0,0,0,0
JD_11350261,2021-02-28,3,1,2,1,0,0,0
JD_11350259,2021-02-28,413,142,397,4,1,0,1
JD_11350258,2021-02-28,0,0,0,0,0,0,0
JD_11350257,2021-02-28,0,0,0,0,0,0,0
JD_11350256,2021-02-28,2,1,1,0,0,0,0
JD_11350254,2021-02-28,1,1,1,0,0,0,0
JD_11350253,2021-02-28,0,0,0,0,0,0,0
JD_11350251,2021-02-28,0,0,0,0,0,0,0
JD_11350250,2021-02-28,1,1,0,0,0,0,0
JD_11350246,2021-02-28,1,1,1,0,0,0,0
JD_11350245,2021-02-28,4,1,4,0,0,0,0
JD_11350244,2021-02-28,7,3,6,0,0,0,0
JD_11350243,2021-02-28,3,2,3,0,0,0,0
JD_11350242,2021-02-28,9,2,9,0,0,0,0
JD_11350241,2021-02-28,17,6,17,0,0,0,0
JD_11350240,2021-02-28,9,4,8,0,0,0,0
JD_11350237,2021-02-28,11,4,11,0,0,0,0
JD_11350236,2021-02-28,14,3,13,0,0,0,0
JD_11350235,2021-02-28,15,5,15,0,0,0,0
JD_11350233,2021-02-28,106,0,100,3,3,0,0
JD_11350232,2021-02-28,4,2,2,0,0,0,0
JD_11350231,2021-02-28,675,307,656,8,3,1,0
JD_11350230,2021-02-28,473,190,278,2,3,0,0
JD_11350225,2021-02-28,0,0,0,0,0,0,0
JD_11350215,2021-02-28,11,5,8,0,0,0,0
JD_11350213,2021-02-28,20,11,9,0,0,0,0
JD_11350209,2021-02-28,2,0,1,1,0,0,0
JD_11350208,2021-02-28,495,4,478,13,4,0,0
JD_11350205,2021-02-28,1,0,1,0,0,0,0
JD_11350202,2021-02-28,4,4,3,0,0,0,0
JD_11350201,2021-02-28,48,29,40,1,0,0,0
JD_11350200,2021-02-28,321,103,319,0,0,0,4
JD_11350199,2021-02-28,21,18,10,0,0,0,0
JD_11350198,2021-02-28,7,4,3,0,0,0,0
JD_11350197,2021-02-28,927,551,657,1,2,1,0
JD_11350196,2021-02-28,608,336,473,3,2,0,2
JD_11350195,2021-02-28,14,2,13,1,0,0,0
JD_11350194,2021-02-28,54,23,54,0,0,0,0
JD_11350193,2021-02-28,0,0,0,0,0,0,0
JD_11350192,2021-02-28,1,1,1,0,0,0,0
JD_11350191,2021-02-28,18,13,7,0,0,0,0
JD_11350189,2021-02-28,68,13,67,0,0,0,0
JD_11350187,2021-02-28,38,33,15,0,0,0,0
JD_11350186,2021-02-28,11,8,10,0,0,0,0
JD_11350185,2021-02-28,2,2,0,0,0,0,0
JD_11350184,2021-02-28,6,5,6,0,0,0,0
JD_11350183,2021-02-28,2,1,2,0,0,0,0
JD_11350182,2021-02-28,8,3,8,0,0,0,0
