JD_11352749,2021-02-28,17,2,14,2,0,0,0
JD_11352748,2021-02-28,0,0,0,0,0,0,0
JD_11352747,2021-02-28,54,29,51,1,0,0,1
JD_11352746,2021-02-28,1,0,1,0,0,0,0
JD_11352745,2021-02-28,251,179,133,2,1,0,0
JD_11352739,2021-02-28,75,53,43,0,0,0,0
JD_11352738,2021-02-28,160,102,111,2,1,0,0
JD_11352737,2021-02-28,823,588,418,7,2,0,1
JD_11352736,2021-02-28,185,131,116,0,1,0,0
JD_11352734,2021-02-28,610,0,588,16,6,0,0
JD_11352733,2021-02-28,5,5,3,0,0,0,0
JD_11352732,2021-02-28,19,0,19,0,0,0,0
JD_11352730,2021-02-28,5,1,5,0,0,0,0
JD_11352729,2021-02-28,65,46,42,0,1,0,0
JD_11352728,2021-02-28,105,33,95,4,1,0,1
JD_11352727,2021-02-28,350,1,323,21,6,0,0
JD_11352725,2021-02-28,400,212,296,1,1,0,1
JD_11352724,2021-02-28,579,204,439,6,4,0,0
JD_11352723,2021-02-28,259,114,211,1,1,0,2
JD_11352722,2021-02-28,328,162,255,0,0,0,1
JD_11352721,2021-02-28,490,0,476,9,5,0,0
JD_11352720,2021-02-28,686,0,662,19,5,0,0
JD_11352719,2021-02-28,2226,0,2147,68,11,0,0
JD_11352718,2021-02-28,334,7,325,7,2,0,0
JD_11352717,2021-02-28,936,7,915,17,4,0,0
JD_11352714,2021-02-28,201,20,196,5,0,0,0
JD_11352713,2021-02-28,984,3,954,24,6,0,1
JD_11352711,2021-02-28,1,0,1,0,0,0,0
JD_11352707,2021-02-28,47,29,38,1,0,0,0
JD_11352706,2021-02-28,5,3,5,0,0,0,0
JD_11352704,2021-02-28,0,0,0,0,0,0,0
JD_11352702,2021-02-28,14,11,8,0,0,0,0
JD_11352700,2021-02-28,7,4,3,1,0,0,0
JD_11352698,2021-02-28,40,19,34,0,0,0,0
JD_11352694,2021-02-28,11,5,11,0,0,0,0
JD_11352693,2021-02-28,99,78,37,0,0,0,0
JD_11352692,2021-02-28,4,1,3,0,0,0,0
JD_11352691,2021-02-28,2,0,2,0,0,0,0
JD_11352690,2021-02-28,21,3,19,1,1,0,0
JD_11352689,2021-02-28,66,4,64,2,0,0,0
JD_11352688,2021-02-28,19,10,16,0,0,0,0
JD_11352686,2021-02-28,9,3,6,2,0,0,0
JD_11352685,2021-02-28,81,30,70,0,0,0,0
JD_11352684,2021-02-28,226,129,171,3,2,0,1
JD_11352683,2021-02-28,71,42,46,2,1,0,0
JD_11352681,2021-02-28,6,4,6,0,0,0,0
JD_11352680,2021-02-28,3,2,3,0,0,0,0
JD_11352679,2021-02-28,38,21,25,0,0,0,1
JD_11352678,2021-02-28,71,47,42,1,2,0,0
JD_11352677,2021-02-28,6,2,4,0,0,0,0
JD_11352676,2021-02-28,5,3,5,0,0,0,0
JD_11352674,2021-02-28,6,1,6,0,0,0,0
JD_11352672,2021-02-28,2,2,1,0,0,0,0
JD_11352671,2021-02-28,417,335,206,3,1,0,1
JD_11352670,2021-02-28,1942,274,1888,31,23,0,2
JD_11352669,2021-02-28,14,9,8,0,0,0,0
JD_11352668,2021-02-28,272,170,160,0,1,0,3
JD_11352666,2021-02-28,24,16,13,0,0,0,0
JD_11352665,2021-02-28,2,1,2,0,0,0,0
JD_11352664,2021-02-28,4,0,4,0,0,0,0
JD_11352662,2021-02-28,214,169,82,0,0,0,0
JD_11352659,2021-02-28,14,4,14,0,0,1,0
JD_11352658,2021-02-28,5,2,4,0,0,0,0
JD_11352657,2021-02-28,0,0,0,0,0,0,0
JD_11352656,2021-02-28,5,5,2,0,0,0,0
JD_11352655,2021-02-28,36,4,33,0,0,0,0
JD_11352654,2021-02-28,11,0,11,0,0,0,0
JD_11352652,2021-02-28,134,11,126,2,3,0,0
JD_11352651,2021-02-28,173,95,172,0,0,0,2
JD_11352649,2021-02-28,26,7,25,0,0,0,0
