JD_11874655,2021-02-28,1,1,1,0,0,0,0
JD_11874654,2021-02-28,35,30,8,1,0,0,0
JD_11874653,2021-02-28,8,3,7,0,0,0,0
JD_11874652,2021-02-28,495,358,245,2,0,1,2
JD_11874651,2021-02-28,9,5,7,0,0,0,1
JD_11874650,2021-02-28,41,30,26,0,1,1,0
JD_11874649,2021-02-28,0,0,0,0,0,0,0
JD_11874648,2021-02-28,0,0,0,0,0,0,0
JD_11874647,2021-02-28,29,8,26,0,2,0,0
JD_11874646,2021-02-28,3582,2803,2375,15,5,1,6
JD_11874645,2021-02-28,86,22,71,2,1,0,0
JD_11874644,2021-02-28,42,28,31,0,1,0,0
JD_11874643,2021-02-28,1,1,0,0,0,0,0
JD_11874642,2021-02-28,13,9,8,0,0,0,0
JD_11874641,2021-02-28,24,14,17,0,0,0,0
JD_11874640,2021-02-28,66,45,40,0,0,0,0
JD_11874638,2021-02-28,3572,2946,1736,12,7,1,13
JD_11874637,2021-02-28,6,5,1,0,0,0,0
JD_11874636,2021-02-28,365,259,286,2,1,0,1
JD_11874635,2021-02-28,26,19,11,0,0,0,0
JD_11874634,2021-02-28,67,58,27,0,1,0,0
JD_11874633,2021-02-28,3,1,2,0,0,0,0
JD_11874632,2021-02-28,22,9,20,1,0,0,0
JD_11874631,2021-02-28,119,84,70,1,1,0,0
JD_11874629,2021-02-28,123,99,56,1,0,0,0
JD_11874626,2021-02-28,3,2,3,0,0,0,0
JD_11874625,2021-02-28,22,10,19,1,0,0,0
JD_11874624,2021-02-28,119,93,67,0,0,0,0
JD_11874623,2021-02-28,28,20,12,0,0,0,0
JD_11874622,2021-02-28,0,0,0,0,0,0,0
JD_11874621,2021-02-28,37,25,35,0,0,0,0
JD_11874620,2021-02-28,53,39,24,0,0,0,0
JD_11874619,2021-02-28,415,321,223,5,0,0,1
JD_11874618,2021-02-28,27,18,15,0,0,0,0
JD_11874617,2021-02-28,79,57,49,1,0,0,0
JD_11874616,2021-02-28,1846,1391,1157,11,3,1,2
JD_11874614,2021-02-28,12,8,5,0,0,0,0
JD_11874613,2021-02-28,185,124,97,0,1,0,0
JD_11874612,2021-02-28,3,1,2,0,0,0,0
JD_11874611,2021-02-28,75,1,74,1,0,0,0
JD_11874610,2021-02-28,0,0,0,0,0,0,0
JD_11874608,2021-02-28,9,8,7,0,0,0,0
JD_11874607,2021-02-28,10,0,10,0,0,0,0
JD_11874606,2021-02-28,0,0,0,0,0,0,0
JD_11874604,2021-02-28,9,8,5,0,0,0,0
JD_11874602,2021-02-28,4,3,3,0,0,0,0
JD_11874511,2021-02-28,14,9,7,0,1,0,1
JD_11874510,2021-02-28,18,12,10,0,0,0,0
JD_11874509,2021-02-28,78,68,36,0,0,0,0
JD_11874508,2021-02-28,5,2,4,0,0,0,0
JD_11874507,2021-02-28,1574,977,1086,7,1,1,2
JD_11874506,2021-02-28,0,0,0,0,0,0,0
JD_11874505,2021-02-28,0,0,0,0,0,0,0
JD_11874504,2021-02-28,0,0,0,0,0,0,0
JD_11874503,2021-02-28,6,3,6,0,0,0,0
JD_11874502,2021-02-28,0,0,0,0,0,0,0
JD_11874501,2021-02-28,16,12,7,0,0,0,0
JD_11874499,2021-02-28,6,2,5,0,0,0,0
JD_11874497,2021-02-28,15,10,7,0,0,0,0
JD_11874495,2021-02-28,9,7,5,0,0,0,0
JD_11874493,2021-02-28,6,5,2,0,0,0,0
JD_11874491,2021-02-28,2,1,2,0,0,0,0
JD_11874489,2021-02-28,58,50,23,0,0,0,0
JD_11874487,2021-02-28,0,0,0,0,0,0,0
JD_11874485,2021-02-28,167,118,90,0,0,0,0
JD_11874483,2021-02-28,519,297,375,0,0,1,2
JD_11874481,2021-02-28,9,6,5,0,0,0,0
JD_11874479,2021-02-28,31,14,23,0,1,1,1
JD_11874477,2021-02-28,523,126,483,1,0,1,2
JD_11874476,2021-02-28,0,0,0,0,0,0,0
