JD_12590830,2021-02-28,405,341,64,0,0,0,0
JD_12590829,2021-02-28,187,128,59,0,0,1,0
JD_12590828,2021-02-28,3738,3159,577,1,1,0,1
JD_12590827,2021-02-28,161,96,65,0,0,0,1
JD_12590826,2021-02-28,101,71,30,0,0,0,1
JD_12590825,2021-02-28,112,77,35,0,0,0,1
JD_12590824,2021-02-28,3753,3092,660,0,1,4,8
JD_12590823,2021-02-28,6454,5453,992,7,2,6,7
JD_12590822,2021-02-28,2,1,0,1,0,0,0
JD_12590821,2021-02-28,36,32,4,0,0,0,0
JD_12590820,2021-02-28,538,428,110,0,0,0,1
JD_12590819,2021-02-28,90,75,15,0,0,0,0
JD_12590818,2021-02-28,1093,899,191,1,2,2,5
JD_12590817,2021-02-28,15,10,5,0,0,0,0
JD_12590816,2021-02-28,23,21,2,0,0,0,0
JD_12590815,2021-02-28,35,32,3,0,0,0,0
JD_12590814,2021-02-28,76,60,15,0,1,0,0
JD_12590813,2021-02-28,22,20,2,0,0,0,0
JD_12590812,2021-02-28,155,123,31,0,1,0,0
JD_12590810,2021-02-28,21,13,8,0,0,0,0
JD_12590809,2021-02-28,29,22,7,0,0,0,0
JD_12590807,2021-02-28,21,18,3,0,0,0,0
JD_12590805,2021-02-28,15,15,0,0,0,0,0
JD_12590804,2021-02-28,231,198,33,0,0,0,0
JD_12590803,2021-02-28,11,10,1,0,0,0,0
JD_12590802,2021-02-28,6,5,1,0,0,0,0
JD_12590801,2021-02-28,7,6,1,0,0,0,0
JD_12590800,2021-02-28,0,0,0,0,0,0,0
JD_12590799,2021-02-28,3,3,0,0,0,0,0
JD_12590798,2021-02-28,1737,1322,410,3,2,3,4
JD_12590797,2021-02-28,1,0,1,0,0,0,0
JD_12590796,2021-02-28,49,44,5,0,0,1,0
JD_12590795,2021-02-28,3,3,0,0,0,0,0
JD_12590794,2021-02-28,1020,835,184,1,0,1,3
JD_12590793,2021-02-28,3,3,0,0,0,0,0
JD_12590792,2021-02-28,15,14,1,0,0,0,0
JD_12590791,2021-02-28,8,5,3,0,0,0,0
JD_12590790,2021-02-28,30,27,3,0,0,0,0
JD_12590789,2021-02-28,39,32,7,0,0,0,0
JD_12590788,2021-02-28,64,55,9,0,0,0,0
JD_12590787,2021-02-28,5,5,0,0,0,0,0
JD_12590786,2021-02-28,3,1,2,0,0,0,0
JD_12590785,2021-02-28,120,102,18,0,0,0,0
JD_12590784,2021-02-28,21,20,1,0,0,0,0
JD_12590783,2021-02-28,1180,960,220,0,0,1,3
JD_12586634,2021-02-28,0,0,0,0,0,0,0
JD_12586633,2021-02-28,5,5,0,0,0,0,0
JD_12586632,2021-02-28,17,9,8,0,0,0,0
JD_12586631,2021-02-28,21,18,3,0,0,0,0
JD_12586629,2021-02-28,24,23,1,0,0,0,0
JD_12586628,2021-02-28,13,13,0,0,0,0,0
JD_12586627,2021-02-28,1,1,0,0,0,0,0
JD_12586626,2021-02-28,1,0,1,0,0,0,0
JD_12586625,2021-02-28,1,1,0,0,0,0,0
JD_12586624,2021-02-28,1,1,0,0,0,0,0
JD_12586623,2021-02-28,18,17,1,0,0,0,0
JD_12586622,2021-02-28,3,3,0,0,0,0,0
JD_12586621,2021-02-28,70,64,6,0,0,0,0
JD_12586620,2021-02-28,31,22,9,0,0,0,0
JD_12586619,2021-02-28,180,158,22,0,0,0,0
JD_12586618,2021-02-28,3,3,0,0,0,0,0
JD_12586617,2021-02-28,137,121,16,0,0,0,0
JD_12586616,2021-02-28,3,2,1,0,0,0,0
JD_12586615,2021-02-28,152,129,23,0,0,0,1
JD_12586614,2021-02-28,61,48,13,0,0,1,0
JD_12586613,2021-02-28,6,6,0,0,0,0,0
JD_12586612,2021-02-28,3,3,0,0,0,0,0
JD_12586611,2021-02-28,6,5,1,0,0,0,0
JD_12586610,2021-02-28,80,71,9,0,0,0,1
JD_12586609,2021-02-28,496,447,49,0,0,0,1
