JD_11539324,2021-02-28,1,0,1,0,0,0,0
JD_11539322,2021-02-28,1,0,1,0,0,0,0
JD_11539321,2021-02-28,10,10,9,0,0,0,0
JD_11539320,2021-02-28,8,5,7,0,0,0,0
JD_11539319,2021-02-28,0,0,0,0,0,0,0
JD_11539318,2021-02-28,9,0,9,0,0,0,0
JD_11539317,2021-02-28,11,6,8,0,0,0,0
JD_11539316,2021-02-28,5,2,4,1,0,0,0
JD_11539315,2021-02-28,1,1,0,0,0,0,0
JD_11539314,2021-02-28,5,4,3,0,0,0,0
JD_11539313,2021-02-28,3,2,3,0,0,0,0
JD_11539310,2021-02-28,96,72,64,0,0,0,0
JD_11539309,2021-02-28,1,1,1,0,0,0,0
JD_11539308,2021-02-28,15,12,15,0,0,0,0
JD_11539307,2021-02-28,17,4,16,1,0,0,0
JD_11539306,2021-02-28,0,0,0,0,0,0,0
JD_11539305,2021-02-28,6,3,6,0,0,0,0
JD_11539304,2021-02-28,15,14,7,0,0,0,0
JD_11539303,2021-02-28,4,3,0,1,0,0,0
JD_11539302,2021-02-28,2,1,1,0,0,0,0
JD_11539301,2021-02-28,2,2,2,0,0,0,0
JD_11539300,2021-02-28,7,7,3,0,0,0,0
JD_11539299,2021-02-28,2,1,1,0,0,0,0
JD_11539298,2021-02-28,0,0,0,0,0,0,0
JD_11539297,2021-02-28,24,15,13,0,0,0,0
JD_11539296,2021-02-28,2,0,2,0,0,0,0
JD_11539295,2021-02-28,3,3,3,0,0,0,0
JD_11539293,2021-02-28,23,15,19,0,0,0,0
JD_11539289,2021-02-28,41,9,40,0,0,0,2
JD_11539288,2021-02-28,817,587,687,3,2,2,1
JD_11539287,2021-02-28,0,0,0,0,0,0,0
JD_11539286,2021-02-28,4,3,1,0,0,0,0
JD_11539283,2021-02-28,3,1,3,0,0,0,0
JD_11539282,2021-02-28,6,5,5,0,0,0,0
JD_11539281,2021-02-28,19,16,4,0,0,0,0
JD_11539280,2021-02-28,48,36,19,0,0,0,0
JD_11539277,2021-02-28,0,0,0,0,0,0,0
JD_11539275,2021-02-28,0,0,0,0,0,0,0
JD_11539273,2021-02-28,2,1,1,0,0,0,0
JD_11539272,2021-02-28,5,4,3,0,0,0,0
JD_11539267,2021-02-28,6,3,4,0,0,0,0
JD_11539265,2021-02-28,5,4,4,0,0,0,0
JD_11539263,2021-02-28,1,0,1,0,0,0,0
JD_11539258,2021-02-28,1,1,1,0,0,0,0
JD_11539257,2021-02-28,0,0,0,0,0,0,0
JD_11539256,2021-02-28,2,2,2,0,0,0,0
JD_11539254,2021-02-28,2,1,2,0,0,0,0
JD_11539253,2021-02-28,4,3,2,0,0,0,0
JD_11539250,2021-02-28,2,1,2,0,0,0,0
JD_11539249,2021-02-28,2,1,1,0,1,0,0
JD_11539246,2021-02-28,0,0,0,0,0,0,0
JD_11539245,2021-02-28,3,2,2,0,0,0,0
JD_11539244,2021-02-28,18,15,16,0,0,0,0
JD_11539243,2021-02-28,15,9,15,0,0,0,0
JD_11539241,2021-02-28,17,4,17,0,0,0,0
JD_11539239,2021-02-28,24,11,16,0,0,0,0
JD_11539238,2021-02-28,8,3,8,0,0,0,0
JD_11539237,2021-02-28,0,0,0,0,0,0,0
JD_11539236,2021-02-28,1,0,1,0,0,0,0
JD_11539235,2021-02-28,0,0,0,0,0,0,0
JD_11539234,2021-02-28,0,0,0,0,0,0,0
JD_11539233,2021-02-28,0,0,0,0,0,0,0
JD_11539232,2021-02-28,5,3,5,0,0,0,0
JD_11539231,2021-02-28,3,2,2,0,0,0,0
JD_11539230,2021-02-28,9,5,9,0,0,0,0
JD_11539228,2021-02-28,0,0,0,0,0,0,0
JD_11539227,2021-02-28,7,5,2,0,0,0,0
JD_11539226,2021-02-28,65,40,35,3,1,0,0
JD_11539225,2021-02-28,11,1,9,2,0,0,0
JD_11539224,2021-02-28,11,1,10,1,0,0,0
