JD_11594743,2021-02-28,110,0,108,2,0,0,0
JD_11594742,2021-02-28,3,2,2,0,0,0,0
JD_11594741,2021-02-28,35,12,23,1,0,0,0
JD_11594740,2021-02-28,12,11,1,0,0,0,0
JD_11594739,2021-02-28,0,0,0,0,0,0,0
JD_11594738,2021-02-28,140,48,134,0,0,0,0
JD_11594737,2021-02-28,557,315,555,1,1,0,0
JD_11594736,2021-02-28,2,2,1,0,0,0,0
JD_11594734,2021-02-28,1,1,0,0,0,0,0
JD_11594733,2021-02-28,8,3,8,0,0,0,0
JD_11594732,2021-02-28,15,0,15,0,0,0,1
JD_11594729,2021-02-28,120,0,115,1,4,0,0
JD_11594728,2021-02-28,0,0,0,0,0,0,0
JD_11594727,2021-02-28,18,2,18,0,0,0,1
JD_11594722,2021-02-28,785,41,759,15,2,0,0
JD_11594721,2021-02-28,4691,1274,4623,36,12,0,8
JD_11594719,2021-02-28,92,38,85,1,5,0,0
JD_11594712,2021-02-28,1727,472,1635,16,7,0,6
JD_11594711,2021-02-28,959,112,924,16,3,0,1
JD_11594692,2021-02-28,3,1,2,0,0,0,0
JD_11594690,2021-02-28,8,4,5,0,0,0,0
JD_11594685,2021-02-28,14,11,7,0,0,0,0
JD_11594684,2021-02-28,0,0,0,0,0,0,0
JD_11594683,2021-02-28,0,0,0,0,0,0,0
JD_11594681,2021-02-28,1,1,1,0,0,0,0
JD_11594680,2021-02-28,23,19,21,0,0,0,0
JD_11594678,2021-02-28,3,2,2,0,0,0,0
JD_11594677,2021-02-28,0,0,0,0,0,0,0
JD_11594676,2021-02-28,2,2,2,0,0,0,0
JD_11594675,2021-02-28,0,0,0,0,0,0,0
JD_11594674,2021-02-28,4,3,2,0,0,0,0
JD_11594673,2021-02-28,8,4,8,0,0,0,0
JD_11594672,2021-02-28,14,9,7,0,1,0,0
JD_11594671,2021-02-28,12,10,9,0,0,0,0
JD_11594669,2021-02-28,1,0,1,0,0,0,0
JD_11594667,2021-02-28,7,5,3,0,0,0,0
JD_11594666,2021-02-28,0,0,0,0,0,0,0
JD_11594663,2021-02-28,1,1,1,0,0,0,0
JD_11594662,2021-02-28,2,2,1,0,0,0,0
JD_11594661,2021-02-28,0,0,0,0,0,0,0
JD_11594320,2021-02-28,4,0,3,1,0,0,0
JD_11594319,2021-02-28,0,0,0,0,0,0,0
JD_11594317,2021-02-28,0,0,0,0,0,0,0
JD_11594314,2021-02-28,18,16,9,0,0,0,0
JD_11594313,2021-02-28,0,0,0,0,0,0,0
JD_11594312,2021-02-28,0,0,0,0,0,0,0
JD_11594309,2021-02-28,3,1,3,0,0,0,0
JD_11594308,2021-02-28,1,1,0,0,0,0,0
JD_11594307,2021-02-28,1,1,0,0,0,0,0
JD_11594305,2021-02-28,17,7,11,0,0,0,0
JD_11594304,2021-02-28,3,3,0,0,0,0,0
JD_11594303,2021-02-28,6,2,4,0,1,0,0
JD_11594302,2021-02-28,30,11,27,0,0,0,0
JD_11594300,2021-02-28,332,259,124,0,0,0,0
JD_11594299,2021-02-28,15,2,14,0,0,0,0
JD_11594298,2021-02-28,9,6,6,0,1,0,0
JD_11594297,2021-02-28,1,0,1,0,0,0,0
JD_11594296,2021-02-28,6,1,5,0,0,0,0
JD_11594295,2021-02-28,0,0,0,0,0,0,0
JD_11594294,2021-02-28,103,60,62,2,0,0,0
JD_11594293,2021-02-28,1,1,1,0,0,0,0
JD_11594290,2021-02-28,0,0,0,0,0,0,0
JD_11594285,2021-02-28,3,2,1,0,0,0,0
JD_11594284,2021-02-28,1,1,0,0,0,0,0
JD_11594282,2021-02-28,56,21,52,0,0,0,0
JD_11594281,2021-02-28,2,2,1,0,0,0,0
JD_11594280,2021-02-28,2,1,2,0,0,0,0
JD_11594278,2021-02-28,8,4,4,0,0,0,0
JD_11594277,2021-02-28,6,5,1,0,0,0,0
JD_11594275,2021-02-28,0,0,0,0,0,0,0
