JD_11418134,2021-02-28,239,104,214,2,1,0,1
JD_11418133,2021-02-28,1,1,0,0,0,0,0
JD_11418132,2021-02-28,14,10,10,0,0,0,0
JD_11418130,2021-02-28,2,1,2,0,0,0,0
JD_11418128,2021-02-28,1,1,0,0,0,0,0
JD_11418127,2021-02-28,9,7,4,0,0,0,0
JD_11418126,2021-02-28,5,0,5,0,0,0,0
JD_11418124,2021-02-28,2,2,1,0,0,0,0
JD_11418122,2021-02-28,26,10,25,1,0,0,0
JD_11418121,2021-02-28,0,0,0,0,0,0,0
JD_11418119,2021-02-28,12,7,11,0,0,0,0
JD_11418118,2021-02-28,2,2,2,0,0,0,0
JD_11418117,2021-02-28,10,0,9,1,0,0,0
JD_11418116,2021-02-28,6,5,1,0,0,0,0
JD_11418115,2021-02-28,678,404,442,5,4,0,3
JD_11418114,2021-02-28,5,3,5,0,0,0,0
JD_11418113,2021-02-28,27,3,24,0,1,0,0
JD_11418112,2021-02-28,2116,1376,1162,12,3,0,8
JD_11418111,2021-02-28,382,280,238,1,3,1,1
JD_11418110,2021-02-28,78,17,76,1,0,0,0
JD_11418109,2021-02-28,405,265,274,2,3,1,1
JD_11418108,2021-02-28,10,3,8,0,1,0,0
JD_11418107,2021-02-28,8,3,6,0,0,0,0
JD_11418106,2021-02-28,248,174,157,1,0,0,1
JD_11418105,2021-02-28,29,11,27,0,0,0,0
JD_11418104,2021-02-28,9,2,8,0,0,0,0
JD_11418103,2021-02-28,432,117,412,16,3,0,2
JD_11418102,2021-02-28,44,15,43,0,0,0,0
JD_11418101,2021-02-28,0,0,0,0,0,0,0
JD_11418099,2021-02-28,21,6,18,0,0,0,0
JD_11418098,2021-02-28,1,1,1,0,0,0,0
JD_11418097,2021-02-28,30,18,25,0,0,0,0
JD_11418096,2021-02-28,1,1,0,0,0,0,0
JD_11418095,2021-02-28,105,61,100,2,0,0,0
JD_11418094,2021-02-28,28,19,20,0,1,0,0
JD_11418093,2021-02-28,2,0,2,0,0,0,0
JD_11418092,2021-02-28,3,3,3,0,0,0,0
JD_11418091,2021-02-28,3,2,3,0,0,0,0
JD_11418089,2021-02-28,0,0,0,0,0,0,0
JD_11418088,2021-02-28,18,12,11,0,0,0,0
JD_11418087,2021-02-28,12,5,12,0,0,0,0
JD_11418083,2021-02-28,5,3,4,0,0,0,0
JD_11418082,2021-02-28,0,0,0,0,0,0,0
JD_11418079,2021-02-28,10,3,7,1,0,0,0
JD_11418078,2021-02-28,5,2,5,0,0,0,0
JD_11418077,2021-02-28,9,5,8,0,0,0,0
JD_11418076,2021-02-28,206,85,146,3,2,0,0
JD_11418074,2021-02-28,135,75,89,0,0,2,0
JD_11418073,2021-02-28,2,0,2,0,0,0,0
JD_11418072,2021-02-28,20,16,9,0,0,0,0
JD_11418071,2021-02-28,1209,965,699,9,3,0,1
JD_11418070,2021-02-28,16,9,13,0,0,0,0
JD_11418069,2021-02-28,466,18,448,15,2,0,0
JD_11418068,2021-02-28,148,103,93,2,1,0,0
JD_11418067,2021-02-28,530,419,208,2,1,0,0
JD_11418066,2021-02-28,104,83,55,0,0,0,0
JD_11418063,2021-02-28,116,0,114,2,0,0,0
JD_11418059,2021-02-28,497,58,475,12,1,0,0
JD_11418058,2021-02-28,9,0,8,1,0,0,0
JD_11418057,2021-02-28,13,4,12,0,0,0,0
JD_11418054,2021-02-28,15,2,15,0,0,0,0
JD_11418053,2021-02-28,1918,1014,1225,4,2,0,7
JD_11418051,2021-02-28,3,2,2,0,0,0,0
JD_11418050,2021-02-28,24,11,18,0,0,0,0
JD_11418049,2021-02-28,4392,2782,2719,9,3,3,13
JD_11418048,2021-02-28,7461,5765,4313,26,2,6,10
JD_11418047,2021-02-28,154,33,141,3,1,0,0
JD_11418045,2021-02-28,35,28,12,0,0,0,0
JD_11418044,2021-02-28,148,99,113,3,0,0,0
JD_11418043,2021-02-28,26,17,18,0,0,0,0
